blk	trl	target	search	nitems	rot_offset	tpos_x	tpos_y	rt	button
4	1	0	0	12	1	0.00	0.00	27876	6
4	2	0	0	12	20	0.00	0.00	19798	6
4	3	0	0	12	7	0.00	0.00	16205	6
4	4	0	0	12	22	0.00	0.00	10625	6
4	5	0	0	8	36	0.00	0.00	7207	6
4	6	0	1	8	25	-130.23	-378.21	5713	7
4	7	0	0	4	12	0.00	0.00	9199	6
4	8	0	1	12	14	-103.53	386.37	5325	7
4	9	0	1	8	2	-20.93	399.45	3062	7
4	10	0	0	4	87	0.00	0.00	4725	6
4	11	0	0	8	29	0.00	0.00	10401	6
4	12	0	0	8	13	0.00	0.00	8084	6
4	13	0	0	8	23	0.00	0.00	9691	6
4	14	0	0	4	64	0.00	0.00	4100	6
4	15	0	0	12	19	0.00	0.00	13326	6
4	16	0	1	12	7	55.67	-396.11	6338	7
4	17	0	1	4	85	399.03	-27.90	2196	7
4	18	0	1	4	67	-149.84	-370.87	3130	7
4	19	0	1	12	3	-223.68	331.62	3732	7
4	20	0	1	12	8	373.43	-143.35	4879	7
4	21	0	1	12	8	62.57	-395.08	7476	7
4	22	0	1	4	1	-13.96	399.76	2026	7
4	23	0	0	8	5	0.00	0.00	6990	6
4	24	0	0	12	29	0.00	0.00	10621	6
4	25	0	1	8	20	-373.43	-143.35	6240	7
4	26	0	1	4	5	41.81	-397.81	2328	6
4	27	0	0	4	39	0.00	0.00	6452	6
4	28	0	1	12	8	-251.73	310.86	3227	7
4	29	0	0	4	72	0.00	0.00	2927	6
4	30	0	1	8	9	229.43	327.66	3737	7
4	31	0	0	4	9	0.00	0.00	3656	6
4	32	0	1	8	20	365.42	-162.69	4913	7
4	33	0	1	8	35	62.57	395.08	2781	7
4	34	0	1	8	40	-301.88	-262.42	5137	7
4	35	0	1	12	15	-287.74	277.86	2926	7
4	36	0	0	12	27	0.00	0.00	9709	6
4	37	0	1	12	28	206.02	342.87	4000	7
4	38	0	0	8	37	0.00	0.00	4618	6
4	39	0	1	8	29	103.53	386.37	4434	6
4	40	0	1	8	14	103.53	-386.37	4312	7
4	41	0	0	4	26	0.00	0.00	2505	6
4	42	0	1	8	31	-89.98	-389.75	4064	7
4	43	0	0	12	14	0.00	0.00	5708	6
4	44	0	1	4	81	396.11	-55.67	1903	7
4	45	0	0	12	21	0.00	0.00	10243	6
4	46	0	1	4	47	297.26	-267.65	3722	7
4	47	0	1	8	36	396.11	-55.67	3691	7
4	48	0	0	4	47	0.00	0.00	4387	6
4	49	0	0	12	24	0.00	0.00	14826	6
4	50	0	1	12	13	-287.74	-277.86	6598	7
4	51	0	0	8	44	0.00	0.00	14728	6
4	52	0	0	8	18	0.00	0.00	4919	6
4	53	0	0	4	38	0.00	0.00	2647	6
4	54	0	0	8	28	0.00	0.00	8228	6
4	55	0	0	4	40	0.00	0.00	10254	6
4	56	0	0	8	29	0.00	0.00	5752	6
4	57	0	0	4	83	0.00	0.00	2380	6
4	58	0	1	8	38	-310.86	-251.73	5438	7
4	59	0	0	12	11	0.00	0.00	10151	6
4	60	0	1	12	23	-235.11	-323.61	10337	7
4	61	0	1	8	37	-397.02	48.75	1522	7
4	62	0	0	12	1	0.00	0.00	12095	6
4	63	0	0	8	8	0.00	0.00	6140	6
4	64	0	0	4	7	0.00	0.00	2338	6
4	65	0	0	4	86	0.00	0.00	3789	6
4	66	0	1	8	38	-310.86	-251.73	5651	7
4	67	0	0	12	4	0.00	0.00	10234	6
4	68	0	0	4	55	0.00	0.00	2234	6
4	69	0	0	12	17	0.00	0.00	9437	6
4	70	0	1	4	54	229.43	327.66	3120	7
4	71	0	1	12	7	370.87	-149.84	4182	7
4	72	0	1	4	74	-103.53	-386.37	3492	7
4	73	0	1	4	44	282.84	-282.84	3207	7
4	74	0	1	12	22	397.02	-48.75	4358	7
4	75	0	0	12	16	0.00	0.00	14292	6
4	76	0	1	4	83	-41.81	-397.81	2336	7
4	77	0	0	8	40	0.00	0.00	8827	6
4	78	0	0	8	16	0.00	0.00	9337	6
4	79	0	0	8	12	0.00	0.00	12093	6
4	80	0	1	8	42	272.80	-292.54	4884	7
4	81	0	0	12	20	0.00	0.00	9116	6
4	82	0	0	12	22	0.00	0.00	10005	6
4	83	0	0	8	32	0.00	0.00	7955	6
4	84	0	0	12	29	0.00	0.00	6504	6
4	85	0	0	8	37	0.00	0.00	5407	6
4	86	0	0	8	16	0.00	0.00	4708	6
4	87	0	1	8	29	-346.41	-200.00	5474	6
4	88	0	1	4	87	-13.96	-399.76	2587	7
4	89	0	1	12	1	399.76	13.96	4087	7
4	90	0	0	8	27	0.00	0.00	7575	6
4	91	0	0	4	4	0.00	0.00	2237	6
4	92	0	0	4	64	0.00	0.00	2248	6
4	93	0	1	8	17	123.61	-380.42	6392	7
4	94	0	0	12	4	0.00	0.00	10839	6
4	95	0	1	12	17	-380.42	-123.61	7461	7
4	96	0	1	4	35	-323.61	-235.11	2507	7
4	97	0	0	4	79	0.00	0.00	3403	7
4	98	0	1	4	44	282.84	-282.84	4284	7
4	99	0	1	4	87	-399.76	13.96	3000	7
4	100	0	0	8	10	0.00	0.00	5513	6
4	101	0	1	4	72	-116.95	-382.52	4164	7
4	102	0	1	4	23	162.69	-365.42	2385	7
4	103	0	1	8	21	-156.29	-368.20	3291	6
4	104	0	1	8	17	-181.60	-356.40	5110	7
4	105	0	0	4	75	0.00	0.00	3740	6
4	106	0	1	12	14	282.84	282.84	3581	7
4	107	0	0	12	9	0.00	0.00	10841	6
4	108	0	1	12	22	368.20	156.29	3693	7
4	109	0	1	4	8	-62.57	395.08	1696	7
4	110	0	0	4	47	0.00	0.00	6877	6
4	111	0	1	12	18	262.42	301.88	3836	7
4	112	0	1	12	20	62.57	395.08	4728	7
4	113	0	1	12	18	-392.65	76.32	1586	7
4	114	0	1	4	7	-55.67	396.11	3452	7
4	115	0	0	8	34	0.00	0.00	5905	6
4	116	0	1	4	24	169.05	-362.52	2729	7
4	117	0	0	4	2	0.00	0.00	5940	6
4	118	0	1	12	20	143.35	-373.43	7343	7
4	119	0	1	4	48	301.88	-262.42	5231	7
4	120	0	1	8	6	246.26	315.20	3272	7
4	121	1	1	4	35	323.61	235.11	1894	7
4	122	1	0	8	39	0.00	0.00	3988	6
4	123	1	1	12	20	-373.43	-143.35	1471	7
4	124	1	0	12	22	0.00	0.00	4929	6
4	125	1	0	8	1	0.00	0.00	2576	6
4	126	1	1	12	4	229.43	-327.66	3019	7
4	127	1	1	12	18	-392.65	76.32	2103	7
4	128	1	1	8	31	211.97	-339.22	2060	7
4	129	1	0	12	29	0.00	0.00	5634	6
4	130	1	0	8	9	0.00	0.00	3715	6
4	131	1	1	8	39	-398.48	34.86	1260	7
4	132	1	0	4	61	0.00	0.00	1941	6
4	133	1	0	8	16	0.00	0.00	4056	6
4	134	1	1	12	24	34.86	398.48	2728	7
4	135	1	0	12	21	0.00	0.00	5084	6
4	136	1	0	8	4	0.00	0.00	4325	6
4	137	1	0	12	29	0.00	0.00	6303	6
4	138	1	0	4	50	0.00	0.00	2362	6
4	139	1	1	8	36	319.45	240.73	1756	7
4	140	1	1	4	3	27.90	-399.03	1785	7
4	141	1	0	4	18	0.00	0.00	2291	6
4	142	1	1	8	10	-76.32	392.65	2077	7
4	143	1	1	4	56	335.47	-217.86	1890	7
4	144	1	0	12	19	0.00	0.00	6212	6
4	145	1	0	8	27	0.00	0.00	3035	6
4	146	1	1	4	33	331.62	223.68	1179	7
4	147	1	0	8	11	0.00	0.00	5038	6
4	148	1	1	12	14	-386.37	103.53	1065	7
4	149	1	0	8	32	0.00	0.00	6349	6
4	150	1	1	12	6	-368.20	156.29	1303	7
4	151	1	1	12	25	-331.62	223.68	984	7
4	152	1	1	8	43	399.94	-6.98	1723	7
4	153	1	0	4	7	0.00	0.00	1391	6
4	154	1	1	8	3	301.88	-262.42	2111	7
4	155	1	1	4	34	327.66	229.43	1342	7
4	156	1	1	12	8	-143.35	-373.43	3560	7
4	157	1	1	4	68	-373.43	143.35	1940	7
4	158	1	1	4	79	69.46	393.92	9108	7
4	159	1	0	4	4	0.00	0.00	4303	6
4	160	1	1	12	4	-169.05	-362.52	3653	7
4	161	1	0	12	10	0.00	0.00	3926	6
4	162	1	0	8	23	0.00	0.00	3791	6
4	163	1	1	4	39	-257.12	306.42	1251	7
4	164	1	1	12	11	-267.65	297.26	2535	7
4	165	1	0	8	12	0.00	0.00	4496	6
4	166	1	1	8	11	-335.47	217.86	1314	7
4	167	1	0	12	13	0.00	0.00	4348	6
4	168	1	1	12	23	-365.42	-162.69	3876	7
4	169	1	0	12	16	0.00	0.00	4922	6
4	170	1	1	4	83	41.81	397.81	1016	7
4	171	1	0	12	0	0.00	0.00	5333	6
4	172	1	1	8	44	-282.84	-282.84	2876	7
4	173	1	1	4	86	399.45	-20.93	1580	7
4	174	1	1	4	58	206.02	342.87	1141	7
4	175	1	0	8	22	0.00	0.00	3028	6
4	176	1	1	8	33	-223.68	331.62	3670	7
4	177	1	0	4	63	0.00	0.00	1586	6
4	178	1	1	8	3	262.42	301.88	2347	7
4	179	1	1	8	44	282.84	-282.84	2132	7
4	180	1	1	4	63	175.35	359.52	1164	7
4	181	1	1	12	10	76.32	-392.65	2938	7
4	182	1	0	4	50	0.00	0.00	1564	6
4	183	1	1	8	28	-384.50	110.25	969	7
4	184	1	0	8	22	0.00	0.00	3408	6
4	185	1	1	12	9	-69.46	393.92	1252	7
4	186	1	0	12	10	0.00	0.00	5121	6
4	187	1	1	12	17	267.65	297.26	7805	7
4	188	1	0	8	20	0.00	0.00	3652	6
4	189	1	0	8	30	0.00	0.00	6293	6
4	190	1	0	12	25	0.00	0.00	7049	6
4	191	1	0	12	25	0.00	0.00	9400	6
4	192	1	0	4	6	0.00	0.00	2469	6
4	193	1	1	8	34	-69.46	-393.92	3464	7
4	194	1	0	8	2	0.00	0.00	2608	6
4	195	1	1	4	5	-41.81	397.81	1137	7
4	196	1	0	12	13	0.00	0.00	3759	6
4	197	1	0	4	6	0.00	0.00	1260	6
4	198	1	0	12	23	0.00	0.00	4670	6
4	199	1	0	4	42	0.00	0.00	1724	6
4	200	1	0	12	26	0.00	0.00	5079	6
4	201	1	0	12	15	0.00	0.00	5042	6
4	202	1	1	12	26	181.60	-356.40	3186	7
4	203	1	1	4	21	370.87	149.84	2069	7
4	204	1	0	12	11	0.00	0.00	3530	6
4	205	1	0	12	9	0.00	0.00	4217	6
4	206	1	1	4	18	-378.21	-130.23	1572	7
4	207	1	1	4	32	-335.47	-217.86	1603	7
4	208	1	0	4	85	0.00	0.00	1854	6
4	209	1	0	8	42	0.00	0.00	2237	6
4	210	1	0	8	13	0.00	0.00	2725	6
4	211	1	0	4	44	0.00	0.00	1777	6
4	212	1	0	4	68	0.00	0.00	2010	6
4	213	1	0	12	23	0.00	0.00	6303	6
4	214	1	1	12	0	-399.94	-6.98	1438	7
4	215	1	0	8	6	0.00	0.00	2566	6
4	216	1	1	12	15	-277.86	-287.74	3589	7
4	217	1	0	4	33	0.00	0.00	1798	6
4	218	1	0	4	75	0.00	0.00	1717	6
4	219	1	1	8	0	6.98	-399.94	2352	7
4	220	1	1	12	13	-277.86	287.74	1883	7
4	221	1	1	8	18	-359.52	175.35	1142	7
4	222	1	1	8	37	-48.75	-397.02	2313	7
4	223	1	0	8	28	0.00	0.00	3764	6
4	224	1	0	4	11	0.00	0.00	1506	6
4	225	1	1	4	48	-262.42	-301.88	1735	7
4	226	1	1	4	2	-399.45	-20.93	1474	7
4	227	1	1	4	70	130.23	378.21	1333	7
4	228	1	1	8	13	206.02	342.87	2090	7
4	229	1	0	4	22	0.00	0.00	2004	6
4	230	1	1	12	1	339.22	211.97	1773	7
4	231	1	1	4	19	136.81	-375.88	1607	7
4	232	1	0	4	70	0.00	0.00	1806	6
4	233	1	0	12	14	0.00	0.00	4981	6
4	234	1	0	4	47	0.00	0.00	2730	6
4	235	1	1	8	44	-282.84	282.84	1003	7
4	236	1	1	12	17	-267.65	-297.26	3091	7
4	237	1	0	4	89	0.00	0.00	1350	6
4	238	1	1	8	7	55.67	-396.11	2143	7
4	239	1	1	8	34	-327.66	-229.43	1327	7
4	240	1	0	8	33	0.00	0.00	4588	6
4	241	3	1	8	21	370.87	149.84	968	7
4	242	3	1	12	7	149.84	370.87	907	7
4	243	3	0	4	37	0.00	0.00	1764	6
4	244	3	1	4	59	-346.41	200.00	923	7
4	245	3	1	12	16	-292.54	272.80	1021	7
4	246	3	0	12	24	0.00	0.00	2864	6
4	247	3	1	4	69	375.88	-136.81	925	7
4	248	3	0	8	41	0.00	0.00	2310	6
4	249	3	1	8	1	292.54	-272.80	810	7
4	250	3	0	8	35	0.00	0.00	1781	6
4	251	3	0	8	10	0.00	0.00	1031	6
4	252	3	0	4	81	0.00	0.00	833	6
4	253	3	1	4	69	375.88	-136.81	937	7
4	254	3	1	12	13	287.74	277.86	1118	7
4	255	3	1	12	10	-76.32	392.65	1263	7
4	256	3	1	4	28	349.85	193.92	722	7
4	257	3	1	8	4	257.12	306.42	936	7
4	258	3	0	4	68	0.00	0.00	1068	6
4	259	3	1	12	7	396.11	55.67	821	7
4	260	3	0	4	55	0.00	0.00	908	6
4	261	3	0	4	85	0.00	0.00	917	6
4	262	3	1	12	9	136.81	375.88	1090	7
4	263	3	0	12	0	0.00	0.00	2472	6
4	264	3	0	8	43	0.00	0.00	2016	6
4	265	3	0	4	50	0.00	0.00	1209	6
4	266	3	0	12	9	0.00	0.00	3775	6
4	267	3	0	12	20	0.00	0.00	1572	6
4	268	3	0	8	21	0.00	0.00	988	6
4	269	3	1	8	2	267.65	297.26	1136	7
4	270	3	0	4	34	0.00	0.00	873	6
4	271	3	0	8	29	0.00	0.00	1059	6
4	272	3	1	12	2	356.40	-181.60	2281	7
4	273	3	1	12	18	392.65	-76.32	975	7
4	274	3	0	12	11	0.00	0.00	997	6
4	275	3	0	12	28	0.00	0.00	3561	6
4	276	3	1	8	0	287.74	-277.86	877	7
4	277	3	1	8	33	-331.62	-223.68	1129	7
4	278	3	1	12	2	20.93	-399.45	1280	7
4	279	3	0	12	23	0.00	0.00	2117	6
4	280	3	0	4	41	0.00	0.00	846	6
4	281	3	1	4	53	-323.61	235.11	761	7
4	282	3	1	4	76	389.75	-89.98	1127	7
4	283	3	0	4	5	0.00	0.00	907	6
4	284	3	1	4	81	-55.67	-396.11	1363	7
4	285	3	0	12	22	0.00	0.00	1917	6
4	286	3	1	8	28	-384.50	110.25	940	7
4	287	3	1	8	0	6.98	-399.94	953	7
4	288	3	1	12	3	175.35	359.52	1214	7
4	289	3	1	12	2	-181.60	-356.40	833	7
4	290	3	1	12	24	-169.05	362.52	912	7
4	291	3	0	12	11	0.00	0.00	1709	6
4	292	3	1	8	24	-375.88	136.81	1187	7
4	293	3	0	8	20	0.00	0.00	1157	6
4	294	3	0	8	34	0.00	0.00	1511	6
4	295	3	0	8	6	0.00	0.00	690	6
4	296	3	1	8	33	-223.68	331.62	1397	7
4	297	3	1	12	8	143.35	373.43	1013	7
4	298	3	1	4	78	76.32	392.65	1078	7
4	299	3	0	12	9	0.00	0.00	1356	6
4	300	3	1	4	80	-62.57	-395.08	619	7
4	301	3	0	8	35	0.00	0.00	1321	6
4	302	3	0	12	9	0.00	0.00	1407	6
4	303	3	0	4	83	0.00	0.00	817	6
4	304	3	0	4	80	0.00	0.00	961	6
4	305	3	0	12	7	0.00	0.00	1547	6
4	306	3	0	4	83	0.00	0.00	1379	6
4	307	3	0	8	43	0.00	0.00	1785	6
4	308	3	0	12	13	0.00	0.00	1673	6
4	309	3	1	8	15	-349.85	193.92	1016	7
4	310	3	0	4	67	0.00	0.00	703	6
4	311	3	0	4	81	0.00	0.00	763	6
4	312	3	1	8	43	6.98	399.94	1009	7
4	313	3	1	12	0	-342.87	-206.02	1286	7
4	314	3	1	4	51	315.20	-246.26	660	7
4	315	3	1	4	5	397.81	41.81	630	7
4	316	3	1	4	84	-34.86	-398.48	1201	7
4	317	3	1	4	51	246.26	315.20	1355	7
4	318	3	1	12	20	62.57	395.08	769	7
4	319	3	0	8	25	0.00	0.00	2324	6
4	320	3	0	4	50	0.00	0.00	3706	6
4	321	3	0	12	21	0.00	0.00	2664	6
4	322	3	1	12	7	315.20	246.26	918	7
4	323	3	0	4	28	0.00	0.00	787	6
4	324	3	1	8	43	6.98	399.94	978	7
4	325	3	0	12	16	0.00	0.00	2004	6
4	326	3	0	8	44	0.00	0.00	953	6
4	327	3	1	12	13	-384.50	110.25	866	7
4	328	3	0	4	14	0.00	0.00	905	6
4	329	3	1	8	36	55.67	396.11	688	7
4	330	3	0	12	29	0.00	0.00	913	6
4	331	3	0	12	10	0.00	0.00	1401	6
4	332	3	0	8	22	0.00	0.00	1471	6
4	333	3	1	8	40	-262.42	301.88	1158	7
4	334	3	0	12	28	0.00	0.00	2411	6
4	335	3	1	8	7	240.73	319.45	1018	7
4	336	3	1	12	21	246.26	315.20	637	7
4	337	3	1	4	60	-349.85	193.92	1022	7
4	338	3	0	4	50	0.00	0.00	845	6
4	339	3	1	4	35	-235.11	323.61	792	7
4	340	3	1	4	63	175.35	359.52	709	7
4	341	3	0	8	18	0.00	0.00	1443	6
4	342	3	0	8	32	0.00	0.00	986	6
4	343	3	1	4	40	301.88	262.42	631	7
4	344	3	1	4	5	-41.81	397.81	664	7
4	345	3	1	4	12	-89.98	389.75	527	7
4	346	3	1	12	8	-395.08	-62.57	935	7
4	347	3	1	8	36	240.73	-319.45	909	7
4	348	3	0	12	28	0.00	0.00	1439	6
4	349	3	0	12	29	0.00	0.00	1354	6
4	350	3	1	8	0	277.86	287.74	860	7
4	351	3	1	12	11	380.42	-123.61	656	7
4	352	3	0	4	63	0.00	0.00	815	6
4	353	3	1	8	21	-156.29	-368.20	1059	7
4	354	3	0	8	9	0.00	0.00	891	6
4	355	3	0	8	33	0.00	0.00	978	6
4	356	3	0	8	28	0.00	0.00	714	6
4	357	3	0	8	15	0.00	0.00	727	6
4	358	3	0	4	12	0.00	0.00	934	6
4	359	3	1	4	72	382.52	-116.95	768	7
4	360	3	1	8	43	399.94	-6.98	800	7
4	361	2	1	12	9	257.12	-306.42	2435	7
4	362	2	1	8	2	267.65	297.26	1085	7
4	363	2	0	4	27	0.00	0.00	1201	6
4	364	2	1	4	58	206.02	342.87	715	7
4	365	2	1	8	31	339.22	211.97	880	7
4	366	2	0	8	31	0.00	0.00	3153	6
4	367	2	0	8	15	0.00	0.00	2382	6
4	368	2	0	4	48	0.00	0.00	1824	6
4	369	2	0	8	16	0.00	0.00	2192	6
4	370	2	1	12	4	-34.86	398.48	1196	7
4	371	2	1	8	15	-384.50	-110.25	2306	6
4	372	2	0	12	2	0.00	0.00	3729	6
4	373	2	0	12	7	0.00	0.00	3339	6
4	374	2	1	8	42	-272.80	292.54	986	7
4	375	2	0	12	4	0.00	0.00	2604	6
4	376	2	0	8	19	0.00	0.00	3034	6
4	377	2	0	12	15	0.00	0.00	2638	6
4	378	2	0	12	29	0.00	0.00	2029	6
4	379	2	1	12	3	-223.68	331.62	1824	7
4	380	2	0	4	82	0.00	0.00	1074	6
4	381	2	1	4	2	-399.45	-20.93	1011	7
4	382	2	1	8	7	319.45	-240.73	1749	7
4	383	2	1	12	12	-382.52	116.95	1204	7
4	384	2	1	8	42	-272.80	292.54	944	7
4	385	2	0	8	13	0.00	0.00	2150	6
4	386	2	1	4	54	327.66	-229.43	713	7
4	387	2	0	4	16	0.00	0.00	1446	6
4	388	2	0	4	66	0.00	0.00	1853	6
4	389	2	0	8	11	0.00	0.00	1995	6
4	390	2	1	8	14	-200.00	-346.41	1992	7
4	391	2	0	8	41	0.00	0.00	2384	6
4	392	2	0	8	13	0.00	0.00	2090	6
4	393	2	1	8	21	-370.87	-149.84	859	7
4	394	2	0	4	57	0.00	0.00	1504	6
4	395	2	1	12	11	-123.61	-380.42	1971	7
4	396	2	0	12	14	0.00	0.00	2192	6
4	397	2	1	4	83	-397.81	41.81	1129	7
4	398	2	1	4	76	-389.75	89.98	1078	7
4	399	2	0	4	74	0.00	0.00	1633	6
4	400	2	0	12	29	0.00	0.00	3491	6
4	401	2	0	8	44	0.00	0.00	2512	6
4	402	2	1	8	3	-399.03	-27.90	904	7
4	403	2	0	12	21	0.00	0.00	2352	6
4	404	2	1	8	27	353.18	187.79	1455	7
4	405	2	1	12	29	0.00	400.00	1225	7
4	406	2	1	12	16	-272.80	-292.54	2443	7
4	407	2	1	12	23	-41.81	-397.81	2108	7
4	408	2	1	4	67	370.87	-149.84	1012	7
4	409	2	0	4	15	0.00	0.00	1116	6
4	410	2	0	8	24	0.00	0.00	2537	6
4	411	2	1	12	0	-6.98	399.94	1011	7
4	412	2	1	4	50	-310.86	251.73	1755	7
4	413	2	0	8	13	0.00	0.00	2229	6
4	414	2	0	12	28	0.00	0.00	2034	6
4	415	2	1	12	26	-181.60	356.40	976	7
4	416	2	1	12	5	397.81	41.81	1452	7
4	417	2	1	12	12	382.52	-116.95	2156	7
4	418	2	0	4	89	0.00	0.00	1875	6
4	419	2	1	4	83	397.81	-41.81	1159	7
4	420	2	1	4	44	282.84	-282.84	1181	7
4	421	2	0	12	6	0.00	0.00	1885	6
4	422	2	0	4	10	0.00	0.00	1538	6
4	423	2	0	4	22	0.00	0.00	1650	6
4	424	2	0	4	9	0.00	0.00	1487	6
4	425	2	0	12	9	0.00	0.00	3211	6
4	426	2	1	12	23	41.81	397.81	1231	7
4	427	2	1	8	16	-382.52	-116.95	946	7
4	428	2	1	12	3	-27.90	399.03	1104	7
4	429	2	0	4	82	0.00	0.00	1530	6
4	430	2	0	8	11	0.00	0.00	2484	6
4	431	2	0	4	86	0.00	0.00	1621	6
4	432	2	1	4	0	-399.94	-6.98	1127	7
4	433	2	0	8	37	0.00	0.00	2532	6
4	434	2	1	4	23	-365.42	-162.69	927	7
4	435	2	1	8	41	20.93	399.45	1181	7
4	436	2	1	8	24	-169.05	362.52	1180	7
4	437	2	1	4	66	-368.20	156.29	1159	7
4	438	2	0	8	8	0.00	0.00	2993	6
4	439	2	1	8	37	-315.20	-246.26	3695	7
4	440	2	1	12	29	200.00	-346.41	1971	7
4	441	2	0	12	26	0.00	0.00	2673	6
4	442	2	0	8	25	0.00	0.00	2544	6
4	443	2	0	8	27	0.00	0.00	2802	6
4	444	2	1	8	36	240.73	-319.45	1933	7
4	445	2	0	4	64	0.00	0.00	1241	6
4	446	2	1	4	69	136.81	375.88	1116	7
4	447	2	0	12	25	0.00	0.00	2434	6
4	448	2	1	8	19	136.81	-375.88	1492	7
4	449	2	0	12	21	0.00	0.00	2445	6
4	450	2	0	12	17	0.00	0.00	2035	6
4	451	2	1	8	18	-130.23	378.21	1179	7
4	452	2	0	8	44	0.00	0.00	1867	6
4	453	2	1	4	82	-48.75	-397.02	1441	7
4	454	2	1	4	81	-396.11	55.67	1108	7
4	455	2	1	4	34	229.43	-327.66	1269	6
4	456	2	0	12	10	0.00	0.00	1854	6
4	457	2	1	12	22	48.75	397.02	1057	7
4	458	2	1	12	6	48.75	-397.02	2057	7
4	459	2	0	12	16	0.00	0.00	3120	6
4	460	2	1	8	40	-399.03	27.90	721	7
4	461	2	1	12	17	-380.42	-123.61	822	7
4	462	2	0	8	5	0.00	0.00	2018	6
4	463	2	1	12	24	362.52	169.05	1367	7
4	464	2	1	4	26	-356.40	-181.60	1238	7
4	465	2	0	4	30	0.00	0.00	1627	6
4	466	2	0	4	42	0.00	0.00	1552	6
4	467	2	0	8	24	0.00	0.00	2762	6
4	468	2	1	4	7	55.67	-396.11	1097	6
4	469	2	0	12	27	0.00	0.00	3719	6
4	470	2	0	12	18	0.00	0.00	3142	6
4	471	2	0	4	81	0.00	0.00	1614	6
4	472	2	0	12	23	0.00	0.00	1915	6
4	473	2	0	8	21	0.00	0.00	1735	6
4	474	2	1	4	17	-123.61	380.42	1229	7
4	475	2	1	12	25	331.62	-223.68	1721	7
4	476	2	0	4	69	0.00	0.00	1886	6
4	477	2	1	8	6	-246.26	-315.20	831	7
4	478	2	1	4	79	393.92	-69.46	1086	7
4	479	2	1	8	33	331.62	223.68	1178	7
4	480	2	0	4	41	0.00	0.00	1446	6
