trl_n curr_stim_level search nitems curr_target
1 2 1 12 2
2 2 0 4 1
3 2 0 4 2
4 2 1 8 2
5 2 1 12 1
6 2 0 8 2
7 2 0 8 2
8 2 1 8 1
9 2 1 12 2
10 2 0 8 2
11 2 1 4 2
12 2 1 12 1
13 2 1 4 1
14 2 0 12 2
15 2 1 12 2
16 2 0 12 1
17 2 1 4 2
18 2 1 12 1
19 2 0 12 1
20 2 0 8 1
21 2 0 4 2
22 2 0 8 2
23 2 0 12 2
24 2 0 4 1
25 2 0 8 2
26 2 1 8 1
27 2 0 12 1
28 2 1 4 1
29 2 0 4 2
30 2 1 12 2
31 2 1 4 2
32 2 1 12 1
33 2 1 8 1
34 2 0 8 1
35 2 1 12 1
36 2 1 12 2
37 2 1 8 1
38 2 1 8 2
39 2 0 8 2
40 2 0 12 1
41 2 1 4 2
42 2 1 4 2
43 2 1 4 1
44 2 1 4 2
45 2 0 12 1
46 2 0 4 1
47 2 0 8 2
48 2 0 12 2
49 2 0 12 1
50 2 1 4 1
51 2 0 4 1
52 2 0 12 2
53 2 0 8 1
54 2 0 8 1
55 2 0 4 2
56 2 1 8 2
57 2 1 12 1
58 2 1 8 2
59 2 0 12 2
60 2 0 12 2
61 2 0 8 2
62 2 0 12 1
63 2 0 12 2
64 2 1 8 1
65 2 1 12 1
66 2 1 8 1
67 2 1 4 2
68 2 1 4 1
69 2 0 12 2
70 2 0 4 2
71 2 0 4 1
72 2 0 4 2
73 2 0 4 2
74 2 1 8 1
75 2 1 8 2
76 2 1 12 2
77 2 1 8 1
78 2 1 12 1
79 2 0 8 1
80 2 1 12 2
81 2 0 4 1
82 2 0 12 2
83 2 1 12 2
84 2 1 4 1
85 2 0 8 1
86 2 0 8 1
87 2 0 8 1
88 2 1 8 1
89 2 1 4 1
90 2 1 8 2
91 2 0 12 1
92 2 0 8 1
93 2 1 12 1
94 2 1 12 1
95 2 1 4 2
96 2 0 8 1
97 2 1 4 1
98 2 0 12 2
99 2 1 8 2
100 2 1 8 1
101 2 1 12 2
102 2 0 4 2
103 2 1 8 2
104 2 0 8 2
105 2 1 4 1
106 2 0 4 2
107 2 1 4 1
108 2 0 8 2
109 2 0 4 1
110 2 1 4 2
111 2 0 4 2
112 2 0 12 1
113 2 1 8 2
114 2 0 4 1
115 2 1 12 2
116 2 0 4 1
117 2 1 8 2
118 2 1 4 2
119 2 0 12 1
120 2 0 4 1
121 0 1 8 1
122 0 1 8 1
123 0 1 8 1
124 0 1 4 2
125 0 1 8 1
126 0 0 4 2
127 0 0 12 1
128 0 0 8 1
129 0 1 4 1
130 0 0 4 1
131 0 1 12 1
132 0 1 4 2
133 0 0 4 1
134 0 0 4 1
135 0 1 8 1
136 0 1 8 1
137 0 1 4 2
138 0 1 4 1
139 0 0 4 1
140 0 1 8 2
141 0 0 8 2
142 0 0 8 1
143 0 0 12 2
144 0 0 4 1
145 0 1 8 2
146 0 1 4 2
147 0 0 12 1
148 0 1 4 1
149 0 0 8 1
150 0 0 8 1
151 0 0 12 2
152 0 0 8 2
153 0 1 8 2
154 0 0 12 2
155 0 0 12 1
156 0 1 12 1
157 0 1 4 2
158 0 1 4 2
159 0 1 4 1
160 0 0 8 2
161 0 1 4 1
162 0 1 12 1
163 0 1 4 1
164 0 1 12 1
165 0 1 12 2
166 0 0 4 1
167 0 1 12 2
168 0 0 8 2
169 0 0 4 2
170 0 0 8 1
171 0 0 4 2
172 0 1 8 2
173 0 1 4 2
174 0 1 4 1
175 0 0 8 1
176 0 1 12 2
177 0 0 12 2
178 0 0 8 2
179 0 1 4 1
180 0 0 12 2
181 0 1 12 2
182 0 0 8 1
183 0 1 8 2
184 0 1 12 2
185 0 0 8 1
186 0 1 4 1
187 0 0 12 2
188 0 0 4 2
189 0 0 8 2
190 0 0 8 2
191 0 1 8 2
192 0 0 12 1
193 0 1 4 2
194 0 0 12 2
195 0 1 12 2
196 0 1 12 1
197 0 1 8 1
198 0 0 4 1
199 0 1 12 1
200 0 1 12 2
201 0 0 12 2
202 0 1 8 1
203 0 1 8 2
204 0 1 12 1
205 0 0 12 2
206 0 1 4 2
207 0 0 4 2
208 0 1 12 2
209 0 0 8 2
210 0 1 4 2
211 0 0 12 1
212 0 0 4 2
213 0 0 8 1
214 0 0 4 1
215 0 0 8 1
216 0 0 12 1
217 0 1 12 1
218 0 0 4 1
219 0 0 12 1
220 0 0 8 2
221 0 1 8 2
222 0 1 8 2
223 0 1 8 1
224 0 1 12 2
225 0 0 12 2
226 0 0 4 2
227 0 0 4 2
228 0 0 12 1
229 0 0 12 1
230 0 0 12 1
231 0 1 12 2
232 0 1 8 1
233 0 0 4 1
234 0 0 4 2
235 0 1 12 1
236 0 1 12 1
237 0 1 4 1
238 0 0 4 2
239 0 1 8 2
240 0 0 8 2
241 3 0 4 1
242 3 1 4 2
243 3 1 4 1
244 3 0 8 1
245 3 1 12 1
246 3 1 8 2
247 3 0 4 2
248 3 1 8 1
249 3 0 4 2
250 3 0 4 2
251 3 0 8 2
252 3 1 8 2
253 3 0 4 2
254 3 0 12 2
255 3 1 4 2
256 3 1 12 1
257 3 0 12 1
258 3 0 12 1
259 3 1 4 1
260 3 0 4 1
261 3 0 8 2
262 3 1 8 2
263 3 1 12 2
264 3 0 12 1
265 3 0 4 1
266 3 1 8 2
267 3 0 8 2
268 3 1 4 1
269 3 1 4 1
270 3 1 4 2
271 3 0 12 1
272 3 0 4 1
273 3 0 12 2
274 3 1 4 2
275 3 1 4 2
276 3 0 4 2
277 3 1 4 2
278 3 1 12 2
279 3 0 4 1
280 3 1 12 2
281 3 1 8 1
282 3 0 8 2
283 3 0 8 1
284 3 0 4 1
285 3 1 8 1
286 3 0 12 1
287 3 0 4 1
288 3 1 8 1
289 3 0 12 2
290 3 1 4 1
291 3 0 12 2
292 3 0 12 2
293 3 0 4 1
294 3 1 8 1
295 3 0 4 1
296 3 0 12 1
297 3 0 4 2
298 3 1 12 1
299 3 1 12 2
300 3 1 8 2
301 3 1 4 2
302 3 1 12 2
303 3 0 12 2
304 3 1 8 1
305 3 0 8 1
306 3 1 12 1
307 3 1 12 2
308 3 1 8 1
309 3 0 12 2
310 3 0 12 1
311 3 0 4 2
312 3 1 12 1
313 3 0 8 2
314 3 0 8 1
315 3 0 12 1
316 3 0 12 1
317 3 1 8 1
318 3 1 12 2
319 3 0 8 2
320 3 0 8 2
321 3 1 4 1
322 3 1 12 1
323 3 0 12 2
324 3 0 8 1
325 3 1 8 1
326 3 0 8 1
327 3 1 4 1
328 3 1 12 2
329 3 0 12 1
330 3 1 8 2
331 3 0 8 1
332 3 0 8 2
333 3 0 4 2
334 3 1 8 2
335 3 0 4 2
336 3 1 8 2
337 3 1 12 1
338 3 0 12 2
339 3 1 4 1
340 3 1 4 2
341 3 1 8 2
342 3 0 4 2
343 3 1 4 2
344 3 1 12 1
345 3 1 8 1
346 3 0 8 1
347 3 1 4 2
348 3 1 12 1
349 3 0 8 2
350 3 0 4 1
351 3 1 12 2
352 3 0 12 2
353 3 1 4 1
354 3 0 8 2
355 3 1 12 2
356 3 1 8 2
357 3 1 12 1
358 3 1 4 1
359 3 0 8 1
360 3 0 8 1
361 1 0 4 1
362 1 0 12 2
363 1 1 12 2
364 1 1 4 1
365 1 1 8 1
366 1 0 4 2
367 1 1 8 2
368 1 1 12 1
369 1 0 4 2
370 1 1 12 1
371 1 1 8 1
372 1 1 12 2
373 1 1 12 1
374 1 0 8 1
375 1 0 4 1
376 1 1 8 2
377 1 1 8 2
378 1 1 8 2
379 1 1 12 2
380 1 1 8 1
381 1 0 8 1
382 1 0 12 1
383 1 0 4 1
384 1 0 12 2
385 1 0 12 2
386 1 0 8 2
387 1 1 8 2
388 1 1 4 2
389 1 0 4 2
390 1 0 4 2
391 1 1 8 1
392 1 0 4 1
393 1 0 8 1
394 1 0 8 2
395 1 0 12 2
396 1 1 12 1
397 1 0 8 1
398 1 1 4 2
399 1 1 4 2
400 1 0 4 2
401 1 0 12 1
402 1 0 8 2
403 1 1 4 1
404 1 0 4 2
405 1 1 12 2
406 1 0 4 1
407 1 1 12 1
408 1 1 12 1
409 1 0 8 1
410 1 1 4 2
411 1 1 4 1
412 1 0 8 2
413 1 1 8 1
414 1 0 12 1
415 1 0 8 2
416 1 0 4 1
417 1 1 4 1
418 1 1 4 1
419 1 1 8 2
420 1 0 8 2
421 1 1 8 1
422 1 1 12 2
423 1 1 12 1
424 1 1 12 2
425 1 0 8 2
426 1 1 4 1
427 1 1 8 1
428 1 1 12 2
429 1 1 8 2
430 1 0 12 2
431 1 1 4 1
432 1 0 12 1
433 1 0 8 1
434 1 1 4 2
435 1 0 12 1
436 1 0 12 2
437 1 0 12 2
438 1 0 8 1
439 1 0 4 1
440 1 0 8 1
441 1 0 12 1
442 1 0 8 2
443 1 1 4 2
444 1 1 12 2
445 1 1 12 1
446 1 0 12 2
447 1 0 12 2
448 1 1 12 1
449 1 1 12 1
450 1 1 12 2
451 1 1 8 1
452 1 0 4 1
453 1 1 4 2
454 1 0 12 1
455 1 0 4 2
456 1 1 8 1
457 1 0 8 2
458 1 1 8 1
459 1 0 12 2
460 1 1 4 1
461 1 1 4 2
462 1 0 8 1
463 1 0 8 1
464 1 1 12 2
465 1 1 4 1
466 1 0 12 1
467 1 0 4 2
468 1 1 4 1
469 1 0 12 1
470 1 0 4 2
471 1 0 4 2
472 1 0 12 1
473 1 0 4 1
474 1 1 8 2
475 1 1 4 2
476 1 0 4 1
477 1 1 8 2
478 1 1 8 2
479 1 0 8 2
480 1 1 4 2
