blk	trl	target	search	nitems	rot_offset	tpos_x	tpos_y	rt	button
3	2	2	1	4	17	380.42	123.61	1261	7
3	3	2	0	8	20	0.00	0.00	3206	6
3	4	2	0	4	63	0.00	0.00	1538	6
3	5	2	0	12	11	0.00	0.00	3231	6
3	6	2	1	12	11	-380.42	123.61	981	7
3	7	2	1	4	15	384.50	110.25	1035	7
3	8	2	1	8	15	-193.92	-349.85	1800	7
3	9	2	0	12	2	0.00	0.00	3122	6
3	10	2	1	12	5	-323.61	-235.11	2170	7
3	11	2	0	12	0	0.00	0.00	4091	6
3	12	2	0	12	19	0.00	0.00	3750	6
3	13	2	1	4	52	319.45	-240.73	1405	7
3	14	2	0	4	8	0.00	0.00	1397	6
3	15	2	0	8	31	0.00	0.00	2756	6
3	16	2	0	12	5	0.00	0.00	3134	6
3	17	2	0	4	24	0.00	0.00	1603	6
3	18	2	0	8	37	0.00	0.00	2574	6
3	19	2	1	12	3	175.35	359.52	1187	7
3	20	2	0	4	24	0.00	0.00	2053	6
3	21	2	0	8	37	0.00	0.00	2435	6
3	22	2	0	8	4	0.00	0.00	2380	6
3	23	2	1	8	41	-20.93	-399.45	1684	7
3	24	2	1	8	13	206.02	342.87	1730	7
3	25	2	1	4	6	48.75	-397.02	1148	7
3	26	2	0	4	38	0.00	0.00	1463	6
3	27	2	1	8	33	-76.32	-392.65	1542	7
3	28	2	1	4	30	-342.87	-206.02	1082	7
3	29	2	1	8	1	-272.80	-292.54	1133	7
3	30	2	1	4	89	0.00	400.00	1124	7
3	31	2	1	8	27	116.95	382.52	1096	7
3	32	2	0	4	23	0.00	0.00	1296	6
3	33	2	1	8	22	370.87	-149.84	1434	7
3	34	2	1	4	42	-292.54	-272.80	1045	7
3	35	2	0	4	62	0.00	0.00	1338	6
3	36	2	0	8	8	0.00	0.00	2437	6
3	37	2	1	12	21	-55.67	-396.11	1481	7
3	38	2	0	12	21	0.00	0.00	3799	6
3	39	2	1	4	7	-396.11	-55.67	898	7
3	40	2	0	4	81	0.00	0.00	1516	6
3	41	2	0	4	7	0.00	0.00	1436	6
3	42	2	0	12	22	0.00	0.00	3652	6
3	43	2	0	8	31	0.00	0.00	2552	6
3	44	2	1	12	2	20.93	-399.45	1572	7
3	45	2	1	8	19	136.81	-375.88	1064	7
3	46	2	0	12	0	0.00	0.00	2859	6
3	47	2	1	12	26	335.47	-217.86	1436	7
3	48	2	0	8	3	0.00	0.00	2437	6
3	49	2	1	12	28	349.85	193.92	2335	7
3	50	2	0	8	1	0.00	0.00	3815	6
3	51	2	0	8	19	0.00	0.00	3452	6
3	52	2	0	4	23	0.00	0.00	1667	6
3	53	2	1	4	44	-282.84	282.84	1109	7
3	54	2	1	12	12	382.52	-116.95	1216	7
3	55	2	0	12	3	0.00	0.00	3454	6
3	56	2	0	4	60	0.00	0.00	1688	6
3	57	2	1	8	33	331.62	223.68	1659	7
3	58	2	1	4	15	110.25	-384.50	1337	7
3	59	2	1	12	22	240.73	319.45	1819	7
3	60	2	1	4	20	-373.43	-143.35	1118	7
3	61	2	0	8	30	0.00	0.00	3179	6
3	62	2	0	4	52	0.00	0.00	1761	6
3	63	2	0	12	19	0.00	0.00	4894	6
3	64	2	1	8	36	55.67	396.11	1101	7
3	65	2	1	8	36	319.45	240.73	1249	7
3	66	2	0	8	31	0.00	0.00	2248	6
3	67	2	0	12	13	0.00	0.00	3240	6
3	68	2	0	4	37	0.00	0.00	2073	6
3	69	2	0	8	34	0.00	0.00	2897	6
3	70	2	1	8	17	380.42	123.61	1098	7
3	71	2	1	8	28	-384.50	110.25	1317	7
3	72	2	1	12	21	370.87	149.84	1349	7
3	73	2	1	12	7	370.87	-149.84	1594	7
3	74	2	1	12	11	123.61	380.42	1643	7
3	75	2	0	12	19	0.00	0.00	3681	6
3	76	2	1	4	25	-175.35	359.52	1276	7
3	77	2	1	12	14	-282.84	282.84	1070	7
3	78	2	0	4	32	0.00	0.00	1465	6
3	79	2	1	12	14	-386.37	103.53	1176	7
3	80	2	1	12	20	310.86	-251.73	1827	7
3	81	2	1	12	26	-399.45	20.93	1072	7
3	82	2	0	4	75	0.00	0.00	1187	6
3	83	2	0	12	21	0.00	0.00	3489	6
3	84	2	0	4	35	0.00	0.00	1425	6
3	85	2	0	4	8	0.00	0.00	1494	6
3	86	2	1	4	29	-200.00	346.41	984	7
3	87	2	1	8	38	251.73	-310.86	1506	7
3	88	2	1	12	10	130.23	378.21	1620	7
3	89	2	0	8	10	0.00	0.00	3258	6
3	90	2	0	8	3	0.00	0.00	2830	6
3	91	2	0	8	7	0.00	0.00	2042	6
3	92	2	1	8	37	315.20	246.26	1179	7
3	93	2	1	4	30	-342.87	-206.02	920	7
3	94	2	1	4	64	-362.52	169.05	1093	7
3	95	2	0	8	10	0.00	0.00	2515	6
3	96	2	0	8	7	0.00	0.00	2374	6
3	97	2	1	8	22	368.20	156.29	1052	7
3	98	2	0	4	42	0.00	0.00	1224	6
3	99	2	0	12	29	0.00	0.00	3075	6
3	100	2	0	4	27	0.00	0.00	1588	6
3	101	2	1	8	32	-391.26	83.16	1065	7
3	102	2	0	12	5	0.00	0.00	3171	6
3	103	2	0	12	14	0.00	0.00	2949	6
3	104	2	1	4	73	-384.50	110.25	977	7
3	105	2	1	12	29	-200.00	-346.41	1670	7
3	106	2	1	12	17	-391.26	83.16	1039	7
3	107	2	1	8	35	235.11	-323.61	1615	7
3	108	2	1	8	32	-391.26	83.16	1044	7
3	109	2	0	12	22	0.00	0.00	2751	6
3	110	2	0	12	22	0.00	0.00	1864	6
3	111	2	0	12	26	0.00	0.00	2793	6
3	112	2	0	8	23	0.00	0.00	1448	6
3	113	2	1	4	23	162.69	-365.42	1112	7
3	114	2	1	4	81	-55.67	-396.11	1217	7
3	115	2	1	8	29	-103.53	-386.37	993	7
3	116	2	1	12	21	370.87	149.84	1655	7
3	117	2	0	12	22	0.00	0.00	3173	6
3	118	2	1	4	59	-200.00	-346.41	1274	7
3	119	2	0	4	60	0.00	0.00	1457	6
3	120	2	0	8	21	0.00	0.00	2441	6
3	121	0	0	12	6	0.00	0.00	6010	6
3	122	0	1	8	12	-389.75	-89.98	3386	7
3	123	0	0	8	30	0.00	0.00	3948	6
3	124	0	1	12	28	-349.85	-193.92	1410	7
3	125	0	1	4	56	-217.86	-335.47	1317	7
3	126	0	1	4	86	-20.93	-399.45	1582	7
3	127	0	1	12	8	-373.43	143.35	1604	7
3	128	0	0	8	34	0.00	0.00	5051	6
3	129	0	0	8	33	0.00	0.00	6943	6
3	130	0	0	8	28	0.00	0.00	4176	6
3	131	0	1	4	87	-13.96	-399.76	1372	7
3	132	0	0	8	42	0.00	0.00	4257	6
3	133	0	0	4	87	0.00	0.00	2645	6
3	134	0	0	4	66	0.00	0.00	2357	6
3	135	0	1	12	9	69.46	-393.92	3509	7
3	136	0	0	12	24	0.00	0.00	8848	6
3	137	0	1	12	20	251.73	310.86	4720	7
3	138	0	0	4	88	0.00	0.00	2330	6
3	139	0	0	12	5	0.00	0.00	5666	6
3	140	0	0	4	62	0.00	0.00	3235	6
3	141	0	0	8	30	0.00	0.00	3600	6
3	142	0	0	8	40	0.00	0.00	3785	6
3	143	0	0	8	42	0.00	0.00	5574	6
3	144	0	0	4	19	0.00	0.00	2680	6
3	145	0	1	8	5	-397.81	-41.81	1380	7
3	146	0	1	8	32	-391.26	83.16	1670	7
3	147	0	1	12	14	386.37	-103.53	6034	7
3	148	0	1	8	43	-6.98	-399.94	1556	7
3	149	0	0	12	14	0.00	0.00	7331	6
3	150	0	1	4	80	-62.57	-395.08	1244	7
3	151	0	0	12	22	0.00	0.00	5930	6
3	152	0	0	12	14	0.00	0.00	5882	6
3	153	0	0	12	11	0.00	0.00	6076	6
3	154	0	1	12	15	-110.25	384.50	4458	7
3	155	0	0	4	70	0.00	0.00	2050	6
3	156	0	1	4	42	-292.54	-272.80	2206	7
3	157	0	0	4	40	0.00	0.00	2162	6
3	158	0	0	12	22	0.00	0.00	5053	6
3	159	0	0	8	18	0.00	0.00	6185	6
3	160	0	0	8	41	0.00	0.00	4087	6
3	161	0	1	8	41	267.65	-297.26	3766	6
3	162	0	1	12	18	130.23	-378.21	2734	7
3	163	0	0	4	36	0.00	0.00	2997	6
3	164	0	1	12	14	-386.37	103.53	1815	7
3	165	0	1	4	17	123.61	-380.42	2231	7
3	166	0	0	4	73	0.00	0.00	1877	6
3	167	0	0	12	29	0.00	0.00	4464	6
3	168	0	1	12	25	-359.52	-175.35	2002	7
3	169	0	1	4	15	384.50	110.25	2842	7
3	170	0	0	4	10	0.00	0.00	2534	6
3	171	0	1	4	41	-297.26	-267.65	1528	7
3	172	0	0	8	33	0.00	0.00	3872	6
3	173	0	0	12	1	0.00	0.00	5253	6
3	174	0	1	12	23	323.61	-235.11	6198	6
3	175	0	1	8	19	-169.05	-362.52	1851	7
3	176	0	0	4	89	0.00	0.00	2357	6
3	177	0	1	12	7	55.67	-396.11	2974	7
3	178	0	0	12	13	0.00	0.00	6292	6
3	179	0	1	12	2	-356.40	181.60	5528	7
3	180	0	1	4	41	-297.26	-267.65	1720	7
3	181	0	1	12	9	-257.12	306.42	4748	7
3	182	0	0	4	89	0.00	0.00	3079	6
3	183	0	1	12	26	-217.86	-335.47	5218	6
3	184	0	1	8	5	397.81	41.81	2504	7
3	185	0	0	8	19	0.00	0.00	3748	6
3	186	0	0	8	16	0.00	0.00	4960	6
3	187	0	1	12	17	267.65	297.26	5624	7
3	188	0	0	12	12	0.00	0.00	6287	6
3	189	0	1	4	58	-342.87	206.02	1624	7
3	190	0	0	12	2	0.00	0.00	5472	6
3	191	0	1	8	23	162.69	-365.42	2597	7
3	192	0	0	12	28	0.00	0.00	5567	6
3	193	0	1	8	29	386.37	-103.53	2711	7
3	194	0	1	8	35	-235.11	323.61	3864	7
3	195	0	1	4	2	20.93	-399.45	2412	7
3	196	0	0	8	20	0.00	0.00	4374	6
3	197	0	0	4	83	0.00	0.00	1937	6
3	198	0	0	4	19	0.00	0.00	2006	6
3	199	0	0	12	28	0.00	0.00	5116	6
3	200	0	0	12	9	0.00	0.00	5843	6
3	201	0	0	12	18	0.00	0.00	6261	6
3	202	0	1	12	15	110.25	-384.50	3299	7
3	203	0	1	12	9	-257.12	306.42	5045	7
3	204	0	0	8	24	0.00	0.00	3664	6
3	205	0	1	4	80	-395.08	62.57	1377	7
3	206	0	1	8	21	-370.87	-149.84	1290	7
3	207	0	0	4	9	0.00	0.00	2494	6
3	208	0	1	8	32	-335.47	-217.86	2251	7
3	209	0	1	4	63	-359.52	175.35	1501	7
3	210	0	1	8	2	399.45	20.93	4179	6
3	211	0	0	8	9	0.00	0.00	3885	6
3	212	0	1	4	78	392.65	-76.32	2345	7
3	213	0	1	12	2	-356.40	181.60	6536	6
3	214	0	0	4	45	0.00	0.00	2175	6
3	215	0	0	4	80	0.00	0.00	1878	6
3	216	0	1	4	8	-62.57	395.08	2154	7
3	217	0	0	8	13	0.00	0.00	5188	6
3	218	0	0	12	14	0.00	0.00	7486	6
3	219	0	0	12	10	0.00	0.00	6055	6
3	220	0	0	8	16	0.00	0.00	3733	6
3	221	0	1	12	29	200.00	-346.41	2308	7
3	222	0	1	4	17	380.42	123.61	2314	7
3	223	0	1	8	13	206.02	342.87	2733	7
3	224	0	1	8	21	-370.87	-149.84	1648	7
3	225	0	1	12	5	-162.69	-365.42	2229	7
3	226	0	1	4	53	235.11	323.61	2625	7
3	227	0	0	4	68	0.00	0.00	3026	6
3	228	0	1	8	43	277.86	-287.74	2410	7
3	229	0	0	4	25	0.00	0.00	2368	6
3	230	0	1	8	25	-359.52	-175.35	1443	7
3	231	0	0	12	14	0.00	0.00	4578	6
3	232	0	1	4	82	-397.02	48.75	1299	7
3	233	0	1	8	26	380.42	-123.61	3753	6
3	234	0	1	4	60	-193.92	-349.85	1461	7
3	235	0	1	8	34	-393.92	69.46	1416	7
3	236	0	0	8	11	0.00	0.00	3922	6
3	237	0	1	8	38	-251.73	310.86	4718	7
3	238	0	0	4	39	0.00	0.00	2466	6
3	239	0	1	4	14	-103.53	386.37	2201	7
3	240	0	0	8	11	0.00	0.00	3373	6
3	241	3	0	4	6	0.00	0.00	1208	6
3	242	3	0	12	20	0.00	0.00	3030	6
3	243	3	0	8	36	0.00	0.00	1325	6
3	244	3	0	4	7	0.00	0.00	1140	6
3	245	3	0	8	36	0.00	0.00	1318	6
3	246	3	1	12	16	272.80	292.54	841	7
3	247	3	1	8	18	175.35	359.52	814	7
3	248	3	0	4	88	0.00	0.00	843	6
3	249	3	1	4	83	-397.81	41.81	857	7
3	250	3	0	12	12	0.00	0.00	1821	6
3	251	3	1	4	18	130.23	-378.21	979	7
3	252	3	0	12	0	0.00	0.00	2333	6
3	253	3	1	12	27	399.76	-13.96	930	7
3	254	3	0	4	34	0.00	0.00	858	6
3	255	3	0	8	19	0.00	0.00	1521	6
3	256	3	1	8	14	346.41	-200.00	908	7
3	257	3	0	8	25	0.00	0.00	1096	6
3	258	3	1	8	8	-62.57	395.08	975	7
3	259	3	1	8	13	-342.87	206.02	814	7
3	260	3	1	8	11	-217.86	-335.47	1039	7
3	261	3	0	8	30	0.00	0.00	1156	6
3	262	3	1	4	14	386.37	103.53	1055	7
3	263	3	1	12	14	103.53	386.37	1218	7
3	264	3	0	4	80	0.00	0.00	1057	6
3	265	3	0	8	44	0.00	0.00	1130	6
3	266	3	0	4	10	0.00	0.00	1141	6
3	267	3	0	8	10	0.00	0.00	1229	6
3	268	3	0	4	27	0.00	0.00	880	6
3	269	3	1	12	12	-389.75	-89.98	980	7
3	270	3	0	8	42	0.00	0.00	1095	6
3	271	3	1	12	2	-181.60	-356.40	1041	7
3	272	3	0	4	63	0.00	0.00	1097	6
3	273	3	1	4	84	-398.48	34.86	1022	7
3	274	3	1	8	28	384.50	-110.25	764	7
3	275	3	0	4	6	0.00	0.00	864	6
3	276	3	0	4	10	0.00	0.00	878	6
3	277	3	1	8	33	331.62	223.68	706	7
3	278	3	0	8	25	0.00	0.00	1821	6
3	279	3	0	12	28	0.00	0.00	1205	6
3	280	3	1	4	16	-382.52	-116.95	1219	7
3	281	3	1	12	5	397.81	41.81	689	7
3	282	3	1	4	50	-251.73	-310.86	759	6
3	283	3	1	12	13	277.86	-287.74	1196	7
3	284	3	1	8	40	-301.88	-262.42	1052	7
3	285	3	1	8	21	-156.29	-368.20	909	7
3	286	3	1	8	42	-13.96	-399.76	922	7
3	287	3	0	4	50	0.00	0.00	1216	6
3	288	3	0	4	17	0.00	0.00	1301	6
3	289	3	0	12	21	0.00	0.00	1829	6
3	290	3	0	12	19	0.00	0.00	1607	6
3	291	3	0	12	0	0.00	0.00	1284	6
3	292	3	0	12	12	0.00	0.00	1157	6
3	293	3	1	8	0	-287.74	277.86	914	7
3	294	3	1	4	21	-149.84	370.87	883	7
3	295	3	0	12	27	0.00	0.00	1702	6
3	296	3	1	12	1	211.97	-339.22	960	7
3	297	3	0	12	14	0.00	0.00	1481	6
3	298	3	0	8	25	0.00	0.00	1032	6
3	299	3	1	4	89	-400.00	0.00	1026	7
3	300	3	1	4	62	356.40	-181.60	895	7
3	301	3	1	4	27	-187.79	353.18	902	7
3	302	3	1	12	6	319.45	240.73	803	7
3	303	3	0	12	16	0.00	0.00	1513	6
3	304	3	1	8	18	-175.35	-359.52	866	7
3	305	3	0	8	32	0.00	0.00	963	6
3	306	3	0	8	39	0.00	0.00	1399	6
3	307	3	0	12	1	0.00	0.00	1233	6
3	308	3	0	8	41	0.00	0.00	1112	6
3	309	3	1	4	29	-200.00	346.41	711	7
3	310	3	1	4	22	368.20	156.29	956	7
3	311	3	1	12	13	-388.12	-96.77	964	7
3	312	3	1	8	16	-187.79	-353.18	764	7
3	313	3	1	8	33	-223.68	331.62	997	7
3	314	3	0	12	8	0.00	0.00	962	6
3	315	3	1	4	37	-315.20	-246.26	1140	7
3	316	3	1	4	50	-251.73	-310.86	636	7
3	317	3	0	4	26	0.00	0.00	735	6
3	318	3	0	4	81	0.00	0.00	996	6
3	319	3	1	12	16	-272.80	-292.54	1035	7
3	320	3	1	12	9	69.46	-393.92	823	7
3	321	3	0	8	32	0.00	0.00	886	6
3	322	3	1	8	33	-76.32	-392.65	628	7
3	323	3	0	12	5	0.00	0.00	1220	6
3	324	3	1	12	3	-331.62	-223.68	849	7
3	325	3	0	4	28	0.00	0.00	890	6
3	326	3	0	8	20	0.00	0.00	1135	6
3	327	3	1	12	24	327.66	-229.43	915	7
3	328	3	0	4	33	0.00	0.00	965	6
3	329	3	1	12	19	136.81	-375.88	861	7
3	330	3	1	8	38	-41.81	-397.81	900	7
3	331	3	1	12	1	-211.97	339.22	1198	7
3	332	3	1	4	80	62.57	395.08	886	7
3	333	3	0	4	10	0.00	0.00	1126	6
3	334	3	1	8	24	375.88	-136.81	932	7
3	335	3	0	12	3	0.00	0.00	1516	6
3	336	3	1	12	29	346.41	-200.00	1071	7
3	337	3	1	12	2	-181.60	-356.40	895	7
3	338	3	0	8	14	0.00	0.00	1436	6
3	339	3	0	4	25	0.00	0.00	1233	6
3	340	3	1	4	39	-257.12	306.42	878	7
3	341	3	0	8	23	0.00	0.00	1227	6
3	342	3	0	12	7	0.00	0.00	1440	6
3	343	3	0	12	17	0.00	0.00	1727	6
3	344	3	1	8	1	272.80	292.54	886	7
3	345	3	0	12	12	0.00	0.00	1286	6
3	346	3	1	4	13	96.77	-388.12	992	7
3	347	3	1	8	44	-400.00	0.00	1034	7
3	348	3	1	4	1	-13.96	399.76	806	7
3	349	3	0	12	22	0.00	0.00	1170	6
3	350	3	1	12	22	397.02	-48.75	1202	7
3	351	3	0	8	34	0.00	0.00	1157	6
3	352	3	0	12	24	0.00	0.00	1286	6
3	353	3	1	4	78	-76.32	-392.65	770	7
3	354	3	1	4	28	-193.92	349.85	979	7
3	355	3	1	12	24	-169.05	362.52	857	7
3	356	3	0	8	31	0.00	0.00	1085	6
3	357	3	0	4	71	0.00	0.00	1026	6
3	358	3	1	8	3	-301.88	262.42	952	7
3	359	3	0	4	89	0.00	0.00	985	6
3	360	3	0	8	12	0.00	0.00	1227	6
3	361	1	1	8	40	27.90	399.03	1793	7
3	362	1	1	8	29	-346.41	-200.00	2211	7
3	363	1	1	8	25	130.23	378.21	3173	7
3	364	1	1	8	35	-395.08	62.57	1366	7
3	365	1	0	12	0	0.00	0.00	4837	6
3	366	1	1	8	11	-335.47	217.86	1114	7
3	367	1	1	4	3	27.90	-399.03	1642	7
3	368	1	0	12	1	0.00	0.00	4627	6
3	369	1	0	4	64	0.00	0.00	1542	6
3	370	1	1	8	3	-399.03	-27.90	1229	7
3	371	1	0	8	43	0.00	0.00	5467	6
3	372	1	1	8	9	393.92	69.46	1778	7
3	373	1	0	4	80	0.00	0.00	1710	6
3	374	1	1	12	21	-396.11	55.67	1288	7
3	375	1	1	8	32	-83.16	-391.26	1418	7
3	376	1	0	4	28	0.00	0.00	1767	6
3	377	1	1	12	17	123.61	-380.42	1434	7
3	378	1	1	4	43	-287.74	-277.86	1331	7
3	379	1	1	4	75	96.77	388.12	1412	7
3	380	1	0	4	11	0.00	0.00	1764	6
3	381	1	0	4	77	0.00	0.00	1455	6
3	382	1	1	8	19	375.88	136.81	1372	7
3	383	1	0	4	44	0.00	0.00	3114	6
3	384	1	0	12	28	0.00	0.00	3523	6
3	385	1	0	8	44	0.00	0.00	4238	6
3	386	1	0	4	75	0.00	0.00	1418	6
3	387	1	0	4	51	0.00	0.00	1743	6
3	388	1	1	12	28	6.98	399.94	1548	7
3	389	1	0	12	24	0.00	0.00	4653	6
3	390	1	1	4	31	-339.22	-211.97	1656	7
3	391	1	1	4	52	319.45	-240.73	1954	7
3	392	1	1	8	36	-240.73	319.45	1538	7
3	393	1	0	4	61	0.00	0.00	1658	6
3	394	1	1	12	1	187.79	353.18	1583	7
3	395	1	1	8	31	-211.97	339.22	1666	7
3	396	1	0	8	6	0.00	0.00	4371	6
3	397	1	1	12	26	-335.47	217.86	3692	7
3	398	1	0	12	23	0.00	0.00	7129	6
3	399	1	1	4	56	335.47	-217.86	1441	7
3	400	1	0	8	7	0.00	0.00	3370	6
3	401	1	0	12	0	0.00	0.00	3768	6
3	402	1	1	4	20	-373.43	-143.35	1049	7
3	403	1	1	8	32	-217.86	335.47	1353	7
3	404	1	0	8	5	0.00	0.00	3424	6
3	405	1	0	8	25	0.00	0.00	3842	6
3	406	1	1	12	15	-287.74	277.86	1455	7
3	407	1	1	4	73	-110.25	-384.50	1515	7
3	408	1	0	8	19	0.00	0.00	3370	6
3	409	1	1	12	11	-123.61	-380.42	3282	7
3	410	1	0	8	16	0.00	0.00	3520	6
3	411	1	1	12	23	41.81	397.81	2857	7
3	412	1	0	12	9	0.00	0.00	4694	6
3	413	1	0	8	17	0.00	0.00	4550	6
3	414	1	0	4	79	0.00	0.00	1692	6
3	415	1	0	8	33	0.00	0.00	3842	6
3	416	1	1	12	9	-393.92	-69.46	1939	7
3	417	1	1	12	20	-310.86	251.73	1712	7
3	418	1	1	4	26	-181.60	356.40	1574	7
3	419	1	0	12	6	0.00	0.00	4348	6
3	420	1	0	8	37	0.00	0.00	3396	6
3	421	1	0	4	88	0.00	0.00	1960	6
3	422	1	0	8	26	0.00	0.00	2664	6
3	423	1	0	12	5	0.00	0.00	3543	6
3	424	1	0	12	1	0.00	0.00	2944	6
3	425	1	1	12	4	362.52	-169.05	3347	7
3	426	1	0	8	35	0.00	0.00	2877	6
3	427	1	0	12	19	0.00	0.00	3758	6
3	428	1	1	12	1	353.18	-187.79	2560	7
3	429	1	1	8	32	-83.16	-391.26	1585	7
3	430	1	1	12	7	246.26	-315.20	1849	7
3	431	1	0	8	1	0.00	0.00	2718	6
3	432	1	0	4	10	0.00	0.00	1273	6
3	433	1	1	12	17	-123.61	380.42	2207	7
3	434	1	1	4	24	-362.52	-169.05	1628	7
3	435	1	0	12	17	0.00	0.00	4139	6
3	436	1	0	4	4	0.00	0.00	1221	6
3	437	1	1	4	89	400.00	-0.00	1311	7
3	438	1	0	4	88	0.00	0.00	1568	6
3	439	1	1	8	11	217.86	335.47	1690	7
3	440	1	0	4	13	0.00	0.00	1484	6
3	441	1	1	8	13	-388.12	-96.77	2525	7
3	442	1	1	4	60	-349.85	193.92	1021	7
3	443	1	0	12	7	0.00	0.00	5765	6
3	444	1	1	12	27	339.22	-211.97	1851	7
3	445	1	1	4	16	-116.95	382.52	1233	7
3	446	1	0	12	16	0.00	0.00	4450	6
3	447	1	0	8	21	0.00	0.00	3550	6
3	448	1	1	4	37	-315.20	-246.26	1802	7
3	449	1	0	4	20	0.00	0.00	1896	6
3	450	1	0	12	16	0.00	0.00	4892	6
3	451	1	0	12	1	0.00	0.00	4818	6
3	452	1	0	12	18	0.00	0.00	4192	6
3	453	1	0	4	31	0.00	0.00	1488	6
3	454	1	1	4	69	-375.88	136.81	1267	7
3	455	1	1	8	27	-353.18	-187.79	2087	7
3	456	1	1	4	6	-397.02	-48.75	1077	7
3	457	1	1	8	29	386.37	-103.53	1948	7
3	458	1	0	12	3	0.00	0.00	6559	6
3	459	1	0	8	30	0.00	0.00	3595	6
3	460	1	1	8	29	346.41	200.00	2794	7
3	461	1	1	12	15	-110.25	384.50	1609	7
3	462	1	1	8	19	362.52	-169.05	2802	7
3	463	1	1	12	3	-359.52	175.35	1578	7
3	464	1	0	8	36	0.00	0.00	3357	6
3	465	1	1	4	27	353.18	187.79	1464	7
3	466	1	1	4	45	277.86	287.74	1697	7
3	467	1	0	4	79	0.00	0.00	1781	6
3	468	1	0	12	5	0.00	0.00	3609	6
3	469	1	0	8	30	0.00	0.00	2722	6
3	470	1	1	4	48	262.42	301.88	1175	7
3	471	1	1	12	1	-211.97	339.22	1630	7
3	472	1	1	12	14	-282.84	282.84	1390	7
3	473	1	0	8	6	0.00	0.00	4205	6
3	474	1	1	8	24	169.05	-362.52	2425	7
3	475	1	0	4	80	0.00	0.00	1543	6
3	476	1	0	12	1	0.00	0.00	3410	6
3	477	1	1	4	41	297.26	267.65	2986	7
3	478	1	0	4	69	0.00	0.00	1758	6
3	479	1	1	12	14	-386.37	103.53	1074	7
3	480	1	0	8	35	0.00	0.00	2530	6
