trl_n curr_stim_level search nitems curr_target
1 1 0 12 1
2 1 0 4 1
3 1 1 8 2
4 1 1 12 1
5 1 0 12 2
6 1 1 8 2
7 1 1 8 1
8 1 1 12 2
9 1 0 4 2
10 1 1 4 1
11 1 0 8 1
12 1 1 8 2
13 1 1 4 2
14 1 0 12 1
15 1 0 4 1
16 1 1 12 2
17 1 0 8 1
18 1 0 4 2
19 1 0 8 1
20 1 1 4 2
21 1 1 4 1
22 1 0 4 2
23 1 0 4 2
24 1 1 12 2
25 1 0 12 2
26 1 0 12 1
27 1 0 12 2
28 1 0 12 1
29 1 1 4 1
30 1 0 8 2
31 1 1 8 2
32 1 1 8 1
33 1 1 8 2
34 1 0 12 1
35 1 1 12 2
36 1 1 4 2
37 1 1 4 1
38 1 0 4 1
39 1 1 8 1
40 1 0 8 2
41 1 0 12 2
42 1 1 12 1
43 1 1 12 1
44 1 0 12 1
45 1 0 4 1
46 1 0 4 2
47 1 1 8 2
48 1 1 8 1
49 1 1 8 2
50 1 0 4 1
51 1 1 12 1
52 1 1 12 2
53 1 1 12 1
54 1 1 8 1
55 1 0 4 1
56 1 1 4 1
57 1 1 4 1
58 1 0 8 2
59 1 1 8 2
60 1 0 4 1
61 1 0 8 2
62 1 1 4 2
63 1 0 8 2
64 1 0 4 2
65 1 1 8 1
66 1 1 4 1
67 1 1 8 2
68 1 0 8 1
69 1 0 12 1
70 1 1 12 1
71 1 0 8 1
72 1 0 4 1
73 1 1 12 2
74 1 0 12 1
75 1 0 4 2
76 1 1 4 2
77 1 0 4 2
78 1 0 4 1
79 1 1 8 1
80 1 0 8 2
81 1 1 12 1
82 1 0 8 2
83 1 0 12 2
84 1 0 4 2
85 1 1 4 1
86 1 0 4 2
87 1 1 4 2
88 1 0 12 2
89 1 0 12 2
90 1 0 4 1
91 1 1 4 1
92 1 1 12 1
93 1 0 12 1
94 1 0 12 2
95 1 1 12 1
96 1 0 8 2
97 1 1 4 2
98 1 1 12 1
99 1 1 8 1
100 1 1 4 2
101 1 1 4 1
102 1 1 12 2
103 1 1 12 2
104 1 0 8 2
105 1 0 12 2
106 1 0 8 1
107 1 1 8 1
108 1 0 12 1
109 1 1 12 2
110 1 1 4 2
111 1 0 8 1
112 1 0 8 2
113 1 1 8 2
114 1 1 12 2
115 1 0 8 1
116 1 0 8 1
117 1 0 12 2
118 1 1 8 1
119 1 1 4 2
120 1 0 8 1
121 3 0 4 1
122 3 1 4 2
123 3 0 12 1
124 3 1 8 2
125 3 1 4 2
126 3 1 8 1
127 3 0 12 2
128 3 1 8 2
129 3 1 12 2
130 3 1 4 2
131 3 0 4 2
132 3 1 8 1
133 3 0 4 1
134 3 1 12 1
135 3 0 8 1
136 3 0 4 2
137 3 0 12 2
138 3 0 12 2
139 3 0 12 1
140 3 1 8 2
141 3 1 4 2
142 3 0 8 1
143 3 0 12 2
144 3 1 8 1
145 3 0 12 1
146 3 0 4 2
147 3 1 4 2
148 3 0 12 1
149 3 1 8 2
150 3 0 8 2
151 3 0 8 2
152 3 0 12 2
153 3 1 4 1
154 3 1 12 1
155 3 0 12 1
156 3 0 8 1
157 3 1 8 1
158 3 1 12 2
159 3 0 4 1
160 3 0 4 2
161 3 1 4 1
162 3 1 12 1
163 3 1 8 1
164 3 0 12 1
165 3 1 8 1
166 3 1 12 1
167 3 1 12 2
168 3 1 4 1
169 3 0 8 1
170 3 1 12 1
171 3 1 8 1
172 3 1 12 1
173 3 1 8 2
174 3 1 4 2
175 3 1 8 1
176 3 1 4 1
177 3 0 8 2
178 3 0 4 1
179 3 0 12 2
180 3 1 8 2
181 3 1 4 2
182 3 0 8 2
183 3 0 4 1
184 3 1 12 2
185 3 1 12 2
186 3 0 4 1
187 3 1 12 2
188 3 0 4 1
189 3 0 12 1
190 3 0 8 2
191 3 0 4 2
192 3 0 4 2
193 3 1 4 2
194 3 1 4 1
195 3 1 4 2
196 3 1 4 1
197 3 0 8 1
198 3 0 4 2
199 3 0 4 2
200 3 1 12 1
201 3 1 8 2
202 3 1 8 2
203 3 0 8 1
204 3 0 4 2
205 3 0 8 1
206 3 1 12 1
207 3 0 8 2
208 3 0 4 1
209 3 0 12 1
210 3 0 4 1
211 3 0 8 2
212 3 0 12 2
213 3 1 4 1
214 3 0 8 1
215 3 0 12 2
216 3 0 12 2
217 3 0 8 2
218 3 0 4 1
219 3 1 4 1
220 3 1 4 1
221 3 1 8 2
222 3 1 12 2
223 3 0 8 1
224 3 0 12 1
225 3 0 12 1
226 3 1 12 1
227 3 0 12 2
228 3 1 4 1
229 3 1 12 2
230 3 1 4 2
231 3 0 4 2
232 3 1 8 2
233 3 1 8 1
234 3 0 8 2
235 3 1 8 1
236 3 1 12 2
237 3 1 12 2
238 3 1 12 1
239 3 0 8 2
240 3 0 8 1
241 2 0 12 1
242 2 1 8 2
243 2 0 8 1
244 2 1 4 1
245 2 0 12 1
246 2 0 8 1
247 2 0 12 2
248 2 1 4 1
249 2 1 8 2
250 2 0 4 1
251 2 0 8 2
252 2 1 12 2
253 2 0 4 1
254 2 1 12 2
255 2 1 4 2
256 2 1 8 2
257 2 1 8 2
258 2 0 4 1
259 2 0 8 2
260 2 1 8 1
261 2 1 4 1
262 2 1 4 1
263 2 0 8 2
264 2 1 4 2
265 2 0 12 1
266 2 1 4 1
267 2 0 8 2
268 2 0 12 2
269 2 1 8 2
270 2 1 4 2
271 2 1 8 2
272 2 0 4 2
273 2 1 4 1
274 2 1 4 1
275 2 0 8 2
276 2 0 4 1
277 2 0 8 2
278 2 0 4 2
279 2 0 12 2
280 2 1 12 1
281 2 0 12 1
282 2 1 12 1
283 2 0 4 2
284 2 1 12 2
285 2 0 4 2
286 2 1 8 2
287 2 0 4 2
288 2 1 4 1
289 2 1 8 1
290 2 0 12 1
291 2 1 8 1
292 2 0 12 2
293 2 1 4 2
294 2 1 12 2
295 2 0 8 2
296 2 0 12 2
297 2 1 8 1
298 2 0 4 1
299 2 0 4 1
300 2 0 8 1
301 2 0 4 2
302 2 1 12 2
303 2 0 12 1
304 2 1 4 2
305 2 0 8 1
306 2 1 8 1
307 2 0 12 2
308 2 1 8 2
309 2 1 4 1
310 2 0 8 1
311 2 0 4 1
312 2 0 12 1
313 2 0 12 2
314 2 1 12 1
315 2 1 4 2
316 2 1 8 1
317 2 1 12 1
318 2 0 8 1
319 2 0 4 2
320 2 1 8 1
321 2 1 4 2
322 2 0 8 2
323 2 1 12 1
324 2 0 12 2
325 2 0 12 2
326 2 1 12 2
327 2 0 8 1
328 2 1 8 2
329 2 1 12 1
330 2 0 4 1
331 2 0 12 1
332 2 1 8 1
333 2 0 12 2
334 2 0 4 2
335 2 1 4 1
336 2 0 8 2
337 2 1 8 2
338 2 1 12 1
339 2 1 4 2
340 2 1 12 2
341 2 1 8 1
342 2 1 12 2
343 2 0 4 2
344 2 0 4 1
345 2 1 4 2
346 2 1 12 2
347 2 0 8 1
348 2 0 4 1
349 2 0 8 1
350 2 0 8 1
351 2 0 4 2
352 2 1 12 1
353 2 1 12 1
354 2 0 12 1
355 2 1 8 1
356 2 1 12 2
357 2 1 12 1
358 2 0 12 1
359 2 0 8 2
360 2 1 4 2
361 0 1 4 2
362 0 0 4 2
363 0 1 8 2
364 0 1 12 2
365 0 0 8 2
366 0 1 8 2
367 0 1 8 1
368 0 1 8 1
369 0 0 4 2
370 0 1 12 1
371 0 1 8 2
372 0 0 8 2
373 0 0 4 2
374 0 0 12 2
375 0 0 12 1
376 0 0 4 2
377 0 0 12 2
378 0 1 8 2
379 0 1 8 2
380 0 1 8 1
381 0 0 8 1
382 0 0 4 2
383 0 1 12 2
384 0 0 8 1
385 0 1 4 2
386 0 1 4 1
387 0 0 12 1
388 0 1 12 1
389 0 1 8 1
390 0 0 4 1
391 0 0 8 2
392 0 1 8 2
393 0 1 4 1
394 0 1 4 2
395 0 1 4 1
396 0 1 12 2
397 0 0 4 1
398 0 0 12 2
399 0 0 4 1
400 0 0 12 1
401 0 0 8 1
402 0 0 12 1
403 0 1 4 2
404 0 0 12 2
405 0 1 4 1
406 0 0 8 1
407 0 0 8 2
408 0 1 4 2
409 0 1 12 2
410 0 0 12 2
411 0 0 8 2
412 0 1 12 2
413 0 1 12 1
414 0 1 12 1
415 0 1 8 1
416 0 1 12 1
417 0 1 4 2
418 0 1 4 1
419 0 0 8 1
420 0 0 12 2
421 0 0 8 1
422 0 1 12 2
423 0 1 4 1
424 0 0 4 2
425 0 0 4 1
426 0 0 8 1
427 0 0 4 1
428 0 1 12 1
429 0 1 12 1
430 0 0 4 2
431 0 0 8 2
432 0 0 8 2
433 0 0 8 2
434 0 0 4 2
435 0 1 4 1
436 0 0 12 1
437 0 0 12 1
438 0 0 4 2
439 0 0 4 1
440 0 1 4 2
441 0 0 8 1
442 0 1 8 1
443 0 1 4 1
444 0 1 4 1
445 0 0 8 1
446 0 1 4 2
447 0 1 12 1
448 0 1 4 1
449 0 1 12 2
450 0 0 4 1
451 0 1 4 2
452 0 1 12 2
453 0 1 8 2
454 0 1 12 2
455 0 1 8 1
456 0 1 12 1
457 0 0 8 2
458 0 0 12 1
459 0 0 12 1
460 0 0 12 1
461 0 0 12 2
462 0 0 12 1
463 0 1 8 1
464 0 1 4 2
465 0 0 12 2
466 0 0 12 2
467 0 0 4 1
468 0 1 8 2
469 0 0 4 1
470 0 0 4 2
471 0 1 8 1
472 0 1 8 2
473 0 0 8 1
474 0 1 12 2
475 0 0 4 1
476 0 1 12 1
477 0 0 12 2
478 0 1 8 1
479 0 1 8 2
480 0 0 8 2
