blk	trl	target	search	nitems	rot_offset	tpos_x	tpos_y	rt	button
1	2	2	1	12	1	-13.96	399.76	5384	7
1	3	2	0	12	4	0.00	0.00	11745	6
1	4	2	1	4	72	116.95	382.52	3092	7
1	5	2	0	4	49	0.00	0.00	6213	6
1	6	2	0	12	19	0.00	0.00	10477	6
1	7	2	1	4	79	-69.46	-393.92	2096	7
1	8	2	1	8	7	-396.11	-55.67	1463	7
1	9	2	1	8	10	-331.62	223.68	1408	7
1	10	2	0	8	35	0.00	0.00	8788	6
1	11	2	1	4	79	-393.92	69.46	1524	7
1	12	2	1	12	10	392.65	76.32	1797	7
1	13	2	0	12	14	0.00	0.00	13552	6
1	14	2	1	12	6	240.73	-319.45	2085	7
1	15	2	1	12	11	380.42	-123.61	2177	7
1	16	2	0	12	25	0.00	0.00	14096	6
1	17	2	1	12	4	-169.05	-362.52	1523	7
1	18	2	1	12	15	384.50	110.25	1449	7
1	19	2	0	8	17	0.00	0.00	13668	6
1	20	2	1	8	33	-392.65	76.32	1026	7
1	21	2	1	8	21	-368.20	156.29	1057	7
1	22	2	1	8	20	-373.43	-143.35	2057	7
1	23	2	0	4	57	0.00	0.00	9417	7
1	24	2	0	12	20	0.00	0.00	13027	6
1	25	2	0	4	50	0.00	0.00	9747	6
1	26	2	0	8	35	0.00	0.00	15032	6
1	27	2	0	8	34	0.00	0.00	13931	6
1	28	2	0	4	0	0.00	0.00	11217	6
1	29	2	0	12	21	0.00	0.00	18337	6
1	30	2	1	8	35	235.11	-323.61	2126	7
1	31	2	0	12	4	0.00	0.00	18272	6
1	32	2	1	8	16	-116.95	382.52	1285	7
1	33	2	0	4	49	0.00	0.00	6885	6
1	34	2	0	8	1	0.00	0.00	9442	6
1	35	2	0	12	10	0.00	0.00	15166	6
1	36	2	0	4	59	0.00	0.00	6667	6
1	37	2	0	12	11	0.00	0.00	11558	6
1	38	2	1	8	20	365.42	-162.69	2443	7
1	39	2	1	8	27	-353.18	-187.79	1471	7
1	40	2	1	4	22	368.20	156.29	1256	7
1	41	2	0	12	14	0.00	0.00	12915	6
1	42	2	1	4	19	375.88	136.81	1393	7
1	43	2	0	8	36	0.00	0.00	10726	6
1	44	2	1	4	37	-246.26	315.20	1092	7
1	45	2	0	8	24	0.00	0.00	9718	6
1	46	2	1	4	51	-246.26	-315.20	1352	7
1	47	2	0	12	21	0.00	0.00	15036	6
1	48	2	0	4	7	0.00	0.00	4600	7
1	49	2	1	12	5	-162.69	-365.42	1581	7
1	50	2	1	12	13	-277.86	287.74	1115	7
1	51	2	1	4	27	353.18	187.79	1562	7
1	52	2	0	4	78	0.00	0.00	7344	6
1	53	2	0	12	2	0.00	0.00	11282	6
1	54	2	0	4	54	0.00	0.00	5492	6
1	55	2	1	8	42	-272.80	292.54	954	7
1	56	2	1	4	2	-20.93	399.45	1084	7
1	57	2	1	12	7	149.84	370.87	1365	7
1	58	2	0	8	26	0.00	0.00	8707	6
1	59	2	0	4	86	0.00	0.00	5377	6
1	60	2	0	4	37	0.00	0.00	5253	6
1	61	2	1	8	40	27.90	399.03	1299	7
1	62	2	0	4	29	0.00	0.00	2436	6
1	63	2	0	4	22	0.00	0.00	1634	6
1	64	2	0	8	2	0.00	0.00	2944	6
1	65	2	0	4	54	0.00	0.00	1551	6
1	66	2	1	4	24	-169.05	362.52	1413	7
1	67	2	1	8	25	359.52	175.35	2446	7
1	68	2	0	8	22	0.00	0.00	2673	6
1	69	2	1	4	45	-277.86	-287.74	2074	7
1	70	2	1	8	43	-399.94	6.98	1070	7
1	71	2	0	12	4	0.00	0.00	3017	6
1	72	2	1	8	6	246.26	315.20	1482	7
1	73	2	1	4	84	-34.86	-398.48	1305	7
1	74	2	0	8	13	0.00	0.00	2467	6
1	75	2	1	4	9	393.92	69.46	2357	7
1	76	2	0	4	84	0.00	0.00	1586	6
1	77	2	0	4	11	0.00	0.00	1846	6
1	78	2	1	4	59	-346.41	200.00	2767	7
1	79	2	1	12	21	396.11	-55.67	1560	7
1	80	2	1	8	13	206.02	342.87	1295	7
1	81	2	1	12	8	62.57	-395.08	1829	7
1	82	2	1	4	73	384.50	-110.25	1232	7
1	83	2	0	12	23	0.00	0.00	2903	6
1	84	2	0	12	20	0.00	0.00	4289	6
1	85	2	0	12	13	0.00	0.00	3640	6
1	86	2	0	8	13	0.00	0.00	2923	6
1	87	2	0	12	23	0.00	0.00	2964	6
1	88	2	0	8	39	0.00	0.00	2949	6
1	89	2	1	12	13	110.25	384.50	1310	7
1	90	2	1	4	89	-0.00	-400.00	1218	7
1	91	2	0	8	1	0.00	0.00	2524	6
1	92	2	1	8	41	-20.93	-399.45	2070	7
1	93	2	1	12	7	-149.84	-370.87	1426	7
1	94	2	1	12	2	-181.60	-356.40	1340	7
1	95	2	1	12	5	-235.11	323.61	1437	7
1	96	2	0	4	25	0.00	0.00	1425	6
1	97	2	0	12	22	0.00	0.00	2909	6
1	98	2	0	8	28	0.00	0.00	2317	6
1	99	2	0	4	37	0.00	0.00	1386	6
1	100	2	0	8	1	0.00	0.00	1799	6
1	101	2	1	12	22	240.73	319.45	1343	7
1	102	2	1	8	15	193.92	349.85	1312	6
1	103	2	1	12	4	362.52	-169.05	1719	7
1	104	2	0	8	1	0.00	0.00	2537	6
1	105	2	0	12	14	0.00	0.00	2689	6
1	106	2	1	8	15	-349.85	193.92	1234	7
1	107	2	1	4	3	-27.90	399.03	1470	7
1	108	2	1	4	3	27.90	-399.03	1433	7
1	109	2	0	4	40	0.00	0.00	1539	6
1	110	2	0	4	34	0.00	0.00	1787	6
1	111	2	0	12	13	0.00	0.00	3028	6
1	112	2	1	8	31	-89.98	-389.75	1561	7
1	113	2	1	12	26	399.45	-20.93	2256	7
1	114	2	1	4	41	297.26	267.65	1064	7
1	115	2	0	8	20	0.00	0.00	3182	6
1	116	2	1	8	32	83.16	391.26	1129	7
1	117	2	0	8	23	0.00	0.00	5170	6
1	118	2	1	12	12	116.95	382.52	1416	7
1	119	2	1	12	17	-83.16	-391.26	2711	7
1	120	2	0	8	40	0.00	0.00	2899	6
1	121	1	1	12	23	323.61	-235.11	3603	7
1	122	1	1	4	40	301.88	262.42	1571	7
1	123	1	0	4	82	0.00	0.00	1913	6
1	124	1	1	12	8	-62.57	395.08	2875	7
1	125	1	0	4	57	0.00	0.00	2188	6
1	126	1	1	4	35	-235.11	323.61	2075	7
1	127	1	0	8	35	0.00	0.00	3713	6
1	128	1	0	8	29	0.00	0.00	6486	6
1	129	1	1	4	54	327.66	-229.43	2259	7
1	130	1	1	4	89	-0.00	-400.00	1965	7
1	131	1	1	12	14	-103.53	386.37	1891	7
1	132	1	1	8	3	399.03	27.90	2439	7
1	133	1	1	12	25	359.52	175.35	2941	7
1	134	1	0	12	17	0.00	0.00	4527	6
1	135	1	0	4	67	0.00	0.00	1907	6
1	136	1	0	12	8	0.00	0.00	3983	6
1	137	1	1	4	89	0.00	400.00	1726	7
1	138	1	0	12	23	0.00	0.00	5788	6
1	139	1	1	4	89	-0.00	-400.00	1912	7
1	140	1	1	8	40	-399.03	27.90	3628	7
1	141	1	1	12	27	-187.79	353.18	2422	7
1	142	1	1	8	3	-301.88	262.42	1489	7
1	143	1	0	8	2	0.00	0.00	3803	6
1	144	1	1	4	21	-149.84	370.87	2106	7
1	145	1	0	12	27	0.00	0.00	7867	6
1	146	1	1	12	3	27.90	-399.03	5591	6
1	147	1	0	12	7	0.00	0.00	7805	6
1	148	1	1	12	8	251.73	-310.86	4574	7
1	149	1	1	8	11	-335.47	217.86	2480	7
1	150	1	1	12	8	-251.73	310.86	2501	7
1	151	1	1	8	43	6.98	399.94	2228	7
1	152	1	1	12	21	-246.26	-315.20	4656	7
1	153	1	1	4	39	-257.12	306.42	1534	7
1	154	1	1	8	13	96.77	-388.12	3629	7
1	155	1	1	12	22	156.29	-368.20	3981	7
1	156	1	0	12	8	0.00	0.00	5989	6
1	157	1	0	12	2	0.00	0.00	4950	6
1	158	1	0	4	40	0.00	0.00	2674	6
1	159	1	1	4	9	69.46	-393.92	1944	7
1	160	1	0	12	20	0.00	0.00	6693	6
1	161	1	0	8	21	0.00	0.00	6022	6
1	162	1	1	12	21	370.87	149.84	3471	7
1	163	1	1	4	6	-48.75	397.02	1494	7
1	164	1	1	12	19	-257.12	-306.42	3676	7
1	165	1	0	4	80	0.00	0.00	2127	6
1	166	1	0	8	11	0.00	0.00	4340	6
1	167	1	1	12	11	297.26	267.65	2582	7
1	168	1	0	8	32	0.00	0.00	3787	6
1	169	1	0	8	35	0.00	0.00	8286	6
1	170	1	1	12	1	-339.22	-211.97	5321	7
1	171	1	0	8	38	0.00	0.00	5489	6
1	172	1	0	8	32	0.00	0.00	6676	6
1	173	1	1	8	18	-175.35	-359.52	2924	7
1	174	1	1	4	38	251.73	-310.86	4489	7
1	175	1	0	8	11	0.00	0.00	6200	6
1	176	1	1	4	49	257.12	306.42	1726	7
1	177	1	1	12	9	69.46	-393.92	3474	7
1	178	1	0	8	19	0.00	0.00	5488	6
1	179	1	0	12	8	0.00	0.00	6256	6
1	180	1	1	12	5	323.61	235.11	3009	7
1	181	1	1	8	16	-116.95	382.52	1393	7
1	182	1	0	4	62	0.00	0.00	2207	6
1	183	1	1	8	7	-55.67	396.11	2226	7
1	184	1	0	4	49	0.00	0.00	2044	6
1	185	1	1	12	29	-346.41	200.00	1893	7
1	186	1	0	12	20	0.00	0.00	4956	6
1	187	1	0	12	4	0.00	0.00	7620	6
1	188	1	0	4	46	0.00	0.00	3321	6
1	189	1	0	12	4	0.00	0.00	7662	6
1	190	1	0	12	16	0.00	0.00	4667	6
1	191	1	0	4	14	0.00	0.00	2901	6
1	192	1	0	8	41	0.00	0.00	5605	6
1	193	1	0	12	11	0.00	0.00	6216	6
1	194	1	0	4	26	0.00	0.00	2346	6
1	195	1	1	8	3	27.90	-399.03	2688	7
1	196	1	1	8	19	-375.88	-136.81	2224	7
1	197	1	1	8	29	103.53	386.37	1740	7
1	198	1	0	8	15	0.00	0.00	4264	6
1	199	1	1	8	29	-200.00	346.41	1336	7
1	200	1	0	8	39	0.00	0.00	3504	6
1	201	1	0	12	13	0.00	0.00	3641	6
1	202	1	1	8	20	373.43	143.35	2055	7
1	203	1	1	8	44	-282.84	282.84	1806	7
1	204	1	1	4	75	-388.12	96.77	2325	7
1	205	1	0	8	25	0.00	0.00	4109	6
1	206	1	0	4	65	0.00	0.00	1825	6
1	207	1	0	8	32	0.00	0.00	7997	6
1	208	1	0	8	29	0.00	0.00	4039	6
1	209	1	1	4	73	110.25	384.50	1037	7
1	210	1	0	12	3	0.00	0.00	5422	6
1	211	1	0	4	79	0.00	0.00	1685	6
1	212	1	0	12	4	0.00	0.00	5965	6
1	213	1	0	4	71	0.00	0.00	3251	6
1	214	1	1	4	32	217.86	-335.47	1435	7
1	215	1	1	4	31	-211.97	339.22	1916	7
1	216	1	0	4	13	0.00	0.00	2433	6
1	217	1	0	8	29	0.00	0.00	5750	6
1	218	1	1	4	8	395.08	62.57	2630	7
1	219	1	0	4	56	0.00	0.00	1665	6
1	220	1	0	12	5	0.00	0.00	6874	6
1	221	1	1	8	6	397.02	48.75	3350	7
1	222	1	0	4	5	0.00	0.00	1865	6
1	223	1	0	4	34	0.00	0.00	1873	6
1	224	1	0	4	51	0.00	0.00	1985	6
1	225	1	1	12	21	246.26	315.20	2735	7
1	226	1	0	12	20	0.00	0.00	8329	6
1	227	1	0	12	13	0.00	0.00	6583	6
1	228	1	1	4	54	-327.66	229.43	1481	7
1	229	1	1	4	35	235.11	-323.61	1873	7
1	230	1	1	12	2	356.40	-181.60	2366	7
1	231	1	0	4	29	0.00	0.00	2258	6
1	232	1	1	8	36	240.73	-319.45	3019	7
1	233	1	1	8	37	-48.75	-397.02	2619	7
1	234	1	0	4	32	0.00	0.00	1550	6
1	235	1	1	8	33	76.32	392.65	1611	7
1	236	1	1	8	34	69.46	393.92	1450	7
1	237	1	1	12	23	365.42	162.69	3511	7
1	238	1	0	8	41	0.00	0.00	3691	6
1	239	1	1	4	66	-368.20	156.29	1197	7
1	240	1	0	8	32	0.00	0.00	3818	6
1	241	3	0	4	26	0.00	0.00	1588	6
1	242	3	1	12	26	181.60	-356.40	1613	7
1	243	3	1	8	29	386.37	-103.53	838	7
1	244	3	0	12	25	0.00	0.00	4104	6
1	245	3	0	4	72	0.00	0.00	1830	6
1	246	3	0	8	27	0.00	0.00	3463	6
1	247	3	1	8	22	-368.20	-156.29	935	7
1	248	3	1	12	24	-34.86	-398.48	1233	7
1	249	3	0	8	32	0.00	0.00	2631	6
1	250	3	0	4	51	0.00	0.00	1618	6
1	251	3	0	8	35	0.00	0.00	2396	6
1	252	3	0	12	20	0.00	0.00	3719	6
1	253	3	0	12	27	0.00	0.00	3594	6
1	254	3	0	8	25	0.00	0.00	2158	6
1	255	3	1	12	12	382.52	-116.95	1009	7
1	256	3	1	8	43	277.86	-287.74	1171	7
1	257	3	1	8	27	382.52	-116.95	1100	7
1	258	3	0	8	2	0.00	0.00	2569	6
1	259	3	0	8	16	0.00	0.00	1585	6
1	260	3	0	4	13	0.00	0.00	1048	6
1	261	3	1	4	83	41.81	397.81	1098	7
1	262	3	1	8	3	262.42	301.88	1335	7
1	263	3	1	4	39	-257.12	306.42	1808	7
1	264	3	1	8	6	48.75	-397.02	1308	7
1	265	3	0	12	7	0.00	0.00	1285	6
1	266	3	0	12	6	0.00	0.00	1022	6
1	267	3	0	4	51	0.00	0.00	1184	6
1	268	3	1	12	2	-217.86	335.47	1266	7
1	269	3	1	4	74	103.53	386.37	1229	7
1	270	3	1	12	23	-397.81	41.81	1015	7
1	271	3	0	12	10	0.00	0.00	1631	6
1	272	3	1	12	21	-246.26	-315.20	1279	7
1	273	3	1	12	19	306.42	-257.12	1323	7
1	274	3	0	8	41	0.00	0.00	1323	6
1	275	3	0	12	28	0.00	0.00	1260	6
1	276	3	0	12	12	0.00	0.00	1647	6
1	277	3	1	8	38	-397.81	41.81	928	7
1	278	3	0	8	24	0.00	0.00	1142	6
1	279	3	0	8	43	0.00	0.00	1240	6
1	280	3	0	8	23	0.00	0.00	982	6
1	281	3	0	12	16	0.00	0.00	1604	6
1	282	3	0	8	29	0.00	0.00	1074	6
1	283	3	1	4	34	-229.43	327.66	1060	7
1	284	3	1	4	89	-0.00	-400.00	1221	7
1	285	3	0	12	7	0.00	0.00	1122	6
1	286	3	1	4	88	-6.98	-399.94	985	7
1	287	3	1	12	17	391.26	-83.16	1516	7
1	288	3	0	4	64	0.00	0.00	1060	6
1	289	3	0	4	0	0.00	0.00	1117	6
1	290	3	0	4	8	0.00	0.00	822	6
1	291	3	0	4	86	0.00	0.00	764	6
1	292	3	1	4	57	339.22	-211.97	1221	7
1	293	3	0	12	9	0.00	0.00	1103	6
1	294	3	1	8	42	399.76	-13.96	986	7
1	295	3	1	4	18	130.23	-378.21	902	6
1	296	3	1	4	12	389.75	89.98	910	6
1	297	3	1	12	29	-400.00	0.00	956	7
1	298	3	0	8	10	0.00	0.00	974	6
1	299	3	1	8	42	13.96	399.76	1583	7
1	300	3	0	12	12	0.00	0.00	821	6
1	301	3	1	4	63	-359.52	175.35	998	7
1	302	3	0	8	8	0.00	0.00	1232	6
1	303	3	0	4	48	0.00	0.00	830	6
1	304	3	1	4	16	-382.52	-116.95	918	7
1	305	3	1	8	22	-156.29	368.20	887	7
1	306	3	1	4	26	-181.60	356.40	1079	7
1	307	3	0	12	19	0.00	0.00	2387	6
1	308	3	1	12	1	-13.96	399.76	963	7
1	309	3	1	4	85	27.90	399.03	1608	7
1	310	3	1	4	8	62.57	-395.08	895	7
1	311	3	0	4	72	0.00	0.00	821	6
1	312	3	1	8	1	-399.76	-13.96	998	7
1	313	3	1	12	0	-206.02	342.87	1333	7
1	314	3	1	12	1	339.22	211.97	1658	7
1	315	3	1	12	25	399.03	-27.90	1029	7
1	316	3	1	12	18	-130.23	378.21	1090	7
1	317	3	1	8	42	-292.54	-272.80	990	7
1	318	3	1	4	38	251.73	-310.86	715	7
1	319	3	1	4	6	-48.75	397.02	833	7
1	320	3	0	4	86	0.00	0.00	1147	6
1	321	3	1	12	7	-149.84	-370.87	968	7
1	322	3	1	12	22	397.02	-48.75	794	7
1	323	3	0	8	42	0.00	0.00	1174	6
1	324	3	1	12	7	-315.20	-246.26	954	7
1	325	3	1	4	17	123.61	-380.42	859	7
1	326	3	0	12	29	0.00	0.00	1064	6
1	327	3	0	4	8	0.00	0.00	929	6
1	328	3	1	4	63	175.35	359.52	707	7
1	329	3	0	12	21	0.00	0.00	1342	6
1	330	3	0	4	13	0.00	0.00	836	6
1	331	3	0	8	40	0.00	0.00	980	6
1	332	3	0	4	26	0.00	0.00	719	6
1	333	3	0	12	26	0.00	0.00	2869	6
1	334	3	0	8	32	0.00	0.00	1178	6
1	335	3	1	4	79	-69.46	-393.92	841	7
1	336	3	0	4	58	0.00	0.00	1017	6
1	337	3	1	8	16	-116.95	382.52	1125	7
1	338	3	0	4	59	0.00	0.00	1135	6
1	339	3	1	8	33	392.65	-76.32	897	7
1	340	3	1	8	35	323.61	235.11	1029	7
1	341	3	1	12	20	-310.86	251.73	1057	7
1	342	3	0	12	9	0.00	0.00	1776	6
1	343	3	0	12	19	0.00	0.00	1609	6
1	344	3	0	8	6	0.00	0.00	1249	6
1	345	3	1	8	19	-169.05	-362.52	1053	6
1	346	3	1	8	1	-13.96	399.76	903	7
1	347	3	0	12	0	0.00	0.00	1551	6
1	348	3	1	8	36	-240.73	319.45	1022	7
1	349	3	0	4	70	0.00	0.00	1102	6
1	350	3	0	8	1	0.00	0.00	1254	6
1	351	3	1	8	0	-277.86	-287.74	1179	7
1	352	3	0	8	37	0.00	0.00	1264	6
1	353	3	0	8	7	0.00	0.00	1322	6
1	354	3	1	12	23	-41.81	-397.81	991	7
1	355	3	1	12	14	-103.53	386.37	1046	7
1	356	3	1	8	41	399.45	-20.93	889	7
1	357	3	0	4	3	0.00	0.00	965	6
1	358	3	0	12	6	0.00	0.00	1158	6
1	359	3	0	4	47	0.00	0.00	1097	6
1	360	3	1	4	60	-349.85	193.92	785	7
1	361	0	1	8	8	323.61	-235.11	8907	7
1	362	0	1	4	51	-315.20	246.26	11724	7
1	363	0	1	8	21	-368.20	156.29	2627	7
1	364	0	0	12	10	0.00	0.00	8421	6
1	365	0	0	4	23	0.00	0.00	5579	6
1	366	0	1	8	41	-399.45	20.93	2135	7
1	367	0	1	4	50	251.73	310.86	4969	7
1	368	0	1	4	7	-396.11	-55.67	4227	7
1	369	0	0	8	19	0.00	0.00	12440	6
1	370	0	0	12	4	0.00	0.00	8901	6
1	371	0	1	12	8	-395.08	-62.57	1612	7
1	372	0	1	12	19	393.92	-69.46	3987	7
1	373	0	0	4	23	0.00	0.00	4147	6
1	374	0	1	8	2	20.93	-399.45	356	6
1	375	0	1	8	43	-399.94	6.98	4482	7
1	376	0	1	12	2	-217.86	335.47	6556	7
1	377	0	0	4	80	0.00	0.00	3019	6
1	378	0	0	12	16	0.00	0.00	9355	6
1	379	0	0	4	60	0.00	0.00	3441	6
1	380	0	1	8	33	331.62	223.68	4132	6
1	381	0	0	12	20	0.00	0.00	7201	6
1	382	0	0	4	57	0.00	0.00	2657	6
1	383	0	1	12	20	62.57	395.08	5843	7
1	384	0	0	12	7	0.00	0.00	7032	6
1	385	0	0	8	17	0.00	0.00	5182	6
1	386	0	0	4	35	0.00	0.00	3151	6
1	387	0	1	8	19	375.88	136.81	7881	7
1	388	0	1	4	4	-398.48	-34.86	1904	7
1	389	0	1	4	20	-373.43	-143.35	3510	7
1	390	0	1	12	19	-136.81	375.88	9266	7
1	391	0	0	8	18	0.00	0.00	8483	6
1	392	0	0	8	26	0.00	0.00	6397	6
1	393	0	1	8	2	267.65	297.26	4106	7
1	394	0	0	8	22	0.00	0.00	11043	6
1	395	0	0	12	26	0.00	0.00	10387	6
1	396	0	0	8	6	0.00	0.00	6892	6
1	397	0	0	4	66	0.00	0.00	4146	6
1	398	0	0	12	8	0.00	0.00	11238	6
1	399	0	1	4	73	110.25	384.50	3277	7
1	400	0	1	4	57	-339.22	211.97	3471	7
1	401	0	0	4	12	0.00	0.00	5809	6
1	402	0	0	4	22	0.00	0.00	3356	6
1	403	0	1	8	9	393.92	69.46	5179	7
1	404	0	1	8	29	-200.00	346.41	3597	7
1	405	0	0	8	23	0.00	0.00	7968	6
1	406	0	1	4	20	373.43	143.35	3733	7
1	407	0	1	4	88	6.98	399.94	2983	7
1	408	0	0	8	37	0.00	0.00	7564	6
1	409	0	1	8	15	349.85	-193.92	13623	6
1	410	0	1	12	4	327.66	229.43	9346	7
1	411	0	1	12	12	-116.95	-382.52	9033	7
1	412	0	0	8	31	0.00	0.00	7279	6
1	413	0	0	4	34	0.00	0.00	5544	6
1	414	0	0	12	29	0.00	0.00	13891	6
1	415	0	0	12	28	0.00	0.00	11667	6
1	416	0	0	8	12	0.00	0.00	8695	6
1	417	0	1	8	37	-246.26	315.20	9589	7
1	418	0	0	8	27	0.00	0.00	6997	6
1	419	0	0	4	37	0.00	0.00	4681	6
1	420	0	0	8	13	0.00	0.00	13903	6
1	421	0	0	4	81	0.00	0.00	2859	6
1	422	0	1	4	78	76.32	392.65	2008	7
1	423	0	1	12	16	292.54	-272.80	5701	7
1	424	0	0	12	25	0.00	0.00	7802	6
1	425	0	1	8	39	-398.48	34.86	1642	7
1	426	0	0	8	34	0.00	0.00	4819	6
1	427	0	0	12	23	0.00	0.00	7059	6
1	428	0	1	4	55	-331.62	223.68	2273	7
1	429	0	0	8	27	0.00	0.00	2015	7
1	430	0	0	8	36	0.00	0.00	8912	6
1	431	0	1	4	5	41.81	-397.81	5035	7
1	432	0	0	4	20	0.00	0.00	10450	6
1	433	0	1	12	10	130.23	378.21	8374	7
1	434	0	1	8	36	-55.67	-396.11	2349	7
1	435	0	1	12	1	339.22	211.97	5967	7
1	436	0	0	8	25	0.00	0.00	7322	6
1	437	0	1	12	15	-277.86	-287.74	3684	7
1	438	0	0	12	7	0.00	0.00	9336	6
1	439	0	0	4	88	0.00	0.00	5095	6
1	440	0	0	12	2	0.00	0.00	7863	6
1	441	0	0	4	82	0.00	0.00	4102	6
1	442	0	1	4	55	-223.68	-331.62	2608	7
1	443	0	1	4	13	-388.12	-96.77	1631	7
1	444	0	0	12	12	0.00	0.00	12094	6
1	445	0	0	4	78	0.00	0.00	2664	6
1	446	0	0	8	5	0.00	0.00	6618	6
1	447	0	1	4	63	-359.52	175.35	8183	7
1	448	0	1	8	16	-116.95	382.52	8684	7
1	449	0	0	12	0	0.00	0.00	27450	6
1	450	0	0	8	25	0.00	0.00	5405	6
1	451	0	1	8	6	397.02	48.75	3653	7
1	452	0	1	8	35	62.57	395.08	8353	7
1	453	0	0	4	81	0.00	0.00	3371	6
1	454	0	1	12	20	395.08	-62.57	4512	7
1	455	0	0	8	40	0.00	0.00	5966	6
1	456	0	1	8	15	-110.25	384.50	5837	6
1	457	0	1	4	27	-187.79	353.18	2634	7
1	458	0	0	4	78	0.00	0.00	4385	6
1	459	0	1	4	74	-386.37	103.53	2655	7
1	460	0	1	12	6	-156.29	-368.20	8608	6
1	461	0	1	12	18	-76.32	-392.65	6308	6
1	462	0	0	12	2	0.00	0.00	8575	6
1	463	0	0	4	77	0.00	0.00	2538	6
1	464	0	1	4	47	297.26	-267.65	2282	7
1	465	0	1	12	17	-380.42	-123.61	8899	7
1	466	0	0	12	26	0.00	0.00	13447	6
1	467	0	0	12	13	0.00	0.00	12811	6
1	468	0	0	8	19	0.00	0.00	9081	6
1	469	0	1	12	25	-399.03	27.90	2410	7
1	470	0	1	12	16	-292.54	272.80	2682	7
1	471	0	0	12	1	0.00	0.00	12434	6
1	472	0	1	8	21	-370.87	-149.84	1950	7
1	473	0	1	12	25	-359.52	-175.35	3471	7
1	474	0	1	12	9	393.92	69.46	6336	7
1	475	0	0	4	55	0.00	0.00	4104	6
1	476	0	1	8	14	103.53	-386.37	7061	6
1	477	0	1	4	42	292.54	272.80	1879	7
1	478	0	0	12	7	0.00	0.00	10230	6
1	479	0	1	12	19	69.46	393.92	4006	7
1	480	0	1	4	20	-373.43	-143.35	2704	7
