blk	trl	target	search	nitems	rot_offset	tpos_x	tpos_y	rt	button
2	2	3	0	4	58	0.00	0.00	1444	6
2	3	3	1	8	16	-187.79	-353.18	949	7
2	4	3	1	4	32	335.47	217.86	919	7
2	5	3	0	4	9	0.00	0.00	1289	6
2	6	3	1	12	17	-297.26	267.65	1464	7
2	7	3	0	12	8	0.00	0.00	2468	6
2	8	3	1	12	25	331.62	-223.68	1522	7
2	9	3	1	4	62	181.60	356.40	1110	7
2	10	3	0	8	39	0.00	0.00	1800	6
2	11	3	1	4	25	175.35	-359.52	1234	7
2	12	3	0	4	20	0.00	0.00	1503	6
2	13	3	0	4	87	0.00	0.00	1453	6
2	14	3	0	4	67	0.00	0.00	1497	6
2	15	3	1	4	50	310.86	-251.73	981	7
2	16	3	0	8	5	0.00	0.00	2716	6
2	17	3	1	4	81	55.67	396.11	1128	7
2	18	3	1	8	11	-335.47	217.86	1084	7
2	19	3	0	8	40	0.00	0.00	2053	6
2	20	3	1	12	11	-380.42	123.61	1347	7
2	21	3	0	4	26	0.00	0.00	1410	6
2	22	3	1	12	15	-287.74	277.86	861	7
2	23	3	0	8	1	0.00	0.00	2273	6
2	24	3	0	12	10	0.00	0.00	2597	6
2	25	3	0	4	79	0.00	0.00	1236	6
2	26	3	0	12	16	0.00	0.00	2711	6
2	27	3	0	12	26	0.00	0.00	3768	6
2	28	3	0	4	23	0.00	0.00	1167	6
2	29	3	1	8	18	130.23	-378.21	1450	7
2	30	3	1	4	54	-327.66	229.43	872	7
2	31	3	1	4	67	-370.87	149.84	932	7
2	32	3	1	4	72	-116.95	-382.52	1543	7
2	33	3	1	4	12	-389.75	-89.98	1115	7
2	34	3	0	8	36	0.00	0.00	1906	6
2	35	3	0	4	83	0.00	0.00	1480	6
2	36	3	1	4	85	399.03	-27.90	1102	7
2	37	3	1	8	20	373.43	143.35	1691	7
2	38	3	1	4	26	-356.40	-181.60	997	7
2	39	3	1	8	15	-384.50	-110.25	1631	7
2	40	3	0	12	29	0.00	0.00	2316	6
2	41	3	0	12	7	0.00	0.00	2564	6
2	42	3	0	12	25	0.00	0.00	2361	6
2	43	3	0	8	29	0.00	0.00	1731	6
2	44	3	1	4	25	359.52	175.35	1083	7
2	45	3	1	4	42	-292.54	-272.80	1831	7
2	46	3	0	8	5	0.00	0.00	2267	6
2	47	3	1	4	88	399.94	-6.98	1327	7
2	48	3	1	12	9	-375.88	136.81	1075	7
2	49	3	0	8	5	0.00	0.00	1973	6
2	50	3	1	8	36	-240.73	319.45	1017	7
2	51	3	1	12	7	-396.11	-55.67	3629	7
2	52	3	1	8	29	103.53	386.37	928	7
2	53	3	0	12	19	0.00	0.00	2918	6
2	54	3	1	12	20	62.57	395.08	765	7
2	55	3	0	8	28	0.00	0.00	1510	6
2	56	3	0	12	11	0.00	0.00	1819	6
2	57	3	0	4	33	0.00	0.00	1303	6
2	58	3	0	8	30	0.00	0.00	2017	6
2	59	3	0	12	26	0.00	0.00	1964	6
2	60	3	1	4	63	-359.52	175.35	1181	7
2	61	3	1	12	27	353.18	187.79	1122	7
2	62	3	0	4	46	0.00	0.00	1210	6
2	63	3	0	8	14	0.00	0.00	2036	6
2	64	3	1	8	7	319.45	-240.73	1517	7
2	65	3	0	12	1	0.00	0.00	1840	6
2	66	3	1	12	29	200.00	-346.41	1332	7
2	67	3	1	8	42	-272.80	292.54	1003	7
2	68	3	1	4	89	-0.00	-400.00	980	7
2	69	3	1	12	13	-96.77	388.12	911	7
2	70	3	0	8	5	0.00	0.00	1600	6
2	71	3	1	8	32	-217.86	335.47	843	7
2	72	3	1	12	29	-200.00	346.41	995	7
2	73	3	1	12	13	287.74	277.86	1095	7
2	74	3	0	12	23	0.00	0.00	2824	6
2	75	3	1	12	20	373.43	143.35	954	7
2	76	3	0	12	24	0.00	0.00	2177	6
2	77	3	1	8	9	327.66	-229.43	1025	7
2	78	3	1	4	77	-391.26	83.16	1205	7
2	79	3	1	8	38	397.81	-41.81	1261	7
2	80	3	1	8	27	116.95	382.52	1029	7
2	81	3	1	8	2	297.26	-267.65	1155	7
2	82	3	0	12	9	0.00	0.00	2086	6
2	83	3	0	4	44	0.00	0.00	1256	6
2	84	3	1	12	1	339.22	211.97	973	7
2	85	3	0	12	16	0.00	0.00	1896	6
2	86	3	0	8	36	0.00	0.00	1434	6
2	87	3	0	12	17	0.00	0.00	2127	6
2	88	3	1	4	83	-41.81	-397.81	1322	7
2	89	3	1	12	0	-349.85	193.92	813	7
2	90	3	0	8	30	0.00	0.00	1607	6
2	91	3	0	8	27	0.00	0.00	1824	6
2	92	3	0	8	9	0.00	0.00	1261	6
2	93	3	0	8	24	0.00	0.00	1673	6
2	94	3	0	4	37	0.00	0.00	1408	6
2	95	3	1	12	29	0.00	400.00	1075	7
2	96	3	1	12	12	272.80	-292.54	1150	7
2	97	3	0	4	46	0.00	0.00	1579	6
2	98	3	0	12	16	0.00	0.00	1725	6
2	99	3	0	4	3	0.00	0.00	1052	6
2	100	3	0	4	64	0.00	0.00	1403	6
2	101	3	1	4	47	297.26	-267.65	1082	7
2	102	3	0	4	36	0.00	0.00	1260	6
2	103	3	1	12	0	-342.87	-206.02	836	7
2	104	3	0	4	24	0.00	0.00	1181	6
2	105	3	1	8	24	-136.81	-375.88	1415	7
2	106	3	0	12	26	0.00	0.00	1825	6
2	107	3	0	8	24	0.00	0.00	1297	6
2	108	3	1	8	9	229.43	327.66	1036	7
2	109	3	0	4	56	0.00	0.00	1506	6
2	110	3	0	8	5	0.00	0.00	1494	6
2	111	3	1	4	38	-251.73	310.86	857	7
2	112	3	1	12	9	-69.46	393.92	1137	7
2	113	3	1	8	18	-175.35	-359.52	945	7
2	114	3	1	8	37	397.02	-48.75	1768	7
2	115	3	0	12	20	0.00	0.00	1737	6
2	116	3	0	8	11	0.00	0.00	1457	6
2	117	3	0	12	25	0.00	0.00	2012	6
2	118	3	0	4	57	0.00	0.00	950	6
2	119	3	1	8	5	-41.81	397.81	932	7
2	120	3	1	8	11	-335.47	217.86	953	7
2	121	2	0	12	2	0.00	0.00	2926	6
2	122	2	1	4	49	-306.42	257.12	1135	7
2	123	2	0	4	17	0.00	0.00	1358	6
2	124	2	1	4	54	229.43	327.66	1128	7
2	125	2	0	12	22	0.00	0.00	2366	6
2	126	2	0	8	42	0.00	0.00	2375	6
2	127	2	1	4	13	-96.77	388.12	1204	7
2	128	2	1	8	3	399.03	27.90	1472	7
2	129	2	0	4	51	0.00	0.00	1782	6
2	130	2	0	12	16	0.00	0.00	3172	6
2	131	2	0	12	10	0.00	0.00	2825	6
2	132	2	0	4	26	0.00	0.00	1438	6
2	133	2	0	4	37	0.00	0.00	1710	6
2	134	2	1	8	19	169.05	362.52	1306	7
2	135	2	1	8	33	223.68	-331.62	1983	7
2	136	2	1	8	6	-315.20	246.26	1753	7
2	137	2	0	4	14	0.00	0.00	1749	6
2	138	2	1	4	70	-130.23	-378.21	1618	7
2	139	2	1	4	27	-187.79	353.18	1618	7
2	140	2	1	12	12	-116.95	-382.52	2515	7
2	141	2	1	8	13	-96.77	388.12	1712	7
2	142	2	1	8	20	-373.43	-143.35	2550	7
2	143	2	1	8	8	-323.61	235.11	1165	7
2	144	2	0	8	38	0.00	0.00	2566	6
2	145	2	1	12	7	55.67	-396.11	2368	7
2	146	2	0	4	17	0.00	0.00	1500	6
2	147	2	0	12	12	0.00	0.00	2898	6
2	148	2	0	12	24	0.00	0.00	3051	6
2	149	2	1	8	3	27.90	-399.03	2011	7
2	150	2	0	12	12	0.00	0.00	2282	6
2	151	2	1	12	13	-388.12	-96.77	2165	7
2	152	2	1	4	58	342.87	-206.02	1391	7
2	153	2	1	12	8	-62.57	395.08	1224	7
2	154	2	1	4	52	319.45	-240.73	1318	7
2	155	2	0	4	63	0.00	0.00	1528	6
2	156	2	1	12	23	-397.81	41.81	1187	7
2	157	2	1	8	44	-282.84	282.84	1196	7
2	158	2	1	8	35	-323.61	-235.11	2203	7
2	159	2	0	8	26	0.00	0.00	2366	6
2	160	2	0	4	8	0.00	0.00	1355	6
2	161	2	0	8	41	0.00	0.00	2284	6
2	162	2	1	12	8	310.86	251.73	1700	7
2	163	2	0	12	11	0.00	0.00	2407	6
2	164	2	0	8	22	0.00	0.00	1806	6
2	165	2	0	12	28	0.00	0.00	2971	6
2	166	2	0	8	14	0.00	0.00	2250	6
2	167	2	0	4	76	0.00	0.00	1407	6
2	168	2	1	12	18	76.32	392.65	1019	7
2	169	2	1	12	0	-206.02	342.87	1157	7
2	170	2	1	4	14	386.37	103.53	1106	7
2	171	2	1	12	8	373.43	-143.35	2091	7
2	172	2	1	12	2	181.60	356.40	1424	7
2	173	2	1	8	5	-251.73	-310.86	1785	7
2	174	2	0	8	26	0.00	0.00	2331	6
2	175	2	0	4	63	0.00	0.00	1516	6
2	176	2	0	4	36	0.00	0.00	2322	6
2	177	2	0	8	16	0.00	0.00	2460	6
2	178	2	1	8	10	-76.32	392.65	1262	7
2	179	2	1	4	42	272.80	-292.54	1335	7
2	180	2	1	4	85	27.90	399.03	1023	7
2	181	2	1	8	19	-169.05	-362.52	1914	7
2	182	2	0	4	9	0.00	0.00	1585	6
2	183	2	1	12	9	-69.46	393.92	1101	7
2	184	2	1	4	80	-395.08	62.57	1229	7
2	185	2	1	8	14	-200.00	-346.41	1992	7
2	186	2	0	4	32	0.00	0.00	1640	6
2	187	2	1	12	14	386.37	103.53	1484	7
2	188	2	0	12	14	0.00	0.00	2632	6
2	189	2	1	4	6	-48.75	397.02	982	7
2	190	2	0	4	85	0.00	0.00	1411	6
2	191	2	0	8	35	0.00	0.00	2131	6
2	192	2	1	12	15	-277.86	-287.74	2155	7
2	193	2	0	12	13	0.00	0.00	2600	6
2	194	2	0	8	33	0.00	0.00	2077	6
2	195	2	1	4	87	399.76	-13.96	1195	7
2	196	2	1	12	16	389.75	-89.98	1535	7
2	197	2	1	8	9	327.66	-229.43	1641	7
2	198	2	0	4	31	0.00	0.00	1484	6
2	199	2	0	12	5	0.00	0.00	2339	6
2	200	2	0	12	10	0.00	0.00	2743	6
2	201	2	1	12	17	123.61	-380.42	2605	7
2	202	2	0	12	16	0.00	0.00	2556	6
2	203	2	1	12	25	-223.68	-331.62	1834	7
2	204	2	1	4	72	382.52	-116.95	1257	7
2	205	2	0	12	5	0.00	0.00	2140	6
2	206	2	1	8	26	-181.60	356.40	1547	7
2	207	2	1	12	23	41.81	397.81	1007	7
2	208	2	0	8	21	0.00	0.00	1853	6
2	209	2	1	4	40	301.88	262.42	899	7
2	210	2	1	8	38	397.81	-41.81	1469	7
2	211	2	0	8	18	0.00	0.00	1894	6
2	212	2	0	4	43	0.00	0.00	1450	6
2	213	2	0	4	30	0.00	0.00	1347	6
2	214	2	0	12	18	0.00	0.00	3021	6
2	215	2	0	4	42	0.00	0.00	1112	6
2	216	2	1	4	6	397.02	48.75	1073	7
2	217	2	1	4	25	-175.35	359.52	1280	7
2	218	2	0	8	0	0.00	0.00	2169	6
2	219	2	1	4	65	-365.42	162.69	917	7
2	220	2	0	12	29	0.00	0.00	2357	6
2	221	2	0	8	13	0.00	0.00	1906	6
2	222	2	0	8	28	0.00	0.00	2129	6
2	223	2	0	12	29	0.00	0.00	2049	6
2	224	2	0	12	7	0.00	0.00	2279	6
2	225	2	0	8	24	0.00	0.00	1828	6
2	226	2	1	4	40	262.42	-301.88	1170	7
2	227	2	0	8	16	0.00	0.00	2168	6
2	228	2	0	8	14	0.00	0.00	2271	6
2	229	2	1	8	5	-397.81	-41.81	1217	7
2	230	2	1	12	14	-282.84	282.84	1008	7
2	231	2	0	4	53	0.00	0.00	1491	6
2	232	2	1	12	25	-175.35	359.52	1129	7
2	233	2	1	12	12	-382.52	116.95	1861	7
2	234	2	0	8	21	0.00	0.00	2782	6
2	235	2	0	4	13	0.00	0.00	1479	6
2	236	2	1	8	27	-382.52	116.95	2178	7
2	237	2	1	4	75	96.77	388.12	1362	7
2	238	2	1	8	5	-310.86	251.73	1519	7
2	239	2	0	12	0	0.00	0.00	1933	6
2	240	2	0	8	28	0.00	0.00	2169	6
2	241	1	0	4	41	0.00	0.00	1948	6
2	242	1	0	12	14	0.00	0.00	4048	6
2	243	1	0	12	9	0.00	0.00	3953	6
2	244	1	0	8	4	0.00	0.00	3187	6
2	245	1	1	4	67	-149.84	-370.87	2059	7
2	246	1	0	12	27	0.00	0.00	4238	6
2	247	1	0	4	79	0.00	0.00	2026	6
2	248	1	1	4	83	-397.81	41.81	1377	7
2	249	1	0	12	22	0.00	0.00	4275	6
2	250	1	0	12	1	0.00	0.00	4195	6
2	251	1	0	12	20	0.00	0.00	4508	6
2	252	1	1	8	11	335.47	-217.86	2950	7
2	253	1	1	8	33	392.65	-76.32	2336	7
2	254	1	1	4	54	229.43	327.66	1413	7
2	255	1	1	8	20	-365.42	162.69	1394	7
2	256	1	0	4	43	0.00	0.00	2193	6
2	257	1	1	8	36	240.73	-319.45	2203	7
2	258	1	0	8	36	0.00	0.00	3657	6
2	259	1	0	8	29	0.00	0.00	3232	6
2	260	1	1	8	22	-149.84	-370.87	3584	7
2	261	1	1	12	1	339.22	211.97	2199	7
2	262	1	0	8	38	0.00	0.00	3624	6
2	263	1	0	4	56	0.00	0.00	2036	6
2	264	1	1	4	23	365.42	162.69	1930	7
2	265	1	0	4	56	0.00	0.00	1785	6
2	266	1	1	12	0	6.98	-399.94	3524	7
2	267	1	0	8	35	0.00	0.00	3028	6
2	268	1	0	8	44	0.00	0.00	3402	6
2	269	1	1	8	0	-277.86	-287.74	3498	7
2	270	1	0	4	73	0.00	0.00	2367	6
2	271	1	0	12	22	0.00	0.00	4640	6
2	272	1	0	8	7	0.00	0.00	3514	6
2	273	1	1	8	40	301.88	262.42	2269	7
2	274	1	0	4	36	0.00	0.00	2075	6
2	275	1	0	4	6	0.00	0.00	2293	6
2	276	1	0	4	49	0.00	0.00	1957	6
2	277	1	0	8	3	0.00	0.00	3314	6
2	278	1	1	4	18	378.21	130.23	1473	7
2	279	1	0	12	27	0.00	0.00	4648	6
2	280	1	0	12	7	0.00	0.00	4311	6
2	281	1	1	8	42	292.54	272.80	1552	7
2	282	1	0	8	34	0.00	0.00	3260	6
2	283	1	0	8	12	0.00	0.00	4034	6
2	284	1	0	4	82	0.00	0.00	2078	6
2	285	1	1	4	14	103.53	-386.37	1844	7
2	286	1	1	8	19	375.88	136.81	1898	7
2	287	1	1	12	11	-83.16	391.26	1675	7
2	288	1	0	8	6	0.00	0.00	3095	6
2	289	1	0	4	7	0.00	0.00	2042	6
2	290	1	1	12	20	-143.35	373.43	1259	7
2	291	1	0	8	12	0.00	0.00	2908	6
2	292	1	1	12	8	-62.57	395.08	1212	7
2	293	1	1	12	13	110.25	384.50	1803	7
2	294	1	1	12	4	169.05	362.52	1585	7
2	295	1	0	12	13	0.00	0.00	4141	6
2	296	1	1	12	0	206.02	-342.87	2861	7
2	297	1	1	12	15	96.77	388.12	1504	7
2	298	1	1	4	65	365.42	-162.69	1690	7
2	299	1	1	4	33	-331.62	-223.68	2116	7
2	300	1	1	4	58	-206.02	-342.87	2217	7
2	301	1	1	8	15	-193.92	-349.85	3102	7
2	302	1	1	12	29	400.00	-0.00	994	7
2	303	1	0	4	26	0.00	0.00	1611	6
2	304	1	1	8	29	-200.00	346.41	1134	7
2	305	1	1	4	61	-187.79	-353.18	1873	7
2	306	1	0	12	7	0.00	0.00	3879	6
2	307	1	0	8	40	0.00	0.00	2946	6
2	308	1	0	12	16	0.00	0.00	4275	6
2	309	1	1	4	25	-175.35	359.52	1227	7
2	310	1	1	8	0	-287.74	277.86	1171	7
2	311	1	1	8	5	251.73	310.86	1730	7
2	312	1	0	4	13	0.00	0.00	2195	6
2	313	1	1	8	11	83.16	-391.26	3009	7
2	314	1	0	4	38	0.00	0.00	1773	6
2	315	1	1	12	12	389.75	89.98	2131	7
2	316	1	1	12	8	62.57	-395.08	2756	7
2	317	1	1	8	20	-365.42	162.69	3686	7
2	318	1	1	8	35	-395.08	62.57	1372	7
2	319	1	1	4	7	-55.67	396.11	1243	7
2	320	1	0	12	8	0.00	0.00	3851	6
2	321	1	0	4	23	0.00	0.00	2054	6
2	322	1	0	12	16	0.00	0.00	4761	6
2	323	1	1	12	15	110.25	-384.50	3689	7
2	324	1	1	12	20	-395.08	62.57	3525	7
2	325	1	1	12	0	399.94	6.98	2526	7
2	326	1	0	8	40	0.00	0.00	3624	6
2	327	1	0	12	18	0.00	0.00	3724	6
2	328	1	0	12	16	0.00	0.00	4452	6
2	329	1	1	12	13	-110.25	-384.50	3134	7
2	330	1	0	12	12	0.00	0.00	3640	6
2	331	1	0	4	61	0.00	0.00	1916	6
2	332	1	1	12	13	277.86	-287.74	3304	7
2	333	1	0	12	25	0.00	0.00	3940	6
2	334	1	1	4	63	-175.35	-359.52	2192	7
2	335	1	0	8	16	0.00	0.00	2986	6
2	336	1	1	8	7	-55.67	396.11	1335	7
2	337	1	1	8	3	399.03	27.90	1857	7
2	338	1	1	4	38	310.86	251.73	1330	7
2	339	1	1	4	63	-175.35	-359.52	2162	7
2	340	1	0	4	75	0.00	0.00	2067	6
2	341	1	0	8	35	0.00	0.00	3562	6
2	342	1	0	8	20	0.00	0.00	3169	6
2	343	1	1	8	28	193.92	-349.85	2481	7
2	344	1	0	4	20	0.00	0.00	1865	6
2	345	1	1	12	6	-368.20	156.29	1565	7
2	346	1	0	8	7	0.00	0.00	3285	6
2	347	1	1	4	49	-306.42	257.12	1324	7
2	348	1	0	4	38	0.00	0.00	2031	6
2	349	1	0	12	13	0.00	0.00	4131	6
2	350	1	0	4	13	0.00	0.00	1744	6
2	351	1	1	4	89	400.00	-0.00	1238	7
2	352	1	0	8	16	0.00	0.00	3373	6
2	353	1	0	12	4	0.00	0.00	3151	6
2	354	1	1	4	33	331.62	223.68	1283	7
2	355	1	1	12	10	262.42	-301.88	5351	6
2	356	1	1	4	40	-262.42	301.88	1955	7
2	357	1	0	8	1	0.00	0.00	3259	6
2	358	1	1	12	27	339.22	-211.97	2691	7
2	359	1	1	8	10	331.62	-223.68	2041	7
2	360	1	1	4	79	-393.92	69.46	1265	7
2	361	0	1	8	11	335.47	-217.86	3115	7
2	362	0	0	12	1	0.00	0.00	5106	6
2	363	0	0	4	56	0.00	0.00	2091	6
2	364	0	0	12	26	0.00	0.00	5617	6
2	365	0	1	12	25	27.90	399.03	6122	6
2	366	0	1	8	35	-323.61	-235.11	4046	7
2	367	0	0	12	0	0.00	0.00	5483	6
2	368	0	0	12	27	0.00	0.00	5400	6
2	369	0	1	4	36	319.45	240.73	3574	7
2	370	0	0	8	1	0.00	0.00	4025	6
2	371	0	0	8	22	0.00	0.00	3642	6
2	372	0	1	4	59	-346.41	200.00	4230	7
2	373	0	0	12	0	0.00	0.00	5092	6
2	374	0	0	12	5	0.00	0.00	5670	6
2	375	0	1	8	7	240.73	319.45	2095	7
2	376	0	0	8	14	0.00	0.00	3664	6
2	377	0	0	4	16	0.00	0.00	3899	6
2	378	0	1	12	15	-96.77	-388.12	4537	7
2	379	0	1	12	19	-375.88	-136.81	7940	7
2	380	0	1	12	21	396.11	-55.67	4279	7
2	381	0	1	4	27	-353.18	-187.79	2878	7
2	382	0	1	4	27	-353.18	-187.79	2736	7
2	383	0	0	12	8	0.00	0.00	6646	6
2	384	0	0	8	37	0.00	0.00	5586	6
2	385	0	0	4	67	0.00	0.00	2818	6
2	386	0	1	12	27	187.79	-353.18	5061	7
2	387	0	1	12	0	-206.02	342.87	2577	7
2	388	0	0	12	3	0.00	0.00	6888	6
2	389	0	1	12	6	-368.20	156.29	11007	6
2	390	0	1	4	25	-175.35	359.52	3571	7
2	391	0	0	12	6	0.00	0.00	5467	6
2	392	0	0	8	35	0.00	0.00	5430	6
2	393	0	0	4	50	0.00	0.00	2538	6
2	394	0	1	12	29	-200.00	346.41	2848	7
2	395	0	1	4	41	-297.26	-267.65	3013	7
2	396	0	1	8	12	-211.97	-339.22	7307	7
2	397	0	0	8	33	0.00	0.00	4773	6
2	398	0	0	4	56	0.00	0.00	2245	6
2	399	0	0	8	42	0.00	0.00	5060	6
2	400	0	0	4	39	0.00	0.00	2394	6
2	401	0	0	12	24	0.00	0.00	7517	6
2	402	0	1	8	42	13.96	399.76	2096	7
2	403	0	1	8	31	339.22	211.97	3948	7
2	404	0	0	4	68	0.00	0.00	2315	6
2	405	0	0	8	5	0.00	0.00	3976	6
2	406	0	1	4	47	267.65	297.26	1498	7
2	407	0	0	4	56	0.00	0.00	2055	6
2	408	0	1	8	38	310.86	251.73	7323	7
2	409	0	1	8	17	-356.40	181.60	4141	7
2	410	0	1	4	27	187.79	-353.18	2341	7
2	411	0	0	8	30	0.00	0.00	4119	6
2	412	0	1	8	19	-169.05	-362.52	5437	6
2	413	0	0	8	22	0.00	0.00	4121	6
2	414	0	1	12	24	-327.66	229.43	5713	6
2	415	0	1	8	25	-175.35	359.52	4390	7
2	416	0	0	4	18	0.00	0.00	2670	6
2	417	0	1	12	16	-292.54	272.80	7007	6
2	418	0	0	4	58	0.00	0.00	2585	6
2	419	0	0	4	55	0.00	0.00	4053	6
2	420	0	1	12	10	378.21	-130.23	4035	7
2	421	0	0	4	88	0.00	0.00	2206	6
2	422	0	0	8	40	0.00	0.00	3474	6
2	423	0	1	4	65	-365.42	162.69	1568	7
2	424	0	1	12	29	400.00	-0.00	2900	7
2	425	0	1	8	20	373.43	143.35	3047	7
2	426	0	1	4	11	-83.16	391.26	3560	7
2	427	0	1	8	34	229.43	-327.66	6815	7
2	428	0	1	4	0	-6.98	399.94	1687	7
2	429	0	0	12	6	0.00	0.00	5456	7
2	430	0	1	8	2	399.45	20.93	4891	7
2	431	0	0	8	36	0.00	0.00	6298	7
2	432	0	0	4	56	0.00	0.00	3454	6
2	433	0	1	4	81	-396.11	55.67	1707	7
2	434	0	0	8	29	0.00	0.00	5498	6
2	435	0	1	8	29	-200.00	346.41	3010	7
2	436	0	0	12	22	0.00	0.00	5843	6
2	437	0	1	8	34	229.43	-327.66	3021	7
2	438	0	0	8	28	0.00	0.00	5033	6
2	439	0	1	4	12	-389.75	-89.98	4332	7
2	440	0	1	8	34	69.46	393.92	2287	7
2	441	0	0	8	39	0.00	0.00	6796	6
2	442	0	1	4	55	-223.68	-331.62	4419	7
2	443	0	1	8	20	373.43	143.35	2960	7
2	444	0	0	4	37	0.00	0.00	2238	6
2	445	0	1	12	0	-342.87	-206.02	12535	6
2	446	0	0	8	26	0.00	0.00	4274	6
2	447	0	1	12	21	-246.26	-315.20	5623	6
2	448	0	0	12	14	0.00	0.00	9462	6
2	449	0	0	8	41	0.00	0.00	3961	6
2	450	0	0	4	23	0.00	0.00	2447	6
2	451	0	0	12	10	0.00	0.00	5907	6
2	452	0	1	4	62	-181.60	-356.40	7731	7
2	453	0	0	8	7	0.00	0.00	4534	6
2	454	0	1	4	32	335.47	217.86	1988	7
2	455	0	1	8	42	-292.54	-272.80	5296	6
2	456	0	1	12	3	175.35	359.52	3363	7
2	457	0	1	12	26	-181.60	356.40	4049	7
2	458	0	0	4	16	0.00	0.00	2325	6
2	459	0	1	8	14	200.00	346.41	1509	7
2	460	0	1	4	9	69.46	-393.92	2145	7
2	461	0	1	12	9	-306.42	-257.12	5845	7
2	462	0	0	12	3	0.00	0.00	5691	6
2	463	0	0	4	46	0.00	0.00	2647	6
2	464	0	1	4	21	149.84	-370.87	3120	7
2	465	0	1	4	76	389.75	-89.98	2048	7
2	466	0	0	12	16	0.00	0.00	6326	6
2	467	0	0	4	36	0.00	0.00	2118	6
2	468	0	0	4	13	0.00	0.00	2079	6
2	469	0	0	12	18	0.00	0.00	5461	6
2	470	0	1	12	15	384.50	110.25	4614	7
2	471	0	0	8	34	0.00	0.00	4459	6
2	472	0	0	12	29	0.00	0.00	6065	6
2	473	0	0	8	22	0.00	0.00	3764	6
2	474	0	1	12	16	89.98	389.75	2588	7
2	475	0	0	4	17	0.00	0.00	2428	6
2	476	0	1	12	20	-143.35	373.43	4441	7
2	477	0	1	8	30	342.87	206.02	1923	7
2	478	0	0	12	17	0.00	0.00	5642	6
2	479	0	0	12	1	0.00	0.00	6192	6
2	480	0	1	4	40	-262.42	301.88	3579	7
