blk	trl	target	search	nitems	rot_offset	tpos_x	tpos_y	rt	button
1	2	3	0	4	64	0.00	0.00	1343	6
1	3	3	1	8	17	356.40	-181.60	1591	7
1	4	3	0	8	13	0.00	0.00	1980	6
1	5	3	0	12	17	0.00	0.00	2254	6
1	6	3	0	4	83	0.00	0.00	1094	6
1	7	3	1	12	9	-306.42	-257.12	1974	7
1	8	3	0	12	10	0.00	0.00	2165	6
1	9	3	1	4	71	123.61	380.42	949	7
1	10	3	1	12	2	399.45	20.93	1063	7
1	11	3	1	8	38	310.86	251.73	1402	7
1	12	3	1	4	57	211.97	339.22	1141	7
1	13	3	0	12	14	0.00	0.00	1923	6
1	14	3	0	12	4	0.00	0.00	2828	6
1	15	3	1	4	63	359.52	-175.35	1357	7
1	16	3	1	8	33	331.62	223.68	1358	7
1	17	3	1	12	20	310.86	-251.73	2078	7
1	18	3	1	12	11	-380.42	123.61	1897	7
1	19	3	0	4	9	0.00	0.00	1331	6
1	20	3	1	8	0	277.86	287.74	1067	7
1	21	3	1	4	36	319.45	240.73	1116	7
1	22	3	1	8	33	-223.68	331.62	2008	7
1	23	3	0	12	14	0.00	0.00	1844	6
1	24	3	0	8	36	0.00	0.00	1719	6
1	25	3	1	4	45	-287.74	277.86	774	7
1	26	3	0	8	30	0.00	0.00	2758	6
1	27	3	1	12	26	399.45	-20.93	1413	7
1	28	3	0	4	23	0.00	0.00	1844	6
1	29	3	1	8	23	143.35	373.43	1039	7
1	30	3	0	4	41	0.00	0.00	1770	6
1	31	3	0	4	29	0.00	0.00	1192	6
1	32	3	0	12	15	0.00	0.00	1972	6
1	33	3	1	12	24	34.86	398.48	1675	7
1	34	3	1	8	13	96.77	-388.12	1830	7
1	35	3	1	4	46	-292.54	272.80	1017	7
1	36	3	1	8	16	-187.79	-353.18	1733	7
1	37	3	1	12	10	130.23	378.21	1175	7
1	38	3	0	8	17	0.00	0.00	1608	6
1	39	3	0	8	37	0.00	0.00	1624	6
1	40	3	0	12	19	0.00	0.00	1664	6
1	41	3	1	4	44	282.84	-282.84	1307	7
1	42	3	0	12	24	0.00	0.00	2061	6
1	43	3	1	8	39	257.12	-306.42	1196	7
1	44	3	1	12	6	-397.02	-48.75	1452	6
1	45	3	1	4	64	362.52	-169.05	1340	7
1	46	3	1	4	47	297.26	-267.65	1495	7
1	47	3	0	4	52	0.00	0.00	1663	6
1	48	3	0	4	73	0.00	0.00	1456	6
1	49	3	0	12	8	0.00	0.00	1855	6
1	50	3	0	8	1	0.00	0.00	1411	7
1	51	3	1	4	66	368.20	-156.29	1152	7
1	52	3	0	8	3	0.00	0.00	1809	6
1	53	3	0	12	9	0.00	0.00	1972	6
1	54	3	1	12	7	-370.87	149.84	1422	7
1	55	3	1	12	13	-388.12	-96.77	1849	7
1	56	3	1	12	14	386.37	-103.53	1548	7
1	57	3	1	8	43	277.86	-287.74	1754	7
1	58	3	0	8	24	0.00	0.00	1729	6
1	59	3	0	4	53	0.00	0.00	1749	6
1	60	3	1	4	49	257.12	306.42	1022	7
1	61	3	0	8	22	0.00	0.00	2266	6
1	62	3	1	8	36	396.11	-55.67	2093	7
1	63	3	1	8	39	398.48	-34.86	1256	7
1	64	3	0	8	22	0.00	0.00	1824	6
1	65	3	0	4	22	0.00	0.00	1296	6
1	66	3	0	8	2	0.00	0.00	2170	6
1	67	3	0	12	8	0.00	0.00	1632	6
1	68	3	0	8	20	0.00	0.00	1610	6
1	69	3	0	8	30	0.00	0.00	1589	6
1	70	3	1	4	45	277.86	287.74	862	7
1	71	3	0	8	11	0.00	0.00	1984	6
1	72	3	0	4	85	0.00	0.00	1261	6
1	73	3	1	8	38	397.81	-41.81	1253	7
1	74	3	0	12	25	0.00	0.00	2018	6
1	75	3	1	4	68	-373.43	143.35	1376	7
1	76	3	0	12	13	0.00	0.00	1611	6
1	77	3	1	4	64	362.52	-169.05	966	7
1	78	3	1	8	22	-156.29	368.20	1287	7
1	79	3	0	12	24	0.00	0.00	1486	6
1	80	3	0	4	12	0.00	0.00	1257	6
1	81	3	0	8	21	0.00	0.00	1548	6
1	82	3	1	4	77	-391.26	83.16	1115	7
1	83	3	1	12	16	-389.75	89.98	1738	7
1	84	3	0	8	40	0.00	0.00	1188	6
1	85	3	1	4	67	-370.87	149.84	1008	7
1	86	3	1	12	20	-373.43	-143.35	1397	7
1	87	3	0	4	86	0.00	0.00	1166	6
1	88	3	1	12	27	353.18	187.79	1290	7
1	89	3	1	8	1	-13.96	399.76	1671	7
1	90	3	0	4	42	0.00	0.00	1019	6
1	91	3	0	12	10	0.00	0.00	1289	6
1	92	3	0	12	5	0.00	0.00	1230	6
1	93	3	0	4	45	0.00	0.00	992	6
1	94	3	1	12	22	48.75	397.02	956	7
1	95	3	0	12	18	0.00	0.00	1592	6
1	96	3	1	8	18	130.23	-378.21	2124	7
1	97	3	0	4	44	0.00	0.00	1474	6
1	98	3	0	8	1	0.00	0.00	1353	6
1	99	3	0	8	43	0.00	0.00	1320	6
1	100	3	1	12	27	-211.97	-339.22	966	7
1	101	3	1	4	72	-382.52	116.95	1180	7
1	102	3	1	12	1	-399.76	-13.96	1668	7
1	103	3	1	8	39	306.42	257.12	1244	7
1	104	3	1	8	9	-393.92	-69.46	921	7
1	105	3	1	4	76	89.98	389.75	1074	7
1	106	3	0	12	8	0.00	0.00	1415	6
1	107	3	0	8	24	0.00	0.00	1372	6
1	108	3	0	4	79	0.00	0.00	962	6
1	109	3	0	8	6	0.00	0.00	1459	6
1	110	3	0	4	4	0.00	0.00	904	6
1	111	3	0	4	12	0.00	0.00	1304	6
1	112	3	1	12	23	162.69	-365.42	2186	7
1	113	3	0	4	35	0.00	0.00	2290	6
1	114	3	1	4	14	386.37	103.53	1283	7
1	115	3	0	12	5	0.00	0.00	1351	6
1	116	3	1	8	37	315.20	246.26	1402	7
1	117	3	1	8	17	-181.60	-356.40	1241	7
1	118	3	1	12	13	-110.25	-384.50	2153	7
1	119	3	1	12	10	392.65	76.32	1162	7
1	120	3	1	4	89	-0.00	-400.00	1338	7
1	121	2	0	4	86	0.00	0.00	1427	6
1	122	2	1	4	32	-217.86	335.47	1225	7
1	123	2	0	8	43	0.00	0.00	2410	6
1	124	2	1	12	11	297.26	267.65	1334	7
1	125	2	1	4	60	349.85	-193.92	1813	7
1	126	2	0	12	8	0.00	0.00	1700	6
1	127	2	0	8	41	0.00	0.00	1973	6
1	128	2	1	4	22	-156.29	368.20	1316	7
1	129	2	0	12	7	0.00	0.00	2721	6
1	130	2	1	12	28	342.87	-206.02	1674	7
1	131	2	1	12	18	-76.32	-392.65	2430	7
1	132	2	0	4	30	0.00	0.00	1551	6
1	133	2	1	4	40	262.42	-301.88	1427	7
1	134	2	0	4	16	0.00	0.00	1396	6
1	135	2	1	4	35	-235.11	323.61	1220	7
1	136	2	0	8	14	0.00	0.00	2319	6
1	137	2	1	12	24	-398.48	34.86	3044	7
1	138	2	1	8	17	123.61	-380.42	2182	7
1	139	2	0	12	10	0.00	0.00	2148	6
1	140	2	0	12	20	0.00	0.00	2911	6
1	141	2	1	8	0	-277.86	-287.74	2337	7
1	142	2	1	4	77	391.26	-83.16	1581	7
1	143	2	1	8	20	162.69	365.42	1346	7
1	144	2	0	4	3	0.00	0.00	1561	6
1	145	2	1	12	1	399.76	13.96	1582	7
1	146	2	1	4	24	362.52	169.05	1337	7
1	147	2	0	8	10	0.00	0.00	2146	6
1	148	2	0	12	2	0.00	0.00	2436	6
1	149	2	1	12	29	200.00	346.41	1285	7
1	150	2	0	8	5	0.00	0.00	1989	6
1	151	2	0	4	8	0.00	0.00	1406	6
1	152	2	1	8	39	-257.12	306.42	1417	7
1	153	2	1	4	2	-20.93	399.45	1757	7
1	154	2	1	8	21	-149.84	370.87	963	7
1	155	2	1	12	3	359.52	-175.35	1763	7
1	156	2	0	8	4	0.00	0.00	1939	6
1	157	2	1	8	39	-306.42	-257.12	1864	7
1	158	2	0	8	18	0.00	0.00	1809	6
1	159	2	0	12	25	0.00	0.00	2278	6
1	160	2	0	4	10	0.00	0.00	1269	6
1	161	2	0	8	41	0.00	0.00	1968	6
1	162	2	1	12	23	-162.69	365.42	989	7
1	163	2	1	8	28	349.85	193.92	1489	7
1	164	2	0	4	88	0.00	0.00	1352	6
1	165	2	1	8	35	-235.11	323.61	1068	7
1	166	2	0	4	35	0.00	0.00	1429	6
1	167	2	1	12	23	323.61	-235.11	1651	7
1	168	2	0	8	41	0.00	0.00	1917	6
1	169	2	0	12	25	0.00	0.00	2736	6
1	170	2	0	8	1	0.00	0.00	2083	6
1	171	2	1	8	18	-378.21	-130.23	2234	7
1	172	2	1	12	27	13.96	399.76	2839	6
1	173	2	0	12	15	0.00	0.00	2230	6
1	174	2	1	8	2	20.93	-399.45	2541	6
1	175	2	1	12	29	400.00	-0.00	2091	7
1	176	2	1	8	30	-96.77	-388.12	2171	7
1	177	2	1	12	1	353.18	-187.79	2474	7
1	178	2	1	12	10	130.23	378.21	1083	7
1	179	2	0	12	18	0.00	0.00	2108	6
1	180	2	1	12	13	-110.25	-384.50	1448	7
1	181	2	1	4	17	380.42	123.61	1259	7
1	182	2	1	8	41	-20.93	-399.45	1745	7
1	183	2	0	8	24	0.00	0.00	2290	6
1	184	2	0	4	27	0.00	0.00	1337	6
1	185	2	1	4	44	-282.84	282.84	1001	7
1	186	2	0	12	0	0.00	0.00	2534	6
1	187	2	1	4	61	187.79	353.18	1000	7
1	188	2	1	4	22	368.20	156.29	1001	7
1	189	2	1	12	25	359.52	175.35	1206	7
1	190	2	0	12	20	0.00	0.00	2160	6
1	191	2	0	8	7	0.00	0.00	1770	6
1	192	2	0	12	14	0.00	0.00	2027	6
1	193	2	0	4	10	0.00	0.00	1382	6
1	194	2	0	12	28	0.00	0.00	3210	6
1	195	2	0	12	5	0.00	0.00	1802	6
1	196	2	1	8	13	388.12	96.77	1131	7
1	197	2	1	12	10	-262.42	301.88	1363	7
1	198	2	0	8	10	0.00	0.00	1926	6
1	199	2	0	4	7	0.00	0.00	1448	6
1	200	2	0	8	40	0.00	0.00	1600	6
1	201	2	1	4	21	149.84	-370.87	1389	7
1	202	2	0	8	44	0.00	0.00	1803	6
1	203	2	1	12	15	-388.12	96.77	1580	7
1	204	2	0	8	36	0.00	0.00	1826	6
1	205	2	1	4	0	-399.94	-6.98	1631	7
1	206	2	1	4	69	-375.88	136.81	1472	7
1	207	2	1	4	57	-211.97	-339.22	1736	7
1	208	2	1	4	32	217.86	-335.47	1410	7
1	209	2	0	4	53	0.00	0.00	1535	6
1	210	2	1	12	1	-339.22	-211.97	1842	7
1	211	2	0	4	80	0.00	0.00	1439	6
1	212	2	1	8	21	-149.84	370.87	993	7
1	213	2	0	12	4	0.00	0.00	1954	6
1	214	2	1	12	20	395.08	-62.57	1198	7
1	215	2	0	12	27	0.00	0.00	2544	6
1	216	2	0	4	63	0.00	0.00	1332	6
1	217	2	0	4	29	0.00	0.00	1393	6
1	218	2	0	4	55	0.00	0.00	1441	6
1	219	2	1	4	45	277.86	287.74	1012	7
1	220	2	1	4	89	0.00	400.00	1273	7
1	221	2	1	8	36	240.73	-319.45	1899	7
1	222	2	0	12	26	0.00	0.00	1967	6
1	223	2	1	8	40	301.88	262.42	1136	7
1	224	2	0	8	4	0.00	0.00	1827	6
1	225	2	1	8	6	315.20	-246.26	2073	7
1	226	2	0	8	8	0.00	0.00	2009	6
1	227	2	1	8	0	399.94	6.98	2077	7
1	228	2	1	4	54	-229.43	-327.66	1646	7
1	229	2	1	8	22	-156.29	368.20	1034	7
1	230	2	0	12	29	0.00	0.00	2132	6
1	231	2	1	12	9	375.88	-136.81	1942	7
1	232	2	1	8	42	-399.76	13.96	1898	7
1	233	2	0	4	15	0.00	0.00	1566	6
1	234	2	0	4	7	0.00	0.00	1559	6
1	235	2	0	4	34	0.00	0.00	1814	6
1	236	2	0	12	8	0.00	0.00	1928	6
1	237	2	0	8	23	0.00	0.00	1993	6
1	238	2	0	8	31	0.00	0.00	1698	6
1	239	2	0	12	19	0.00	0.00	2078	6
1	240	2	0	4	2	0.00	0.00	1033	6
1	241	1	0	12	28	0.00	0.00	4170	6
1	242	1	1	12	10	-301.88	-262.42	3617	7
1	243	1	0	4	88	0.00	0.00	1899	6
1	244	1	1	4	48	262.42	301.88	3825	7
1	245	1	0	4	45	0.00	0.00	1817	6
1	246	1	1	4	37	-246.26	315.20	1464	7
1	247	1	0	8	3	0.00	0.00	3090	6
1	248	1	1	12	6	156.29	368.20	1433	7
1	249	1	1	8	44	282.84	282.84	1452	7
1	250	1	0	8	22	0.00	0.00	3052	6
1	251	1	1	8	9	69.46	-393.92	2195	7
1	252	1	0	12	18	0.00	0.00	4158	6
1	253	1	0	4	27	0.00	0.00	2071	6
1	254	1	1	12	7	315.20	246.26	3784	6
1	255	1	1	12	7	55.67	-396.11	3605	7
1	256	1	0	8	26	0.00	0.00	3318	6
1	257	1	1	12	19	375.88	136.81	2008	7
1	258	1	1	4	65	365.42	-162.69	1712	7
1	259	1	1	8	23	365.42	162.69	2264	7
1	260	1	1	4	35	323.61	235.11	1231	7
1	261	1	0	4	81	0.00	0.00	2144	6
1	262	1	0	12	20	0.00	0.00	5423	6
1	263	1	1	12	2	335.47	217.86	3877	7
1	264	1	1	8	3	262.42	301.88	1469	7
1	265	1	1	12	10	-301.88	-262.42	3981	7
1	266	1	1	4	38	-251.73	310.86	1201	7
1	267	1	1	4	57	-339.22	211.97	1291	7
1	268	1	0	4	80	0.00	0.00	2189	6
1	269	1	0	8	8	0.00	0.00	3064	6
1	270	1	0	8	40	0.00	0.00	3378	6
1	271	1	1	12	1	399.76	13.96	2165	7
1	272	1	1	4	87	13.96	399.76	1378	7
1	273	1	1	12	4	-398.48	-34.86	4766	7
1	274	1	0	4	34	0.00	0.00	1801	6
1	275	1	1	4	39	257.12	-306.42	1651	7
1	276	1	0	12	19	0.00	0.00	4893	6
1	277	1	0	8	11	0.00	0.00	4161	6
1	278	1	0	8	13	0.00	0.00	3458	6
1	279	1	0	8	31	0.00	0.00	2973	6
1	280	1	1	12	8	395.08	62.57	2227	7
1	281	1	1	8	35	62.57	395.08	1171	7
1	282	1	0	8	3	0.00	0.00	3265	6
1	283	1	0	12	7	0.00	0.00	3811	6
1	284	1	0	4	66	0.00	0.00	2312	6
1	285	1	1	12	7	-370.87	149.84	4085	7
1	286	1	0	4	53	0.00	0.00	1837	6
1	287	1	1	4	52	240.73	319.45	1277	7
1	288	1	1	8	31	-339.22	-211.97	3708	7
1	289	1	0	4	20	0.00	0.00	1933	6
1	290	1	1	8	21	156.29	368.20	1147	7
1	291	1	0	4	87	0.00	0.00	1888	6
1	292	1	0	12	8	0.00	0.00	4287	6
1	293	1	1	8	26	-123.61	-380.42	2735	7
1	294	1	1	12	3	359.52	-175.35	2731	7
1	295	1	0	4	85	0.00	0.00	1795	6
1	296	1	1	8	28	349.85	193.92	1552	7
1	297	1	0	12	18	0.00	0.00	4781	6
1	298	1	1	4	19	-136.81	375.88	1254	7
1	299	1	0	12	29	0.00	0.00	4002	6
1	300	1	1	12	8	-373.43	143.35	4096	7
1	301	1	0	4	13	0.00	0.00	1737	6
1	302	1	1	8	6	246.26	315.20	1194	7
1	303	1	1	4	52	-319.45	240.73	1194	7
1	304	1	1	12	27	353.18	187.79	1895	7
1	305	1	0	4	81	0.00	0.00	1643	6
1	306	1	1	8	12	-89.98	389.75	1085	7
1	307	1	0	12	14	0.00	0.00	4358	6
1	308	1	0	12	22	0.00	0.00	4801	6
1	309	1	0	8	41	0.00	0.00	3399	6
1	310	1	0	8	44	0.00	0.00	4567	6
1	311	1	1	4	67	-370.87	149.84	1277	7
1	312	1	1	12	28	-193.92	349.85	1097	7
1	313	1	1	8	36	396.11	-55.67	2283	7
1	314	1	0	4	54	0.00	0.00	1917	6
1	315	1	0	8	1	0.00	0.00	3213	6
1	316	1	0	8	21	0.00	0.00	3292	6
1	317	1	0	8	13	0.00	0.00	3253	6
1	318	1	0	12	6	0.00	0.00	4115	6
1	319	1	0	12	12	0.00	0.00	5093	6
1	320	1	0	4	67	0.00	0.00	1874	6
1	321	1	0	4	56	0.00	0.00	1896	6
1	322	1	0	12	27	0.00	0.00	3420	6
1	323	1	0	8	38	0.00	0.00	3401	6
1	324	1	1	12	24	169.05	-362.52	3063	7
1	325	1	1	4	20	373.43	143.35	1251	7
1	326	1	1	8	5	397.81	41.81	1912	7
1	327	1	0	8	16	0.00	0.00	2956	6
1	328	1	1	12	17	-267.65	-297.26	3788	7
1	329	1	1	8	44	-400.00	0.00	3127	7
1	330	1	1	8	29	-103.53	-386.37	2894	7
1	331	1	1	4	18	378.21	130.23	1226	7
1	332	1	0	4	14	0.00	0.00	2324	7
1	333	1	1	4	54	327.66	-229.43	1915	7
1	334	1	1	12	15	-388.12	96.77	2340	7
1	335	1	1	4	23	365.42	162.69	1693	7
1	336	1	0	8	13	0.00	0.00	3106	6
1	337	1	0	8	44	0.00	0.00	3216	6
1	338	1	1	4	21	370.87	149.84	1368	7
1	339	1	1	8	22	368.20	156.29	1880	7
1	340	1	1	12	20	-395.08	62.57	4304	7
1	341	1	0	12	9	0.00	0.00	3428	6
1	342	1	0	12	26	0.00	0.00	4089	6
1	343	1	0	4	25	0.00	0.00	2501	6
1	344	1	1	8	21	-156.29	-368.20	3035	7
1	345	1	1	8	11	-217.86	-335.47	3168	7
1	346	1	1	12	6	-397.02	-48.75	4182	7
1	347	1	1	8	41	20.93	399.45	2041	7
1	348	1	0	8	39	0.00	0.00	3473	6
1	349	1	0	12	22	0.00	0.00	4040	6
1	350	1	0	12	10	0.00	0.00	3740	6
1	351	1	0	4	46	0.00	0.00	1582	6
1	352	1	1	4	34	229.43	-327.66	1506	7
1	353	1	0	12	18	0.00	0.00	4487	6
1	354	1	1	8	23	143.35	373.43	1124	7
1	355	1	0	12	18	0.00	0.00	3759	6
1	356	1	0	8	14	0.00	0.00	3183	6
1	357	1	1	4	62	181.60	356.40	1213	7
1	358	1	1	4	83	-397.81	41.81	1480	7
1	359	1	0	4	12	0.00	0.00	1755	6
1	360	1	0	12	20	0.00	0.00	4003	6
1	361	0	0	8	18	0.00	0.00	7448	6
1	362	0	0	8	29	0.00	0.00	5203	6
1	363	0	0	4	11	0.00	0.00	2644	6
1	364	0	0	12	24	0.00	0.00	10670	6
1	365	0	0	8	38	0.00	0.00	3863	6
1	366	0	1	4	15	-384.50	-110.25	2490	7
1	367	0	1	4	66	-156.29	-368.20	4330	7
1	368	0	1	12	10	392.65	76.32	4793	7
1	369	0	1	8	2	20.93	-399.45	5261	7
1	370	0	0	4	72	0.00	0.00	2810	6
1	371	0	1	4	46	-272.80	-292.54	2480	7
1	372	0	1	12	23	323.61	-235.11	9767	7
1	373	0	1	8	37	-48.75	-397.02	5013	7
1	374	0	0	8	8	0.00	0.00	4132	6
1	375	0	1	12	18	378.21	130.23	4289	7
1	376	0	0	4	10	0.00	0.00	2573	6
1	377	0	1	12	23	162.69	-365.42	6708	7
1	378	0	0	12	16	0.00	0.00	10099	6
1	379	0	0	12	16	0.00	0.00	6351	6
1	380	0	0	4	48	0.00	0.00	1870	6
1	381	0	1	8	38	-251.73	310.86	5406	7
1	382	0	0	4	38	0.00	0.00	2227	6
1	383	0	0	12	28	0.00	0.00	5520	6
1	384	0	0	8	1	0.00	0.00	4739	6
1	385	0	0	12	28	0.00	0.00	6597	6
1	386	0	0	4	68	0.00	0.00	2092	6
1	387	0	1	8	34	327.66	229.43	3106	7
1	388	0	1	4	85	27.90	399.03	6197	7
1	389	0	1	12	11	-123.61	-380.42	6126	7
1	390	0	1	4	20	-143.35	373.43	1674	7
1	391	0	0	8	21	0.00	0.00	4342	6
1	392	0	0	12	5	0.00	0.00	9386	6
1	393	0	1	4	8	-62.57	395.08	4173	7
1	394	0	1	12	15	-110.25	384.50	5699	7
1	395	0	1	8	6	48.75	-397.02	5930	7
1	396	0	1	8	35	-395.08	62.57	6112	7
1	397	0	0	8	29	0.00	0.00	4339	6
1	398	0	1	8	14	386.37	103.53	5341	7
1	399	0	1	12	15	-388.12	96.77	9026	6
1	400	0	0	4	50	0.00	0.00	5040	6
1	401	0	0	4	34	0.00	0.00	2681	6
1	402	0	0	8	22	0.00	0.00	5290	6
1	403	0	1	12	15	-110.25	384.50	6747	7
1	404	0	0	8	10	0.00	0.00	3884	6
1	405	0	0	4	27	0.00	0.00	6613	6
1	406	0	1	4	62	-356.40	181.60	3161	7
1	407	0	0	12	5	0.00	0.00	5978	6
1	408	0	0	12	29	0.00	0.00	7901	7
1	409	0	1	8	16	-187.79	-353.18	4370	7
1	410	0	0	4	5	0.00	0.00	2127	6
1	411	0	0	4	88	0.00	0.00	2094	6
1	412	0	0	8	5	0.00	0.00	3691	6
1	413	0	1	12	7	-370.87	149.84	6399	7
1	414	0	1	4	65	-162.69	-365.42	3119	7
1	415	0	1	8	18	359.52	-175.35	2587	7
1	416	0	1	8	2	-297.26	267.65	5297	7
1	417	0	0	8	41	0.00	0.00	3770	6
1	418	0	1	4	86	399.45	-20.93	1829	7
1	419	0	1	8	23	162.69	-365.42	3308	7
1	420	0	1	4	57	211.97	339.22	1475	7
1	421	0	0	4	47	0.00	0.00	2268	6
1	422	0	1	8	22	156.29	-368.20	3036	7
1	423	0	0	8	31	0.00	0.00	4897	6
1	424	0	1	4	66	-156.29	-368.20	2220	7
1	425	0	1	12	28	399.94	-6.98	4422	7
1	426	0	1	4	82	397.02	-48.75	2110	7
1	427	0	0	4	53	0.00	0.00	2716	6
1	428	0	0	4	82	0.00	0.00	1971	6
1	429	0	1	4	71	380.42	-123.61	3063	7
1	430	0	0	4	74	0.00	0.00	2296	6
1	431	0	0	8	31	0.00	0.00	3578	6
1	432	0	0	12	20	0.00	0.00	8907	6
1	433	0	0	12	5	0.00	0.00	6541	6
1	434	0	1	12	1	-211.97	339.22	3257	7
1	435	0	0	12	22	0.00	0.00	6242	6
1	436	0	0	8	22	0.00	0.00	3999	6
1	437	0	0	12	29	0.00	0.00	9073	6
1	438	0	1	8	35	-235.11	323.61	1909	7
1	439	0	1	12	29	-346.41	-200.00	6835	6
1	440	0	0	8	43	0.00	0.00	4665	6
1	441	0	1	8	10	223.68	331.62	2834	7
1	442	0	0	12	26	0.00	0.00	6170	6
1	443	0	0	12	8	0.00	0.00	6162	6
1	444	0	1	12	19	393.92	-69.46	3499	7
1	445	0	1	8	38	397.81	-41.81	4013	7
1	446	0	0	8	14	0.00	0.00	3802	6
1	447	0	1	4	82	-48.75	-397.02	1965	7
1	448	0	1	4	18	-130.23	378.21	1618	7
1	449	0	1	4	23	-162.69	365.42	2538	7
1	450	0	0	8	6	0.00	0.00	3721	6
1	451	0	1	12	0	206.02	-342.87	3438	7
1	452	0	1	4	36	319.45	240.73	2313	7
1	453	0	1	8	18	130.23	-378.21	6165	7
1	454	0	1	8	31	-339.22	-211.97	3823	7
1	455	0	0	8	44	0.00	0.00	5000	6
1	456	0	0	12	12	0.00	0.00	7380	6
1	457	0	0	8	11	0.00	0.00	3737	6
1	458	0	1	4	33	-223.68	331.62	3858	7
1	459	0	0	12	12	0.00	0.00	6538	6
1	460	0	1	8	1	-272.80	-292.54	5053	7
1	461	0	1	12	20	-62.57	-395.08	6903	7
1	462	0	0	4	14	0.00	0.00	2705	6
1	463	0	1	4	18	-130.23	378.21	1770	7
1	464	0	1	12	16	116.95	-382.52	4110	7
1	465	0	0	4	21	0.00	0.00	2650	6
1	466	0	1	12	27	13.96	399.76	2679	7
1	467	0	1	8	40	399.03	-27.90	7563	6
1	468	0	0	8	35	0.00	0.00	3803	6
1	469	0	0	4	51	0.00	0.00	2073	6
1	470	0	0	12	3	0.00	0.00	8274	6
1	471	0	0	12	14	0.00	0.00	5821	6
1	472	0	1	8	28	-349.85	-193.92	3955	7
1	473	0	0	12	3	0.00	0.00	9326	6
1	474	0	0	12	22	0.00	0.00	7966	6
1	475	0	1	12	2	335.47	217.86	4049	7
1	476	0	0	4	86	0.00	0.00	2572	6
1	477	0	1	12	3	399.03	27.90	8100	6
1	478	0	0	4	80	0.00	0.00	2189	6
1	479	0	1	4	80	395.08	-62.57	2197	7
1	480	0	1	12	4	-34.86	398.48	7699	6
