blk	trl	target	search	nitems	rot_offset	tpos_x	tpos_y	rt	button
4	1	0	1	4	47	267.65	297.26	2471	7
4	2	0	0	12	13	0.00	0.00	7929	6
4	3	0	1	12	28	349.85	193.92	4112	7
4	4	0	1	8	0	-399.94	-6.98	4852	7
4	5	0	1	12	8	62.57	-395.08	5729	7
4	6	0	0	12	3	0.00	0.00	7681	6
4	7	0	0	4	63	0.00	0.00	2905	6
4	8	0	0	4	66	0.00	0.00	3341	6
4	9	0	0	4	74	0.00	0.00	4693	6
4	10	0	1	4	17	-123.61	380.42	3286	7
4	11	0	1	4	53	-235.11	-323.61	3913	7
4	12	0	0	8	15	0.00	0.00	4905	6
4	13	0	1	4	84	398.48	-34.86	4473	7
4	14	0	0	4	9	0.00	0.00	5448	6
4	15	0	1	12	16	382.52	116.95	4744	7
4	16	0	1	12	16	389.75	-89.98	4994	7
4	17	0	0	8	3	0.00	0.00	4521	6
4	18	0	0	8	43	0.00	0.00	4990	6
4	19	0	1	4	10	-392.65	-76.32	6267	7
4	20	0	0	4	14	0.00	0.00	3076	6
4	21	0	1	8	36	319.45	240.73	4254	7
4	22	0	1	12	6	240.73	-319.45	6275	7
4	23	0	1	12	9	-257.12	306.42	8355	7
4	24	0	0	12	18	0.00	0.00	8388	6
4	25	0	0	8	5	0.00	0.00	10255	6
4	26	0	0	8	18	0.00	0.00	3874	6
4	27	0	0	8	4	0.00	0.00	5243	6
4	28	0	0	12	22	0.00	0.00	11110	6
4	29	0	0	4	80	0.00	0.00	4727	6
4	30	0	1	12	20	-62.57	-395.08	6061	7
4	31	0	1	8	29	386.37	-103.53	4366	7
4	32	0	1	4	5	-397.81	-41.81	2975	7
4	33	0	0	12	29	0.00	0.00	8477	6
4	34	0	1	8	10	76.32	-392.65	4854	7
4	35	0	1	12	2	-217.86	335.47	11567	7
4	36	0	1	8	42	-292.54	-272.80	5460	7
4	37	0	0	8	11	0.00	0.00	10993	6
4	38	0	1	8	19	-169.05	-362.52	4865	6
4	39	0	0	12	23	0.00	0.00	6667	6
4	40	0	1	12	3	-175.35	-359.52	8774	7
4	41	0	1	12	18	130.23	-378.21	7940	7
4	42	0	1	12	22	-319.45	240.73	7357	7
4	43	0	0	8	35	0.00	0.00	6106	6
4	44	0	1	4	69	-136.81	-375.88	2857	7
4	45	0	1	8	2	297.26	-267.65	4100	7
4	46	0	0	8	30	0.00	0.00	6681	6
4	47	0	0	12	26	0.00	0.00	12037	6
4	48	0	0	4	60	0.00	0.00	3172	6
4	49	0	1	8	10	392.65	76.32	3395	7
4	50	0	0	4	28	0.00	0.00	2466	6
4	51	0	0	12	20	0.00	0.00	7678	6
4	52	0	1	8	4	-306.42	257.12	5743	7
4	53	0	0	8	5	0.00	0.00	4184	6
4	54	0	1	8	14	103.53	-386.37	4681	7
4	55	0	1	4	55	-331.62	223.68	1881	7
4	56	0	0	8	20	0.00	0.00	5672	6
4	57	0	1	12	14	282.84	282.84	2312	7
4	58	0	0	12	22	0.00	0.00	5578	6
4	59	0	0	4	11	0.00	0.00	2711	6
4	60	0	0	12	13	0.00	0.00	14185	6
4	61	0	1	8	29	-200.00	346.41	4409	7
4	62	0	1	4	71	-123.61	-380.42	5025	7
4	63	0	0	8	33	0.00	0.00	4543	6
4	64	0	1	12	17	-267.65	-297.26	11284	7
4	65	0	1	8	36	55.67	396.11	3288	7
4	66	0	1	4	34	-327.66	-229.43	2790	7
4	67	0	1	12	12	389.75	89.98	3672	7
4	68	0	0	12	8	0.00	0.00	14592	6
4	69	0	0	4	78	0.00	0.00	2390	6
4	70	0	0	8	39	0.00	0.00	4861	6
4	71	0	1	8	2	-267.65	-297.26	5381	7
4	72	0	0	8	15	0.00	0.00	6105	6
4	73	0	0	4	47	0.00	0.00	3185	6
4	74	0	1	8	11	391.26	83.16	3636	7
4	75	0	0	12	14	0.00	0.00	8097	6
4	76	0	0	12	28	0.00	0.00	8800	6
4	77	0	0	4	53	0.00	0.00	2678	6
4	78	0	0	8	44	0.00	0.00	5084	6
4	79	0	0	4	39	0.00	0.00	4430	6
4	80	0	0	12	28	0.00	0.00	8234	6
4	81	0	1	8	18	359.52	-175.35	3702	7
4	82	0	1	12	13	-384.50	110.25	11691	7
4	83	0	1	4	5	41.81	-397.81	2664	7
4	84	0	1	12	0	193.92	349.85	3239	7
4	85	0	1	12	25	-223.68	-331.62	6433	7
4	86	0	1	4	64	-362.52	169.05	2285	7
4	87	0	1	4	81	-396.11	55.67	1832	7
4	88	0	1	4	27	-187.79	353.18	3527	7
4	89	0	0	12	3	0.00	0.00	6481	6
4	90	0	0	4	9	0.00	0.00	2682	7
4	91	0	0	12	23	0.00	0.00	7421	6
4	92	0	0	12	7	0.00	0.00	12967	6
4	93	0	0	8	11	0.00	0.00	6482	6
4	94	0	1	4	78	392.65	-76.32	2461	7
4	95	0	1	4	23	-162.69	365.42	1713	7
4	96	0	0	8	26	0.00	0.00	4668	6
4	97	0	1	4	79	69.46	393.92	2890	7
4	98	0	0	8	3	0.00	0.00	9793	6
4	99	0	0	12	11	0.00	0.00	6861	6
4	100	0	0	12	26	0.00	0.00	6594	6
4	101	0	0	8	7	0.00	0.00	4629	6
4	102	0	0	4	75	0.00	0.00	2810	6
4	103	0	1	8	24	-136.81	-375.88	4293	7
4	104	0	1	12	1	13.96	-399.76	6051	7
4	105	0	1	8	20	365.42	-162.69	2626	7
4	106	0	1	12	14	282.84	-282.84	6706	7
4	107	0	1	4	79	393.92	-69.46	1781	7
4	108	0	1	4	33	331.62	223.68	1494	7
4	109	0	0	4	50	0.00	0.00	2555	6
4	110	0	1	8	40	-301.88	-262.42	4725	7
4	111	0	0	8	20	0.00	0.00	5428	6
4	112	0	0	4	50	0.00	0.00	2478	6
4	113	0	0	4	70	0.00	0.00	2890	6
4	114	0	1	12	23	-41.81	-397.81	6639	7
4	115	0	1	8	18	-359.52	175.35	5022	7
4	116	0	1	4	1	-13.96	399.76	1684	7
4	117	0	1	8	30	342.87	206.02	2736	7
4	118	0	0	4	20	0.00	0.00	2217	6
4	119	0	0	12	19	0.00	0.00	5946	6
4	120	0	0	4	85	0.00	0.00	2478	6
4	121	2	0	12	22	0.00	0.00	2348	6
4	122	2	1	12	8	251.73	-310.86	1827	7
4	123	2	1	8	4	306.42	-257.12	1631	7
4	124	2	1	8	32	-83.16	-391.26	2123	7
4	125	2	0	4	60	0.00	0.00	1749	6
4	126	2	0	12	17	0.00	0.00	2970	6
4	127	2	1	8	0	-399.94	-6.98	2493	7
4	128	2	1	4	24	-362.52	-169.05	1845	7
4	129	2	0	4	40	0.00	0.00	2155	6
4	130	2	0	12	2	0.00	0.00	3240	6
4	131	2	1	8	6	315.20	-246.26	2062	7
4	132	2	0	4	67	0.00	0.00	1912	6
4	133	2	0	12	8	0.00	0.00	2535	6
4	134	2	1	4	26	-356.40	-181.60	2031	7
4	135	2	1	8	23	143.35	373.43	1682	7
4	136	2	0	4	66	0.00	0.00	1810	6
4	137	2	0	12	6	0.00	0.00	3247	6
4	138	2	0	4	9	0.00	0.00	1585	6
4	139	2	0	12	5	0.00	0.00	2672	6
4	140	2	0	8	14	0.00	0.00	2371	6
4	141	2	0	12	20	0.00	0.00	2931	6
4	142	2	0	4	43	0.00	0.00	1373	6
4	143	2	1	8	19	-375.88	-136.81	2460	7
4	144	2	0	4	63	0.00	0.00	1824	6
4	145	2	0	12	2	0.00	0.00	3490	6
4	146	2	0	4	61	0.00	0.00	1564	6
4	147	2	0	8	11	0.00	0.00	2107	6
4	148	2	1	4	57	211.97	339.22	1517	7
4	149	2	1	12	23	-235.11	-323.61	2269	7
4	150	2	0	12	25	0.00	0.00	2579	6
4	151	2	1	12	14	103.53	-386.37	3187	7
4	152	2	0	8	3	0.00	0.00	2413	6
4	153	2	1	12	28	-342.87	206.02	2218	7
4	154	2	1	8	5	41.81	-397.81	3143	7
4	155	2	0	8	33	0.00	0.00	2406	6
4	156	2	1	12	9	375.88	-136.81	2423	7
4	157	2	1	4	32	335.47	217.86	1316	7
4	158	2	0	12	26	0.00	0.00	3036	6
4	159	2	0	8	32	0.00	0.00	3525	6
4	160	2	0	8	16	0.00	0.00	2805	6
4	161	2	0	12	3	0.00	0.00	3780	6
4	162	2	0	8	36	0.00	0.00	2579	6
4	163	2	1	8	3	27.90	-399.03	2215	7
4	164	2	0	4	30	0.00	0.00	2285	6
4	165	2	1	8	33	76.32	392.65	2335	6
4	166	2	0	8	27	0.00	0.00	2463	6
4	167	2	1	12	15	388.12	-96.77	1825	7
4	168	2	0	8	8	0.00	0.00	2190	6
4	169	2	0	8	8	0.00	0.00	2462	6
4	170	2	1	4	86	-399.45	20.93	1528	7
4	171	2	0	12	15	0.00	0.00	2317	6
4	172	2	1	12	16	89.98	389.75	2392	7
4	173	2	1	8	38	41.81	397.81	1393	7
4	174	2	1	8	40	399.03	-27.90	1757	7
4	175	2	1	12	3	175.35	359.52	1209	7
4	176	2	0	12	24	0.00	0.00	2796	6
4	177	2	1	4	76	-389.75	89.98	1778	7
4	178	2	1	12	29	346.41	200.00	1440	7
4	179	2	0	4	23	0.00	0.00	1779	6
4	180	2	0	4	58	0.00	0.00	1679	6
4	181	2	0	8	38	0.00	0.00	2394	6
4	182	2	0	8	21	0.00	0.00	2196	6
4	183	2	1	12	18	-301.88	262.42	1628	7
4	184	2	1	4	42	272.80	-292.54	1577	7
4	185	2	1	12	11	123.61	380.42	2005	7
4	186	2	1	4	51	-315.20	246.26	1434	7
4	187	2	1	4	70	130.23	378.21	1342	7
4	188	2	0	8	37	0.00	0.00	2574	6
4	189	2	0	8	22	0.00	0.00	2054	6
4	190	2	0	8	22	0.00	0.00	2193	6
4	191	2	0	8	3	0.00	0.00	2032	6
4	192	2	0	8	20	0.00	0.00	2888	6
4	193	2	1	4	5	397.81	41.81	1285	7
4	194	2	1	4	40	301.88	262.42	1541	7
4	195	2	1	12	23	365.42	162.69	1466	7
4	196	2	0	8	18	0.00	0.00	2058	6
4	197	2	0	4	70	0.00	0.00	1588	6
4	198	2	1	12	26	-20.93	-399.45	2247	7
4	199	2	1	8	2	399.45	20.93	1623	7
4	200	2	1	4	64	-169.05	-362.52	1622	7
4	201	2	1	12	16	382.52	116.95	1355	7
4	202	2	1	12	16	89.98	389.75	1251	7
4	203	2	0	12	7	0.00	0.00	3205	6
4	204	2	1	12	8	-62.57	395.08	1170	7
4	205	2	1	12	14	-386.37	103.53	3079	7
4	206	2	1	4	53	235.11	323.61	1282	7
4	207	2	0	12	8	0.00	0.00	3508	6
4	208	2	0	12	28	0.00	0.00	3531	6
4	209	2	0	4	89	0.00	0.00	1562	6
4	210	2	0	4	2	0.00	0.00	1713	6
4	211	2	1	12	16	-89.98	-389.75	2725	7
4	212	2	1	8	12	-339.22	211.97	3342	7
4	213	2	1	8	37	-48.75	-397.02	2148	7
4	214	2	0	12	4	0.00	0.00	4511	6
4	215	2	1	4	46	-272.80	-292.54	1695	7
4	216	2	0	4	56	0.00	0.00	1861	6
4	217	2	0	4	23	0.00	0.00	2955	6
4	218	2	1	8	8	323.61	-235.11	1801	7
4	219	2	1	8	18	175.35	359.52	1108	7
4	220	2	0	12	11	0.00	0.00	2761	6
4	221	2	1	12	19	393.92	-69.46	1639	7
4	222	2	1	4	15	-110.25	384.50	1204	7
4	223	2	1	12	0	6.98	-399.94	2713	7
4	224	2	0	4	15	0.00	0.00	1540	6
4	225	2	0	4	72	0.00	0.00	1995	6
4	226	2	1	8	27	382.52	-116.95	2184	7
4	227	2	0	8	4	0.00	0.00	2164	6
4	228	2	1	8	30	206.02	-342.87	1774	7
4	229	2	0	12	5	0.00	0.00	2283	6
4	230	2	1	4	43	-277.86	287.74	1502	7
4	231	2	0	8	5	0.00	0.00	2051	6
4	232	2	0	4	19	0.00	0.00	2422	6
4	233	2	1	4	7	396.11	55.67	1022	7
4	234	2	1	4	51	315.20	-246.26	2286	7
4	235	2	0	4	80	0.00	0.00	1464	6
4	236	2	1	4	56	-217.86	-335.47	1631	7
4	237	2	1	4	29	-200.00	346.41	1215	7
4	238	2	1	8	27	187.79	-353.18	1791	7
4	239	2	0	12	1	0.00	0.00	2398	6
4	240	2	1	8	24	-362.52	-169.05	2244	7
4	241	1	0	12	25	0.00	0.00	4053	6
4	242	1	0	8	41	0.00	0.00	3095	6
4	243	1	0	8	29	0.00	0.00	3184	6
4	244	1	0	12	12	0.00	0.00	4765	6
4	245	1	1	4	88	-399.94	6.98	2077	7
4	246	1	0	12	20	0.00	0.00	4185	6
4	247	1	1	12	17	-391.26	83.16	1791	7
4	248	1	0	4	28	0.00	0.00	2470	6
4	249	1	0	12	3	0.00	0.00	3442	6
4	250	1	1	4	45	-287.74	277.86	1430	7
4	251	1	1	12	7	-370.87	149.84	2511	7
4	252	1	0	12	19	0.00	0.00	4355	6
4	253	1	0	8	4	0.00	0.00	3309	6
4	254	1	1	12	0	6.98	-399.94	3323	7
4	255	1	1	12	11	-297.26	-267.65	3915	7
4	256	1	1	4	64	-362.52	169.05	1478	7
4	257	1	1	8	23	162.69	-365.42	2639	7
4	258	1	0	12	24	0.00	0.00	4772	6
4	259	1	0	8	7	0.00	0.00	3409	6
4	260	1	0	4	23	0.00	0.00	1882	6
4	261	1	1	8	19	362.52	-169.05	2759	7
4	262	1	1	4	53	235.11	323.61	1479	7
4	263	1	0	12	19	0.00	0.00	4570	6
4	264	1	1	8	15	-384.50	-110.25	3458	7
5   265 1   0   4   88  0.00    0.00    2183    6
5   266 1   0   4   89  0.00    0.00    1542    6
5   267 1   0   8   22  0.00    0.00    2851    6
5   268 1   1   12  24  327.66  -229.43 2770    7
5   269 1   1   12  13  -384.50 110.25  4162    7
5   270 1   1   8   28  -384.50 110.25  3356    7
5   271 1   0   12  26  0.00    0.00    5130    6
5   272 1   0   4   17  0.00    0.00    1825    6
5   273 1   0   12  16  0.00    0.00    4647    6
5   274 1   0   8   33  0.00    0.00    3993    6
5   275 1   1   4   0   6.98    -399.94 1671    7
5   276 1   0   4   51  0.00    0.00    1916    6
5   277 1   1   8   38  397.81  -41.81  2558    7
5   278 1   0   8   1   0.00    0.00    3386    6
5   279 1   0   4   44  0.00    0.00    1913    6
5   280 1   1   12  15  -287.74 277.86  1680    7
5   281 1   0   4   34  0.00    0.00    2096    6
5   282 1   0   8   39  0.00    0.00    3013    6
5   283 1   0   8   21  0.00    0.00    2772    6
5   284 1   1   12  15  384.50  110.25  2279    7
5   285 1   1   4   85  27.90   399.03  1462    7
5   286 1   1   4   68  -373.43 143.35  1323    7
5   287 1   0   12  2   0.00    0.00    4188    6
5   288 1   1   8   17  -356.40 181.60  1556    7
5   289 1   0   4   84  0.00    0.00    2373    6
5   290 1   1   8   3   -27.90  399.03  1370    7
5   291 1   1   4   53  235.11  323.61  1450    7
5   292 1   0   8   35  0.00    0.00    3287    6
5   293 1   1   8   9   -229.43 -327.66 2885    7
5   294 1   0   12  20  0.00    0.00    4288    6
5   295 1   1   8   37  -397.02 48.75   3292    7
5   296 1   1   12  2   -20.93  399.45  1668    7
5   297 1   0   8   28  0.00    0.00    2872    6
5   298 1   1   12  13  287.74  277.86  2128    7
5   299 1   0   4   56  0.00    0.00    1701    6
5   300 1   1   4   54  229.43  327.66  1336    7
5   301 1   0   8   44  0.00    0.00    2843    6
5   302 1   0   12  13  0.00    0.00    4048    6
5   303 1   0   4   60  0.00    0.00    1739    6
5   304 1   0   4   66  0.00    0.00    2119    6
5   305 1   1   4   13  388.12  96.77   1358    7
5   306 1   0   4   76  0.00    0.00    2185    6
5   307 1   1   8   33  76.32   392.65  1742    7
5   308 1   1   8   9   -393.92 -69.46  4892    7
5   309 1   0   8   44  0.00    0.00    2913    6
5   310 1   0   8   22  0.00    0.00    2768    6
5   311 1   1   8   10  223.68  331.62  1597    7
5   312 1   0   12  12  0.00    0.00    3931    6
5   313 1   1   8   0   399.94  6.98    2092    7
5   314 1   1   12  1   -399.76 -13.96  4528    7
5   315 1   0   8   44  0.00    0.00    3542    6
5   316 1   0   4   25  0.00    0.00    1981    6
5   317 1   1   8   12  89.98   -389.75 3143    7
5   318 1   0   4   37  0.00    0.00    1840    6
5   319 1   1   4   35  323.61  235.11  1249    7
5   320 1   1   8   42  -399.76 13.96   2852    7
5   321 1   1   12  0   193.92  349.85  1814    7
5   322 1   0   12  11  0.00    0.00    4056    6
5   323 1   1   8   26  356.40  181.60  2268    7
5   324 1   0   12  6   0.00    0.00    3876    6
5   325 1   1   12  22  240.73  319.45  2047    7
5   326 1   1   8   19  -136.81 375.88  1357    7
5   327 1   0   8   35  0.00    0.00    2992    6
5   328 1   0   8   2   0.00    0.00    3487    6
5   329 1   1   12  26  356.40  181.60  1675    7
5   330 1   1   12  9   -136.81 -375.88 2866    7
5   331 1   1   4   31  -339.22 -211.97 1805    7
5   332 1   0   8   15  0.00    0.00    3023    6
5   333 1   0   4   48  0.00    0.00    2063    6
5   334 1   1   4   46  272.80  292.54  1523    7
5   335 1   1   12  10  -392.65 -76.32  4060    7
5   336 1   0   8   0   0.00    0.00    3326    6
5   337 1   0   4   36  0.00    0.00    2026    6
5   338 1   0   12  0   0.00    0.00    3758    6
5   339 1   1   8   41  399.45  -20.93  2423    7
5   340 1   1   8   23  -373.43 143.35  3954    7
5   341 1   0   4   5   0.00    0.00    1869    6
5   342 1   1   4   32  217.86  -335.47 1764    7
5   343 1   1   12  0   -399.94 -6.98   3995    7
5   344 1   0   4   83  0.00    0.00    1820    6
5   345 1   1   4   80  395.08  -62.57  1666    7
5   346 1   1   4   66  -368.20 156.29  1340    7
5   347 1   1   8   4   -398.48 -34.86  3029    7
5   348 1   1   12  8   -251.73 310.86  1398    7
5   349 1   0   12  5   0.00    0.00    4172    6
5   350 1   0   12  0   0.00    0.00    4300    6
5   351 1   1   4   34  229.43  -327.66 1698    7
5   352 1   0   12  8   0.00    0.00    4126    6
5   353 1   0   12  29  0.00    0.00    4429    6
5   354 1   0   8   27  0.00    0.00    3522    6
5   355 1   0   4   39  0.00    0.00    2209    6
5   356 1   1   12  13  -96.77  388.12  1559    7
5   357 1   1   4   60  -349.85 193.92  1286    7
5   358 1   1   4   24  -362.52 -169.05 1937    7
5   359 1   1   12  26  -335.47 217.86  1996    7
5   360 1   1   4   74  103.53  386.37  1575    7
5   361 3   1   8   25  -130.23 -378.21 1836    7
5   362 3   1   4   9   393.92  69.46   1043    7
5   363 3   0   8   36  0.00    0.00    2226    6
5   364 3   1   12  25  331.62  -223.68 1418    7
5   365 3   0   8   3   0.00    0.00    2247    6
5   366 3   1   4   78  76.32   392.65  1317    7
5   367 3   1   12  29  -346.41 200.00  1736    7
5   368 3   0   8   18  0.00    0.00    1806    6
5   369 3   0   8   8   0.00    0.00    1574    6
5   370 3   0   8   24  0.00    0.00    3188    6
5   371 3   1   8   19  -169.05 -362.52 2003    7
5   372 3   1   4   35  323.61  235.11  1352    7
5   373 3   0   4   4   0.00    0.00    1118    6
5   374 3   1   8   30  96.77   388.12  1277    7
5   375 3   0   12  18  0.00    0.00    2354    6
5   376 3   1   4   9   69.46   -393.92 1385    7
5   377 3   0   4   34  0.00    0.00    1552    6
5   378 3   1   12  26  356.40  181.60  1572    7
5   379 3   1   4   80  62.57   395.08  1587    7
5   380 3   1   8   12  389.75  89.98   1372    7
5   381 3   1   4   17  -123.61 380.42  1072    7
5   382 3   0   4   19  0.00    0.00    1262    6
5   383 3   0   8   11  0.00    0.00    1723    6
5   384 3   0   4   57  0.00    0.00    1247    6
5   385 3   0   8   21  0.00    0.00    1458    6
5   386 3   1   12  5   397.81  41.81   1090    7
5   387 3   0   12  10  0.00    0.00    2579    6
5   388 3   1   4   10  76.32   -392.65 1259    7
5   389 3   0   4   20  0.00    0.00    1843    6
5   390 3   0   12  24  0.00    0.00    1846    6
5   391 3   1   4   48  -262.42 -301.88 1241    7
5   392 3   1   12  8   -143.35 -373.43 1370    7
5   393 3   0   8   16  0.00    0.00    1468    6
5   394 3   0   4   47  0.00    0.00    1354    6
5   395 3   0   8   22  0.00    0.00    1212    6
5   396 3   0   12  15  0.00    0.00    2112    6
5   397 3   0   8   36  0.00    0.00    1568    6
5   398 3   0   8   27  0.00    0.00    1353    6
5   399 3   0   8   12  0.00    0.00    2062    6
5   400 3   0   12  21  0.00    0.00    1841    6
5   401 3   1   12  15  388.12  -96.77  1604    7
5   402 3   1   4   50  -310.86 251.73  1013    7
5   403 3   1   12  14  -103.53 386.37  1444    7
5   404 3   0   4   40  0.00    0.00    1106    6
5   405 3   1   12  9   306.42  257.12  1108    7
5   406 3   0   12  29  0.00    0.00    1498    6
5   407 3   1   12  29  200.00  346.41  809 7
5   408 3   1   8   24  169.05  -362.52 1489    7
5   409 3   1   12  24  398.48  -34.86  915 7
5   410 3   1   8   24  -362.52 -169.05 1074    7
5   411 3   0   4   9   0.00    0.00    1875    6
5   412 3   1   12  6   397.02  48.75   1293    7
5   413 3   1   4   4   -34.86  398.48  1339    7
5   414 3   0   12  27  0.00    0.00    2701    6
5   415 3   1   4   82  397.02  -48.75  1032    7
5   416 3   0   4   11  0.00    0.00    1122    6
5   417 3   0   4   68  0.00    0.00    1337    6
5   418 3   0   8   9   0.00    0.00    1532    6
5   419 3   1   4   79  69.46   393.92  1154    7
5   420 3   0   4   25  0.00    0.00    1344    6
5   421 3   1   12  25  399.03  -27.90  1968    7
5   422 3   1   8   42  292.54  272.80  1528    7
5   423 3   0   8   40  0.00    0.00    1533    6
5   424 3   0   4   15  0.00    0.00    998 6
5   425 3   0   4   44  0.00    0.00    1305    6
5   426 3   1   8   3   399.03  27.90   1124    7
5   427 3   0   4   21  0.00    0.00    1061    6
5   428 3   0   12  14  0.00    0.00    1706    6
5   429 3   0   12  9   0.00    0.00    2784    6
5   430 3   0   12  27  0.00    0.00    1941    6
5   431 3   0   8   16  0.00    0.00    1711    6
5   432 3   1   8   18  -359.52 175.35  1125    7
5   433 3   0   8   15  0.00    0.00    1686    6
5   434 3   0   4   85  0.00    0.00    1356    6
5   435 3   0   12  12  0.00    0.00    3025    6
5   436 3   0   4   74  0.00    0.00    1802    6
5   437 3   0   4   42  0.00    0.00    1418    6
5   438 3   0   12  3   0.00    0.00    2056    6
5   439 3   1   12  7   -396.11 -55.67  1636    7
5   440 3   1   12  15  110.25  -384.50 1949    7
5   441 3   1   4   71  123.61  380.42  1118    7
5   442 3   1   8   40  -301.88 -262.42 1363    7
5   443 3   1   4   45  -287.74 277.86  1137    7
5   444 3   1   8   14  -200.00 -346.41 1748    7
5   445 3   1   4   67  370.87  -149.84 1107    7
5   446 3   0   12  19  0.00    0.00    2442    6
5   447 3   0   8   34  0.00    0.00    1888    6
5   448 3   1   8   13  206.02  342.87  1267    7
5   449 3   1   12  27  353.18  187.79  1211    7
5   450 3   1   12  9   306.42  257.12  1228    7
5   451 3   0   4   49  0.00    0.00    1412    6
5   452 3   1   4   7   396.11  55.67   1001    7
5   453 3   1   8   8   -235.11 -323.61 1558    7
5   454 3   0   8   38  0.00    0.00    1863    6
5   455 3   1   4   64  -362.52 169.05  1055    7
5   456 3   0   8   2   0.00    0.00    1569    6
5   457 3   0   8   9   0.00    0.00    1444    6
5   458 3   1   12  24  398.48  -34.86  1428    7
5   459 3   1   8   42  -292.54 -272.80 1266    7
5   460 3   0   12  3   0.00    0.00    1677    6
5   461 3   0   12  1   0.00    0.00    1765    6
5   462 3   0   4   39  0.00    0.00    1421    6
5   463 3   0   12  17  0.00    0.00    1653    6
5   464 3   0   12  1   0.00    0.00    1667    6
5   465 3   1   12  4   169.05  362.52  959 7
5   466 3   1   12  24  169.05  -362.52 1323    7
5   467 3   1   12  29  -400.00 0.00    1046    7
5   468 3   1   8   32  217.86  -335.47 1716    7
5   469 3   1   4   35  -323.61 -235.11 1740    7
5   470 3   0   4   33  0.00    0.00    1629    6
5   471 3   1   8   8   -235.11 -323.61 1163    7
5   472 3   1   4   26  -356.40 -181.60 1260    7
5   473 3   0   12  18  0.00    0.00    1936    6
5   474 3   1   8   23  373.43  -143.35 1314    7
5   475 3   1   8   8   62.57   -395.08 1520    7
5   476 3   1   4   71  380.42  -123.61 802 7
5   477 3   1   8   42  -13.96  -399.76 1105    7
5   478 3   0   12  12  0.00    0.00    1787    6
5   479 3   1   8   27  116.95  382.52  1803    7
5   480 3   0   12  11  0.00    0.00    1946    6