blk	trl	target	search	nitems	rot_offset	tpos_x	tpos_y	rt	button
3	2	0	1	12	14	386.37	-103.53	4735	7
3	3	0	1	8	13	342.87	-206.02	3353	7
3	4	0	0	12	12	0.00	0.00	5165	6
3	5	0	1	4	20	373.43	143.35	2151	7
3	6	0	1	8	5	310.86	-251.73	2766	7
3	7	0	0	4	87	0.00	0.00	2592	6
3	8	0	0	4	37	0.00	0.00	2168	6
3	9	0	0	12	17	0.00	0.00	6079	6
3	10	0	0	8	26	0.00	0.00	4087	6
3	11	0	0	12	1	0.00	0.00	5825	6
3	12	0	0	4	36	0.00	0.00	2584	6
3	13	0	1	8	19	-362.52	169.05	1347	7
3	14	0	1	12	29	-0.00	-400.00	5775	7
3	15	0	0	12	18	0.00	0.00	6323	6
3	16	0	1	4	52	240.73	319.45	1837	7
3	17	0	1	4	55	-223.68	-331.62	2484	7
3	18	0	0	4	27	0.00	0.00	2433	6
3	19	0	1	4	36	-319.45	-240.73	1777	7
3	20	0	0	8	29	0.00	0.00	4777	6
3	21	0	0	8	43	0.00	0.00	5032	6
3	22	0	0	8	6	0.00	0.00	4173	6
3	23	0	0	12	12	0.00	0.00	5708	6
3	24	0	1	8	40	301.88	262.42	2928	7
3	25	0	1	12	5	162.69	365.42	3122	7
3	26	0	0	8	35	0.00	0.00	4042	6
3	27	0	0	8	44	0.00	0.00	4955	6
3	28	0	1	4	85	-27.90	-399.03	3508	7
3	29	0	0	8	31	0.00	0.00	5090	6
3	30	0	1	4	53	-235.11	-323.61	2205	7
3	31	0	1	4	13	-96.77	388.12	1742	7
3	32	0	1	8	27	187.79	-353.18	3290	7
3	33	0	0	4	60	0.00	0.00	2635	6
3	34	0	1	4	46	-292.54	272.80	1518	7
3	35	0	0	12	17	0.00	0.00	7323	6
3	36	0	0	8	44	0.00	0.00	4070	6
3	37	0	1	12	12	-382.52	116.95	4107	7
3	38	0	0	12	27	0.00	0.00	7285	6
3	39	0	1	12	4	327.66	229.43	3006	7
3	40	0	1	4	52	-319.45	240.73	1734	7
3	41	0	1	8	13	-96.77	388.12	1920	7
3	42	0	0	4	56	0.00	0.00	2417	6
3	43	0	1	12	6	397.02	48.75	3563	7
3	44	0	1	8	23	-373.43	143.35	1635	7
3	45	0	0	4	0	0.00	0.00	2474	6
3	46	0	0	8	41	0.00	0.00	3624	6
3	47	0	1	12	2	-399.45	-20.93	5738	6
3	48	0	1	12	25	-27.90	-399.03	5858	7
3	49	0	0	8	43	0.00	0.00	4837	6
3	50	0	0	4	56	0.00	0.00	2595	6
3	51	0	0	12	0	0.00	0.00	6995	6
3	52	0	1	12	17	123.61	-380.42	4440	7
3	53	0	0	8	41	0.00	0.00	5026	6
3	54	0	0	12	20	0.00	0.00	6333	6
3	55	0	0	8	36	0.00	0.00	4465	6
3	56	0	1	8	28	110.25	384.50	2803	7
3	57	0	1	8	24	-136.81	-375.88	4000	7
3	58	0	0	12	17	0.00	0.00	5936	6
3	59	0	1	8	22	156.29	-368.20	3467	7
3	60	0	1	12	26	181.60	-356.40	5156	7
3	61	0	1	4	76	89.98	389.75	2004	7
3	62	0	0	12	2	0.00	0.00	6590	6
3	63	0	1	8	20	143.35	-373.43	3841	7
3	64	0	0	4	64	0.00	0.00	2436	6
3	65	0	1	8	19	362.52	-169.05	3013	7
3	66	0	1	12	2	335.47	217.86	3629	7
3	67	0	1	12	21	-370.87	-149.84	6990	7
3	68	0	1	8	21	-370.87	-149.84	3701	6
3	69	0	0	4	45	0.00	0.00	3227	6
3	70	0	0	4	67	0.00	0.00	2990	6
3	71	0	0	4	74	0.00	0.00	2687	6
3	72	0	1	8	39	-257.12	306.42	1559	7
3	73	0	0	4	73	0.00	0.00	2503	6
3	74	0	1	4	43	-277.86	287.74	2224	7
3	75	0	0	12	26	0.00	0.00	5728	6
3	76	0	0	4	78	0.00	0.00	2451	6
3	77	0	0	8	28	0.00	0.00	3786	6
3	78	0	1	4	64	362.52	-169.05	3219	7
3	79	0	1	8	12	339.22	-211.97	3111	7
3	80	0	0	4	74	0.00	0.00	2653	6
3	81	0	1	12	19	-393.92	69.46	1623	7
3	82	0	0	12	9	0.00	0.00	6617	6
3	83	0	1	12	27	-339.22	211.97	2280	7
3	84	0	0	12	14	0.00	0.00	6102	6
3	85	0	0	4	4	0.00	0.00	2416	6
3	86	0	1	4	72	-116.95	-382.52	3830	7
3	87	0	0	8	7	0.00	0.00	4035	6
3	88	0	1	4	45	287.74	-277.86	2084	7
3	89	0	1	12	2	-217.86	335.47	2145	7
3	90	0	0	8	19	0.00	0.00	3882	6
3	91	0	1	4	57	211.97	339.22	1813	7
3	92	0	1	8	0	6.98	-399.94	3462	7
3	93	0	0	4	68	0.00	0.00	2468	6
3	94	0	0	8	38	0.00	0.00	4870	6
3	95	0	0	4	57	0.00	0.00	2577	6
3	96	0	0	8	29	0.00	0.00	4837	6
3	97	0	1	8	40	-262.42	301.88	1646	7
3	98	0	1	8	8	395.08	62.57	3521	7
3	99	0	1	12	0	193.92	349.85	4308	7
3	100	0	0	4	40	0.00	0.00	2916	6
3	101	0	0	8	40	0.00	0.00	4185	6
3	102	0	0	12	17	0.00	0.00	7298	6
3	103	0	1	12	11	297.26	267.65	5871	6
3	104	0	0	8	32	0.00	0.00	3708	6
3	105	0	1	4	33	-223.68	331.62	1733	7
3	106	0	1	8	21	368.20	-156.29	3034	7
3	107	0	0	12	5	0.00	0.00	6659	6
3	108	0	1	4	5	-41.81	397.81	1707	7
3	109	0	1	4	1	399.76	13.96	2507	7
3	110	0	1	12	29	346.41	-200.00	5484	7
3	111	0	1	12	9	-393.92	-69.46	1628	7
3	112	0	0	8	43	0.00	0.00	4250	6
3	113	0	0	12	20	0.00	0.00	7533	6
3	114	0	0	12	6	0.00	0.00	8861	6
3	115	0	0	12	13	0.00	0.00	8035	6
3	116	0	0	12	27	0.00	0.00	8424	6
3	117	0	1	4	31	339.22	211.97	1801	7
3	118	0	1	4	41	-267.65	297.26	1875	7
3	119	0	0	4	84	0.00	0.00	2703	6
3	120	0	1	12	9	306.42	257.12	3466	7
3	121	2	0	4	37	0.00	0.00	1797	6
3	122	2	0	4	29	0.00	0.00	1725	6
3	123	2	0	4	40	0.00	0.00	1693	6
3	124	2	1	4	79	69.46	393.92	1277	7
3	125	2	0	8	41	0.00	0.00	2073	6
3	126	2	1	8	6	246.26	315.20	1654	7
3	127	2	1	12	14	103.53	386.37	1543	7
3	128	2	0	12	2	0.00	0.00	3048	6
3	129	2	0	8	1	0.00	0.00	2055	6
3	130	2	1	12	2	-399.45	-20.93	1282	7
3	131	2	1	4	60	349.85	-193.92	2227	7
3	132	2	0	4	22	0.00	0.00	3094	6
3	133	2	0	4	86	0.00	0.00	1425	6
3	134	2	1	8	36	396.11	-55.67	1481	7
3	135	2	0	4	85	0.00	0.00	1370	6
3	136	2	0	12	16	0.00	0.00	3271	6
3	137	2	1	8	10	392.65	76.32	1697	7
3	138	2	0	8	35	0.00	0.00	2424	6
3	139	2	1	8	5	310.86	-251.73	1830	7
3	140	2	1	8	28	193.92	-349.85	2317	7
3	141	2	0	8	27	0.00	0.00	2001	6
3	142	2	0	4	83	0.00	0.00	1281	6
3	143	2	0	12	14	0.00	0.00	3279	6
3	144	2	1	4	58	342.87	-206.02	1565	7
3	145	2	1	12	2	-399.45	-20.93	1335	7
3	146	2	1	4	87	399.76	-13.96	1314	7
3	147	2	0	12	2	0.00	0.00	3186	6
3	148	2	0	4	38	0.00	0.00	1294	6
3	149	2	1	4	2	20.93	-399.45	1570	7
3	150	2	1	4	71	-380.42	123.61	1153	7
3	151	2	1	12	24	169.05	-362.52	2660	7
3	152	2	1	4	47	-267.65	-297.26	1719	7
3	153	2	1	8	8	-235.11	-323.61	2343	7
3	154	2	1	12	7	-315.20	-246.26	3488	7
3	155	2	1	4	6	48.75	-397.02	1797	7
3	156	2	1	12	7	-315.20	-246.26	3064	7
3	157	2	0	12	17	0.00	0.00	3473	6
3	158	2	0	4	17	0.00	0.00	1460	6
3	159	2	1	12	20	395.08	-62.57	1802	7
3	160	2	1	12	15	388.12	-96.77	1700	7
3	161	2	0	12	27	0.00	0.00	3082	6
3	162	2	0	8	25	0.00	0.00	1807	6
3	163	2	1	4	67	370.87	-149.84	1415	7
3	164	2	1	8	42	13.96	399.76	2029	7
3	165	2	0	12	27	0.00	0.00	2502	6
3	166	2	0	4	48	0.00	0.00	1581	6
3	167	2	1	4	72	382.52	-116.95	1194	7
3	168	2	0	12	10	0.00	0.00	3861	6
3	169	2	1	12	2	-20.93	399.45	2523	7
3	170	2	1	12	4	-169.05	-362.52	1042	7
3	171	2	1	8	28	110.25	384.50	2063	7
3	172	2	1	4	8	-395.08	-62.57	1352	7
3	173	2	0	12	16	0.00	0.00	3116	6
3	174	2	0	4	39	0.00	0.00	1368	6
3	175	2	0	12	28	0.00	0.00	3175	6
3	176	2	1	8	26	-123.61	-380.42	1186	7
3	177	2	1	12	18	301.88	-262.42	2190	7
3	178	2	0	8	0	0.00	0.00	2259	6
3	179	2	1	12	4	-362.52	169.05	1703	7
3	180	2	1	12	25	-359.52	-175.35	1005	7
3	181	2	0	4	9	0.00	0.00	1265	6
3	182	2	0	8	40	0.00	0.00	2051	6
3	183	2	1	4	25	359.52	175.35	1299	7
3	184	2	1	12	13	-388.12	-96.77	1029	7
3	185	2	1	8	18	-175.35	-359.52	1019	7
3	186	2	0	8	27	0.00	0.00	2181	6
3	187	2	0	4	81	0.00	0.00	1455	6
3	188	2	0	4	84	0.00	0.00	1365	6
3	189	2	1	12	8	395.08	62.57	2287	7
3	190	2	1	4	19	-375.88	-136.81	945	7
3	191	2	0	4	55	0.00	0.00	1381	6
3	192	2	0	8	11	0.00	0.00	1888	6
3	193	2	1	12	21	-149.84	370.87	1163	7
3	194	2	0	12	13	0.00	0.00	2559	6
3	195	2	0	4	51	0.00	0.00	1233	6
3	196	2	0	12	12	0.00	0.00	2837	6
3	197	2	0	8	2	0.00	0.00	2331	6
3	198	2	1	4	46	272.80	292.54	1445	7
3	199	2	1	12	5	365.42	-162.69	1453	7
3	200	2	1	8	10	-331.62	223.68	2094	7
3	201	2	0	12	24	0.00	0.00	3251	6
3	202	2	1	8	1	-292.54	272.80	978	7
3	203	2	0	4	86	0.00	0.00	1817	6
3	204	2	1	4	75	388.12	-96.77	1182	7
3	205	2	1	8	43	-6.98	-399.94	1337	7
3	206	2	0	8	43	0.00	0.00	2092	6
3	207	2	0	12	17	0.00	0.00	3262	6
3	208	2	0	12	8	0.00	0.00	2833	6
3	209	2	1	4	22	-368.20	-156.29	1141	7
3	210	2	0	12	11	0.00	0.00	3075	6
3	211	2	0	12	21	0.00	0.00	2950	6
3	212	2	1	12	14	-103.53	-386.37	1006	7
3	213	2	0	12	6	0.00	0.00	2630	6
3	214	2	0	8	12	0.00	0.00	2365	6
3	215	2	1	4	63	-175.35	-359.52	1253	7
3	216	2	0	8	16	0.00	0.00	2029	6
3	217	2	0	8	34	0.00	0.00	2186	6
3	218	2	1	4	19	136.81	-375.88	931	7
3	219	2	1	12	8	-251.73	310.86	3189	7
3	220	2	0	8	35	0.00	0.00	2429	6
3	221	2	0	8	15	0.00	0.00	1996	6
3	222	2	1	8	36	396.11	-55.67	1658	7
3	223	2	1	8	19	-136.81	375.88	1958	7
3	224	2	0	8	20	0.00	0.00	2055	6
3	225	2	0	12	3	0.00	0.00	3262	6
3	226	2	0	8	5	0.00	0.00	1874	6
3	227	2	0	12	13	0.00	0.00	2799	6
3	228	2	0	4	47	0.00	0.00	1485	6
3	229	2	1	4	35	-235.11	323.61	1196	7
3	230	2	0	8	8	0.00	0.00	2372	6
3	231	2	0	4	26	0.00	0.00	1499	6
3	232	2	1	8	42	-292.54	-272.80	1115	7
3	233	2	1	8	0	277.86	287.74	1995	7
3	234	2	1	8	20	-162.69	-365.42	955	7
3	235	2	1	12	27	-13.96	-399.76	962	7
3	236	2	1	8	39	-34.86	-398.48	1230	7
3	237	2	1	4	34	327.66	229.43	1347	7
3	238	2	0	4	59	0.00	0.00	1316	6
3	239	2	0	8	37	0.00	0.00	2423	6
3	240	2	1	8	11	-391.26	-83.16	1159	7
3	241	1	0	4	77	0.00	0.00	1747	6
3	242	1	0	4	15	0.00	0.00	1656	6
3	243	1	0	12	0	0.00	0.00	4028	6
3	244	1	0	12	14	0.00	0.00	4754	6
3	245	1	0	12	21	0.00	0.00	4163	6
3	246	1	0	12	18	0.00	0.00	3946	6
3	247	1	1	4	51	-315.20	246.26	1483	7
3	248	1	0	8	3	0.00	0.00	2824	6
3	249	1	1	8	41	-267.65	297.26	1782	7
3	250	1	1	12	25	-331.62	223.68	1151	7
3	251	1	1	12	15	96.77	388.12	1993	7
3	252	1	1	8	26	-380.42	123.61	1330	7
3	253	1	0	4	80	0.00	0.00	1874	6
3	254	1	1	4	54	-229.43	-327.66	1560	7
3	255	1	1	4	60	-349.85	193.92	1195	7
3	256	1	0	8	34	0.00	0.00	2841	6
3	257	1	1	4	74	386.37	-103.53	1601	7
3	258	1	0	12	12	0.00	0.00	4380	6
3	259	1	0	4	73	0.00	0.00	1605	6
3	260	1	0	4	17	0.00	0.00	1772	6
3	261	1	1	4	14	-386.37	-103.53	1275	7
3	262	1	1	12	4	-362.52	169.05	1088	7
3	263	1	1	4	72	-116.95	-382.52	1781	7
3	264	1	0	12	15	0.00	0.00	4061	6
3	265	1	1	12	6	397.02	48.75	2509	7
3	266	1	0	8	39	0.00	0.00	2751	6
3	267	1	0	12	7	0.00	0.00	3506	6
3	268	1	0	8	12	0.00	0.00	2591	6
3	269	1	1	8	39	257.12	-306.42	2252	7
3	270	1	0	12	27	0.00	0.00	3890	6
3	271	1	1	4	52	-240.73	-319.45	1275	7
3	272	1	1	12	27	353.18	187.79	2291	7
3	273	1	1	8	41	399.45	-20.93	1959	7
3	274	1	1	4	74	386.37	-103.53	1813	7
3	275	1	1	4	70	-130.23	-378.21	1840	7
3	276	1	1	8	44	282.84	282.84	1631	7
3	277	1	0	4	28	0.00	0.00	1739	6
3	278	1	0	4	54	0.00	0.00	1589	6
3	279	1	1	4	70	378.21	-130.23	1352	7
3	280	1	0	8	31	0.00	0.00	2406	6
3	281	1	0	12	19	0.00	0.00	3988	6
3	282	1	0	12	25	0.00	0.00	3371	6
3	283	1	1	8	25	175.35	-359.52	2092	7
3	284	1	0	4	68	0.00	0.00	1696	6
3	285	1	1	8	32	217.86	-335.47	2359	7
3	286	1	1	8	43	6.98	399.94	1413	7
3	287	1	1	8	27	-116.95	-382.52	2578	7
3	288	1	1	4	66	-368.20	156.29	1321	7
3	289	1	0	12	10	0.00	0.00	4251	6
3	290	1	0	4	33	0.00	0.00	1917	6
3	291	1	1	4	77	83.16	391.26	1144	7
3	292	1	1	12	28	-206.02	-342.87	4227	7
3	293	1	1	12	28	-349.85	-193.92	1452	7
3	294	1	1	12	5	-235.11	323.61	3690	7
3	295	1	1	12	20	310.86	-251.73	2640	7
3	296	1	0	12	12	0.00	0.00	4076	6
3	297	1	1	12	0	-399.94	-6.98	1113	7
3	298	1	1	8	15	-349.85	193.92	1249	7
3	299	1	1	8	25	378.21	-130.23	2026	7
3	300	1	0	4	63	0.00	0.00	1776	6
3	301	1	1	12	21	55.67	396.11	1444	7
3	302	1	0	12	9	0.00	0.00	3322	6
3	303	1	1	8	9	69.46	-393.92	2580	7
3	304	1	0	12	0	0.00	0.00	3799	6
3	305	1	1	8	6	315.20	-246.26	1856	7
3	306	1	0	4	16	0.00	0.00	1531	6
3	307	1	0	4	40	0.00	0.00	1616	6
3	308	1	0	8	10	0.00	0.00	2186	6
3	309	1	1	4	25	359.52	175.35	1615	7
3	310	1	0	4	75	0.00	0.00	1337	6
3	311	1	0	4	2	0.00	0.00	1584	6
3	312	1	0	8	16	0.00	0.00	2380	6
3	313	1	1	12	5	-41.81	397.81	1717	7
3	314	1	1	8	20	373.43	143.35	2000	7
3	315	1	1	8	2	297.26	-267.65	2019	7
3	316	1	0	12	4	0.00	0.00	3734	6
3	317	1	0	12	22	0.00	0.00	3958	6
3	318	1	0	8	36	0.00	0.00	2354	6
3	319	1	1	12	26	-217.86	-335.47	2904	7
3	320	1	1	4	31	-339.22	-211.97	1544	7
3	321	1	0	12	10	0.00	0.00	4232	6
3	322	1	1	8	44	0.00	400.00	1296	7
3	323	1	1	12	21	55.67	396.11	2392	7
3	324	1	0	8	15	0.00	0.00	2781	6
3	325	1	0	4	41	0.00	0.00	1514	6
3	326	1	1	4	56	-335.47	217.86	1195	7
3	327	1	1	8	19	375.88	136.81	1685	7
3	328	1	1	12	15	-384.50	-110.25	4296	7
3	329	1	0	8	42	0.00	0.00	2820	6
3	330	1	1	4	26	-356.40	-181.60	1653	7
3	331	1	0	8	34	0.00	0.00	2592	6
3	332	1	1	8	22	-370.87	149.84	1217	7
3	333	1	1	8	22	-156.29	368.20	1251	7
3	334	1	0	8	10	0.00	0.00	2902	6
3	335	1	0	12	13	0.00	0.00	4646	6
3	336	1	1	4	78	76.32	392.65	1103	7
3	337	1	1	12	15	287.74	-277.86	3277	7
3	338	1	0	8	10	0.00	0.00	2932	6
3	339	1	1	12	5	397.81	41.81	2466	7
3	340	1	1	12	6	368.20	-156.29	3088	7
3	341	1	0	8	39	0.00	0.00	2670	6
3	342	1	0	8	40	0.00	0.00	2578	6
3	343	1	1	4	83	-397.81	41.81	1044	7
3	344	1	0	12	11	0.00	0.00	4365	6
3	345	1	1	12	24	-362.52	-169.05	4206	7
3	346	1	0	8	20	0.00	0.00	2964	6
3	347	1	0	8	3	0.00	0.00	2460	6
3	348	1	0	8	24	0.00	0.00	3001	6
3	349	1	0	8	8	0.00	0.00	2668	6
3	350	1	0	4	12	0.00	0.00	1273	6
3	351	1	0	4	30	0.00	0.00	1403	6
3	352	1	1	8	30	-206.02	342.87	1391	7
3	353	1	0	8	14	0.00	0.00	2276	6
3	354	1	0	12	24	0.00	0.00	3563	6
3	355	1	0	4	46	0.00	0.00	1262	6
3	356	1	0	4	87	0.00	0.00	1349	6
3	357	1	1	4	39	-257.12	306.42	1761	7
3	358	1	1	4	2	399.45	20.93	1333	7
3	359	1	0	4	50	0.00	0.00	1477	6
3	360	1	1	12	9	306.42	257.12	2384	7
3	361	3	0	12	19	0.00	0.00	3640	6
3	362	3	1	4	88	-6.98	-399.94	1503	7
3	363	3	0	4	12	0.00	0.00	1459	6
3	364	3	1	4	85	-399.03	27.90	1249	7
3	365	3	1	4	87	-399.76	13.96	880	7
3	366	3	0	4	27	0.00	0.00	1202	6
3	367	3	0	12	17	0.00	0.00	2859	6
3	368	3	0	12	22	0.00	0.00	2812	6
3	369	3	1	4	79	-393.92	69.46	1069	7
3	370	3	1	8	8	-62.57	395.08	1240	7
3	371	3	0	8	23	0.00	0.00	2133	6
3	372	3	1	8	44	0.00	400.00	938	7
3	373	3	1	12	4	-229.43	327.66	818	7
3	374	3	0	12	7	0.00	0.00	2305	6
3	375	3	1	12	22	-156.29	368.20	1037	7
3	376	3	1	12	20	143.35	-373.43	1362	7
3	377	3	0	8	2	0.00	0.00	2145	6
3	378	3	1	12	5	235.11	-323.61	1865	7
3	379	3	0	8	1	0.00	0.00	2313	6
3	380	3	1	8	41	-399.45	20.93	2055	7
3	381	3	0	12	26	0.00	0.00	2845	6
3	382	3	0	12	27	0.00	0.00	2484	6
3	383	3	1	8	17	-380.42	-123.61	815	7
3	384	3	0	8	11	0.00	0.00	2524	6
3	385	3	1	4	46	272.80	292.54	866	7
3	386	3	0	8	7	0.00	0.00	1653	6
3	387	3	1	12	23	-323.61	235.11	875	7
3	388	3	0	12	3	0.00	0.00	2666	6
3	389	3	0	12	7	0.00	0.00	2610	6
3	390	3	0	8	42	0.00	0.00	1557	6
3	391	3	1	4	73	-384.50	110.25	768	7
3	392	3	0	8	9	0.00	0.00	1776	6
3	393	3	0	4	57	0.00	0.00	1090	6
3	394	3	1	8	30	342.87	206.02	1584	7
3	395	3	1	8	3	262.42	301.88	907	7
3	396	3	0	4	25	0.00	0.00	1230	6
3	397	3	0	4	58	0.00	0.00	1064	6
3	398	3	0	12	26	0.00	0.00	3460	6
3	399	3	1	4	54	327.66	-229.43	1132	7
3	400	3	0	4	73	0.00	0.00	1188	6
3	401	3	1	12	15	96.77	388.12	992	7
3	402	3	1	8	30	206.02	-342.87	1216	7
3	403	3	1	8	2	20.93	-399.45	837	7
3	404	3	1	4	19	-375.88	-136.81	992	7
3	405	3	1	12	13	-287.74	-277.86	1546	7
3	406	3	1	12	19	257.12	306.42	2169	7
3	407	3	1	8	13	342.87	-206.02	946	7
3	408	3	0	4	49	0.00	0.00	1022	6
3	409	3	0	12	6	0.00	0.00	3054	6
3	410	3	0	12	10	0.00	0.00	2115	6
3	411	3	1	12	21	246.26	315.20	1074	7
3	412	3	1	12	5	162.69	365.42	955	7
3	413	3	0	4	40	0.00	0.00	848	6
3	414	3	1	12	0	-206.02	342.87	778	7
3	415	3	1	8	13	342.87	-206.02	926	7
3	416	3	1	4	23	-162.69	365.42	678	7
3	417	3	1	4	73	384.50	-110.25	740	7
3	418	3	1	8	17	-181.60	-356.40	856	7
3	419	3	0	12	17	0.00	0.00	1763	6
3	420	3	0	8	10	0.00	0.00	2286	6
3	421	3	1	8	33	-223.68	331.62	1047	7
3	422	3	0	12	1	0.00	0.00	2723	6
3	423	3	0	4	28	0.00	0.00	1644	6
3	424	3	1	4	49	306.42	-257.12	737	7
3	425	3	1	8	36	396.11	-55.67	929	7
3	426	3	1	12	24	34.86	398.48	773	7
3	427	3	0	4	8	0.00	0.00	865	6
3	428	3	1	12	24	229.43	327.66	1044	7
3	429	3	1	4	60	-193.92	-349.85	776	7
3	430	3	1	4	81	-396.11	55.67	874	7
3	431	3	0	8	19	0.00	0.00	1349	6
3	432	3	1	12	3	-175.35	-359.52	773	7
3	433	3	1	12	29	200.00	-346.41	1082	7
3	434	3	0	8	26	0.00	0.00	1638	6
3	435	3	1	12	12	272.80	-292.54	1191	7
3	436	3	0	4	79	0.00	0.00	940	6
3	437	3	1	4	85	-399.03	27.90	1231	7
3	438	3	0	8	9	0.00	0.00	1333	6
3	439	3	1	12	15	-277.86	-287.74	1366	7
3	440	3	0	8	22	0.00	0.00	1464	6
3	441	3	1	4	78	-392.65	76.32	929	7
3	442	3	1	12	21	149.84	-370.87	1086	7
3	443	3	1	8	44	-282.84	-282.84	748	7
3	444	3	0	12	18	0.00	0.00	1757	6
3	445	3	0	12	10	0.00	0.00	2152	6
3	446	3	0	4	88	0.00	0.00	1188	6
3	447	3	0	4	42	0.00	0.00	741	6
3	448	3	0	8	17	0.00	0.00	1725	6
3	449	3	0	12	21	0.00	0.00	1989	6
3	450	3	1	8	29	-386.37	103.53	773	7
3	451	3	0	8	39	0.00	0.00	1584	6
3	452	3	0	12	21	0.00	0.00	2472	6
3	453	3	0	4	70	0.00	0.00	1248	6
3	454	3	1	4	72	-116.95	-382.52	716	7
3	455	3	1	4	2	-20.93	399.45	815	7
3	456	3	0	4	11	0.00	0.00	874	6
3	457	3	1	12	16	-89.98	-389.75	959	7
3	458	3	1	8	15	110.25	-384.50	1012	7
3	459	3	1	12	1	353.18	-187.79	1149	7
3	460	3	0	8	44	0.00	0.00	1700	6
3	461	3	1	8	37	-246.26	315.20	921	7
3	462	3	0	12	29	0.00	0.00	2365	6
3	463	3	1	4	24	-169.05	362.52	672	7
3	464	3	1	8	8	323.61	-235.11	894	7
3	465	3	0	8	35	0.00	0.00	1548	6
3	466	3	0	4	3	0.00	0.00	985	6
3	467	3	0	4	21	0.00	0.00	880	6
3	468	3	0	12	14	0.00	0.00	2250	6
3	469	3	0	4	70	0.00	0.00	831	6
3	470	3	0	8	5	0.00	0.00	1437	6
3	471	3	0	12	24	0.00	0.00	1931	6
3	472	3	0	8	3	0.00	0.00	1942	6
3	473	3	1	8	42	-272.80	292.54	1035	7
3	474	3	0	4	7	0.00	0.00	962	6
3	475	3	1	8	7	396.11	55.67	853	7
3	476	3	0	8	12	0.00	0.00	1545	6
3	477	3	1	4	45	-287.74	277.86	807	7
3	478	3	0	8	42	0.00	0.00	1492	6
3	479	3	1	4	3	-27.90	399.03	657	7
3	480	3	0	4	36	0.00	0.00	762	6
