blk	trl	target	search	nitems	rot_offset	tpos_x	tpos_y	rt	button
2	2	0	1	12	7	396.11	55.67	5478	7
2	3	0	0	8	8	0.00	0.00	5587	6
2	4	0	0	8	35	0.00	0.00	12492	6
2	5	0	1	8	20	162.69	365.42	3026	7
2	6	0	1	12	18	-378.21	-130.23	6507	7
2	7	0	1	4	3	-399.03	-27.90	4395	7
2	8	0	1	4	30	-342.87	-206.02	4981	7
2	9	0	1	8	36	396.11	-55.67	6406	7
2	10	0	0	4	61	0.00	0.00	4177	6
2	11	0	0	4	26	0.00	0.00	3813	6
2	12	0	1	4	82	397.02	-48.75	3298	7
2	13	0	0	12	15	0.00	0.00	7541	6
2	14	0	1	12	21	-315.20	246.26	5024	7
2	15	0	1	8	22	-370.87	149.84	6379	7
2	16	0	0	8	17	0.00	0.00	6575	6
2	17	0	0	8	25	0.00	0.00	5925	6
2	18	0	0	8	39	0.00	0.00	4669	6
2	19	0	0	8	20	0.00	0.00	6085	6
2	20	0	0	4	75	0.00	0.00	7165	6
2	21	0	1	4	51	-315.20	246.26	7488	7
2	22	0	1	4	20	143.35	-373.43	6097	7
2	23	0	0	12	8	0.00	0.00	11193	6
2	24	0	0	12	1	0.00	0.00	11839	6
2	25	0	0	12	21	0.00	0.00	13270	6
2	26	0	1	12	7	396.11	55.67	5602	7
2	27	0	1	4	66	-156.29	-368.20	4188	7
2	28	0	0	12	27	0.00	0.00	9701	6
2	29	0	1	12	28	-193.92	349.85	18411	7
2	30	0	1	8	1	272.80	292.54	9398	7
2	31	0	0	12	6	0.00	0.00	13314	6
2	32	0	1	4	7	55.67	-396.11	3592	7
2	33	0	0	8	18	0.00	0.00	7871	6
2	34	0	0	12	4	0.00	0.00	12114	6
2	35	0	0	8	21	0.00	0.00	8807	6
2	36	0	1	8	30	342.87	206.02	5136	7
2	37	0	1	4	84	34.86	398.48	4246	7
2	38	0	1	12	19	306.42	-257.12	8661	7
2	39	0	1	4	13	388.12	96.77	6450	7
2	40	0	0	12	7	0.00	0.00	11719	6
2	41	0	1	8	20	-162.69	-365.42	6233	7
2	42	0	1	4	39	257.12	-306.42	5209	7
2	43	0	1	4	37	246.26	-315.20	3385	6
2	44	0	0	8	19	0.00	0.00	6898	6
2	45	0	0	12	16	0.00	0.00	9389	6
2	46	0	1	12	17	-391.26	83.16	17559	7
2	47	0	0	12	24	0.00	0.00	12139	6
2	48	0	1	4	82	-397.02	48.75	5054	7
2	49	0	0	4	82	0.00	0.00	4649	6
2	50	0	1	12	3	-27.90	399.03	14816	7
2	51	0	1	8	35	-395.08	62.57	4915	7
2	52	0	1	12	12	292.54	272.80	12354	7
2	53	0	0	8	24	0.00	0.00	12178	6
2	54	0	0	12	8	0.00	0.00	9367	6
2	55	0	0	12	15	0.00	0.00	12362	6
2	56	0	0	8	28	0.00	0.00	6893	6
2	57	0	1	8	33	223.68	-331.62	9055	7
2	58	0	0	12	6	0.00	0.00	9297	6
2	59	0	0	4	60	0.00	0.00	4998	6
2	60	0	0	12	8	0.00	0.00	13601	6
2	61	0	1	4	56	-217.86	-335.47	2883	7
2	62	0	0	4	27	0.00	0.00	3650	6
2	63	0	0	4	83	0.00	0.00	2935	6
2	64	0	1	4	16	382.52	116.95	3825	7
2	65	0	1	8	27	353.18	187.79	4218	7
2	66	0	0	12	26	0.00	0.00	9080	6
2	67	0	0	4	39	0.00	0.00	6309	6
2	68	0	0	4	55	0.00	0.00	2752	6
2	69	0	0	8	44	0.00	0.00	4691	6
2	70	0	1	8	5	310.86	-251.73	2790	7
2	71	0	1	8	20	-365.42	162.69	4513	7
2	72	0	0	12	12	0.00	0.00	8270	6
2	73	0	1	8	44	282.84	-282.84	5086	7
2	74	0	0	4	80	0.00	0.00	2840	6
2	75	0	1	12	24	34.86	398.48	14596	7
2	76	0	1	8	7	319.45	-240.73	4697	7
2	77	0	0	8	19	0.00	0.00	5204	6
2	78	0	0	4	89	0.00	0.00	2688	6
2	79	0	1	12	10	378.21	-130.23	8811	6
2	80	0	1	12	25	-399.03	27.90	15196	7
2	81	0	1	12	22	319.45	-240.73	6102	7
2	82	0	0	8	18	0.00	0.00	5065	6
2	83	0	1	12	9	-136.81	-375.88	7480	7
2	84	0	0	8	5	0.00	0.00	9173	6
2	85	0	0	8	35	0.00	0.00	5721	6
2	86	0	0	4	60	0.00	0.00	3602	6
2	87	0	1	4	19	-375.88	-136.81	4547	7
2	88	0	1	8	12	339.22	-211.97	4775	7
2	89	0	1	8	40	-262.42	301.88	5883	7
2	90	0	1	8	5	-251.73	-310.86	7251	7
2	91	0	0	4	58	0.00	0.00	7880	6
2	92	0	1	8	44	400.00	-0.00	6276	7
2	93	0	0	8	26	0.00	0.00	5290	6
2	94	0	1	4	34	229.43	-327.66	2393	7
2	95	0	0	4	42	0.00	0.00	3928	6
2	96	0	1	8	13	-342.87	206.02	12569	7
2	97	0	0	12	12	0.00	0.00	11357	6
2	98	0	0	12	13	0.00	0.00	10730	6
2	99	0	0	12	28	0.00	0.00	11285	6
2	100	0	0	8	7	0.00	0.00	4017	6
2	101	0	0	4	39	0.00	0.00	2602	6
2	102	0	0	4	38	0.00	0.00	2786	6
2	103	0	0	4	24	0.00	0.00	3525	6
2	104	0	1	8	7	396.11	55.67	6392	7
2	105	0	0	4	43	0.00	0.00	2953	6
2	106	0	1	4	24	-169.05	362.52	10290	7
2	107	0	1	12	7	396.11	55.67	14349	7
2	108	0	0	8	10	0.00	0.00	8624	6
2	109	0	1	12	0	-399.94	-6.98	15100	7
2	110	0	1	4	26	181.60	-356.40	3335	7
2	111	0	1	4	73	-110.25	-384.50	3589	7
2	112	0	0	8	42	0.00	0.00	14732	6
2	113	0	1	8	30	206.02	-342.87	9538	7
2	114	0	1	12	12	292.54	272.80	15275	7
2	115	0	1	12	11	297.26	267.65	9058	7
2	116	0	0	4	68	0.00	0.00	6244	6
2	117	0	1	12	8	251.73	-310.86	11694	7
2	118	0	0	12	19	0.00	0.00	10120	6
2	119	0	1	4	6	48.75	-397.02	5744	7
2	120	0	0	4	82	0.00	0.00	3084	6
2	121	1	1	4	78	-76.32	-392.65	2051	7
2	122	1	1	12	1	339.22	211.97	7640	7
2	123	1	1	8	9	327.66	-229.43	2466	7
2	124	1	1	12	0	-399.94	-6.98	1650	7
2	125	1	1	8	35	-395.08	62.57	2207	7
2	126	1	0	8	4	0.00	0.00	2898	6
2	127	1	1	8	15	384.50	110.25	2313	7
2	128	1	0	8	10	0.00	0.00	2760	6
2	129	1	1	12	16	-116.95	382.52	3405	7
2	130	1	0	12	5	0.00	0.00	6125	6
2	131	1	0	8	43	0.00	0.00	2437	6
2	132	1	1	4	15	110.25	-384.50	1533	7
2	133	1	0	8	20	0.00	0.00	2860	6
2	134	1	1	8	29	-386.37	103.53	5696	7
2	135	1	1	8	21	156.29	368.20	1919	7
2	136	1	1	8	25	-359.52	-175.35	2951	7
2	137	1	1	12	4	-327.66	-229.43	3349	7
2	138	1	0	4	10	0.00	0.00	2481	6
2	139	1	0	4	29	0.00	0.00	1950	6
2	140	1	1	4	87	399.76	-13.96	1878	7
2	141	1	0	8	31	0.00	0.00	3803	6
2	142	1	0	12	16	0.00	0.00	5486	6
2	143	1	1	12	22	-319.45	240.73	2648	7
2	144	1	1	8	34	69.46	393.92	2151	7
2	145	1	0	4	50	0.00	0.00	1666	6
2	146	1	1	12	7	-370.87	149.84	1894	7
2	147	1	0	4	26	0.00	0.00	1690	6
2	148	1	0	8	21	0.00	0.00	4020	6
2	149	1	1	4	65	-162.69	-365.42	1872	7
2	150	1	0	4	18	0.00	0.00	3579	6
2	151	1	1	12	14	-386.37	103.53	1605	7
2	152	1	0	12	17	0.00	0.00	8048	6
2	153	1	0	8	37	0.00	0.00	3631	6
2	154	1	1	12	14	-282.84	-282.84	1748	7
2	155	1	1	4	12	89.98	-389.75	1369	7
2	156	1	0	8	2	0.00	0.00	3223	6
2	157	1	0	12	6	0.00	0.00	4785	6
2	158	1	0	12	17	0.00	0.00	3571	6
2	159	1	0	8	13	0.00	0.00	3252	6
2	160	1	1	4	62	181.60	356.40	1832	7
2	161	1	1	8	32	-335.47	-217.86	3301	7
2	162	1	1	12	1	353.18	-187.79	3389	7
2	163	1	0	8	0	0.00	0.00	4832	6
2	164	1	0	12	7	0.00	0.00	4840	6
2	165	1	0	8	17	0.00	0.00	3489	6
2	166	1	0	4	2	0.00	0.00	2303	6
2	167	1	1	4	62	-181.60	-356.40	1659	7
2	168	1	0	8	17	0.00	0.00	4100	6
2	169	1	0	12	4	0.00	0.00	3161	6
2	170	1	0	8	40	0.00	0.00	2145	6
2	171	1	1	12	1	187.79	353.18	2505	7
2	172	1	1	4	8	-395.08	-62.57	2735	7
2	173	1	0	4	39	0.00	0.00	1403	6
2	174	1	1	4	23	365.42	162.69	1762	7
2	175	1	0	8	15	0.00	0.00	4520	6
2	176	1	0	12	3	0.00	0.00	4794	6
2	177	1	1	8	1	-292.54	272.80	3089	7
2	178	1	1	8	4	398.48	34.86	2513	7
2	179	1	1	12	6	-319.45	-240.73	4290	7
2	180	1	1	8	3	27.90	-399.03	4928	7
2	181	1	0	8	33	0.00	0.00	2591	6
2	182	1	1	8	8	235.11	323.61	1686	7
2	183	1	0	8	36	0.00	0.00	3134	6
2	184	1	1	12	15	-277.86	-287.74	3453	7
2	185	1	1	4	53	323.61	-235.11	1711	7
2	186	1	0	12	15	0.00	0.00	3416	6
2	187	1	1	4	26	-181.60	356.40	1198	7
2	188	1	1	4	48	-262.42	-301.88	4328	7
2	189	1	0	12	16	0.00	0.00	4363	6
2	190	1	0	12	13	0.00	0.00	5283	6
2	191	1	1	4	79	-393.92	69.46	3740	7
2	192	1	0	12	28	0.00	0.00	3647	6
2	193	1	1	4	85	27.90	399.03	1300	7
2	194	1	0	4	80	0.00	0.00	1445	6
2	195	1	1	8	6	-246.26	-315.20	2240	7
2	196	1	0	4	18	0.00	0.00	1548	6
2	197	1	1	8	18	359.52	-175.35	2971	7
2	198	1	0	4	58	0.00	0.00	1882	6
2	199	1	1	12	23	-235.11	-323.61	4440	7
2	200	1	1	8	43	277.86	-287.74	3051	7
2	201	1	1	8	39	-257.12	306.42	2930	7
2	202	1	1	4	59	200.00	346.41	1982	6
2	203	1	1	4	44	-282.84	282.84	3643	7
2	204	1	1	4	8	395.08	62.57	4016	7
2	205	1	0	12	12	0.00	0.00	7230	6
2	206	1	0	12	11	0.00	0.00	4482	6
2	207	1	1	12	7	396.11	55.67	4364	7
2	208	1	1	8	15	-110.25	384.50	6827	7
2	209	1	0	4	44	0.00	0.00	2654	6
2	210	1	0	12	23	0.00	0.00	6202	6
2	211	1	0	12	12	0.00	0.00	4183	6
2	212	1	0	8	42	0.00	0.00	5319	6
2	213	1	0	4	43	0.00	0.00	1945	6
2	214	1	0	12	15	0.00	0.00	4123	6
2	215	1	1	12	9	393.92	69.46	4163	7
2	216	1	0	4	40	0.00	0.00	3700	6
2	217	1	0	12	6	0.00	0.00	3454	6
2	218	1	1	8	2	-20.93	399.45	4495	7
2	219	1	0	4	73	0.00	0.00	2841	6
2	220	1	0	4	34	0.00	0.00	2007	6
2	221	1	0	4	13	0.00	0.00	4122	6
2	222	1	0	8	25	0.00	0.00	2790	6
2	223	1	1	4	2	-20.93	399.45	1837	7
2	224	1	0	8	24	0.00	0.00	3272	6
2	225	1	1	8	41	-399.45	20.93	2838	7
2	226	1	1	8	25	-175.35	359.52	2919	7
2	227	1	0	4	72	0.00	0.00	2076	6
2	228	1	0	4	37	0.00	0.00	3277	6
2	229	1	0	12	8	0.00	0.00	5723	6
2	230	1	1	4	86	-20.93	-399.45	3114	7
2	231	1	1	4	23	365.42	162.69	1543	7
2	232	1	0	4	28	0.00	0.00	2201	7
2	233	1	0	12	22	0.00	0.00	4439	6
2	234	1	1	12	10	-301.88	-262.42	3903	7
2	235	1	1	12	24	-327.66	229.43	2241	7
2	236	1	0	8	24	0.00	0.00	2675	6
2	237	1	0	4	88	0.00	0.00	6209	6
2	238	1	1	12	24	-34.86	-398.48	3485	7
2	239	1	1	12	3	-359.52	175.35	5303	7
2	240	1	1	12	17	-391.26	83.16	1237	7
2	241	2	0	12	3	0.00	0.00	2876	6
2	242	2	1	8	23	373.43	-143.35	2005	7
2	243	2	0	8	5	0.00	0.00	2820	6
2	244	2	0	4	60	0.00	0.00	2420	6
2	245	2	0	4	5	0.00	0.00	1492	6
2	246	2	1	4	81	-55.67	-396.11	1488	7
2	247	2	0	4	79	0.00	0.00	1099	6
2	248	2	0	12	15	0.00	0.00	3092	6
2	249	2	1	12	6	319.45	240.73	1826	7
2	250	2	0	4	29	0.00	0.00	1726	6
2	251	2	0	4	51	0.00	0.00	1209	6
2	252	2	1	12	20	-251.73	-310.86	2979	7
2	253	2	1	8	15	349.85	-193.92	1625	7
2	254	2	1	12	7	-315.20	-246.26	3239	7
2	255	2	0	8	24	0.00	0.00	1878	6
2	256	2	0	12	20	0.00	0.00	2793	6
2	257	2	1	12	6	319.45	240.73	2915	7
2	258	2	1	4	10	392.65	76.32	3644	7
2	259	2	0	8	20	0.00	0.00	2126	6
2	260	2	0	8	26	0.00	0.00	3032	6
2	261	2	0	4	48	0.00	0.00	1840	7
2	262	2	1	12	7	-370.87	149.84	2469	7
2	263	2	0	8	17	0.00	0.00	2409	6
2	264	2	1	12	9	375.88	-136.81	1815	7
2	265	2	1	12	27	-13.96	-399.76	2880	7
2	266	2	1	8	11	-391.26	-83.16	2387	6
2	267	2	1	4	28	193.92	-349.85	1775	7
2	268	2	0	12	20	0.00	0.00	4219	6
2	269	2	0	12	14	0.00	0.00	2944	6
2	270	2	0	12	19	0.00	0.00	7243	6
2	271	2	1	8	19	362.52	-169.05	2575	7
2	272	2	1	12	8	395.08	62.57	1812	7
2	273	2	1	4	5	397.81	41.81	1131	7
2	274	2	1	8	39	-306.42	-257.12	2317	7
2	275	2	1	12	14	-103.53	386.37	1739	7
2	276	2	1	4	78	392.65	-76.32	1869	7
2	277	2	1	4	66	-368.20	156.29	4212	7
2	278	2	0	12	15	0.00	0.00	3002	6
2	279	2	1	4	59	200.00	346.41	1483	7
2	280	2	1	4	74	103.53	386.37	2869	7
2	281	2	0	4	58	0.00	0.00	1793	6
2	282	2	0	12	7	0.00	0.00	2778	6
2	283	2	0	8	15	0.00	0.00	1913	6
2	284	2	1	12	3	-175.35	-359.52	2649	7
2	285	2	0	8	29	0.00	0.00	3459	6
2	286	2	0	4	46	0.00	0.00	1629	6
2	287	2	0	12	13	0.00	0.00	3095	7
2	288	2	0	8	36	0.00	0.00	1991	6
2	289	2	1	12	9	-375.88	136.81	4281	7
2	290	2	1	12	15	277.86	287.74	3320	7
2	291	2	0	8	22	0.00	0.00	5629	6
2	292	2	1	8	17	123.61	-380.42	2703	7
2	293	2	0	8	18	0.00	0.00	4588	6
2	294	2	1	4	72	-116.95	-382.52	1500	7
2	295	2	0	12	15	0.00	0.00	2842	6
2	296	2	0	12	27	0.00	0.00	4841	6
2	297	2	1	4	13	-96.77	388.12	1352	7
2	298	2	0	4	2	0.00	0.00	1928	6
2	299	2	1	4	88	-6.98	-399.94	1585	7
2	300	2	1	8	39	306.42	257.12	4716	7
2	301	2	0	4	78	0.00	0.00	1953	6
2	302	2	0	4	58	0.00	0.00	1050	6
2	303	2	0	8	38	0.00	0.00	2366	6
2	304	2	1	8	38	-310.86	-251.73	4036	7
2	305	2	1	12	13	384.50	-110.25	1802	7
2	306	2	1	8	30	-342.87	-206.02	1933	7
2	307	2	1	8	36	-55.67	-396.11	2370	7
2	308	2	0	4	54	0.00	0.00	1484	6
2	309	2	0	8	7	0.00	0.00	2171	6
2	310	2	1	4	57	-339.22	211.97	5632	7
2	311	2	0	8	37	0.00	0.00	1911	6
2	312	2	0	12	28	0.00	0.00	2901	6
2	313	2	0	12	29	0.00	0.00	2788	6
2	314	2	1	8	8	395.08	62.57	3426	7
2	315	2	1	8	39	-34.86	-398.48	1557	7
2	316	2	0	12	13	0.00	0.00	3597	6
2	317	2	1	4	7	396.11	55.67	3190	7
2	318	2	1	12	21	-396.11	55.67	3332	7
2	319	2	0	12	18	0.00	0.00	6301	6
2	320	2	0	12	1	0.00	0.00	2649	6
2	321	2	0	4	23	0.00	0.00	1324	6
2	322	2	1	8	9	-393.92	-69.46	1303	7
2	323	2	1	8	13	-388.12	-96.77	1826	7
2	324	2	1	12	24	229.43	327.66	3399	7
2	325	2	0	4	22	0.00	0.00	1301	6
2	326	2	1	4	14	386.37	103.53	1725	7
2	327	2	1	8	19	-375.88	-136.81	2866	7
2	328	2	0	4	57	0.00	0.00	4632	6
2	329	2	1	4	43	-287.74	-277.86	1035	7
2	330	2	0	8	9	0.00	0.00	3423	6
2	331	2	0	4	61	0.00	0.00	1469	6
2	332	2	1	4	69	136.81	375.88	1826	7
2	333	2	1	12	7	370.87	-149.84	3452	7
2	334	2	1	8	24	169.05	-362.52	2117	7
2	335	2	0	12	9	0.00	0.00	7326	6
2	336	2	0	12	9	0.00	0.00	2846	6
2	337	2	1	12	10	-130.23	-378.21	2669	7
2	338	2	0	8	18	0.00	0.00	2854	6
2	339	2	1	12	1	-399.76	-13.96	1940	7
2	340	2	0	12	16	0.00	0.00	5701	6
2	341	2	0	8	19	0.00	0.00	8089	6
2	342	2	0	8	5	0.00	0.00	6357	6
2	343	2	0	4	85	0.00	0.00	1125	6
2	344	2	1	8	41	297.26	267.65	1781	7
2	345	2	0	4	63	0.00	0.00	1497	6
2	346	2	1	4	10	76.32	-392.65	2337	7
2	347	2	0	8	8	0.00	0.00	4352	6
2	348	2	1	8	22	-368.20	-156.29	1943	7
2	349	2	0	8	40	0.00	0.00	2104	6
2	350	2	1	4	14	386.37	103.53	1708	7
2	351	2	1	4	68	373.43	-143.35	3585	7
2	352	2	0	8	29	0.00	0.00	2662	6
2	353	2	1	8	40	-301.88	-262.42	5872	7
2	354	2	1	12	4	327.66	229.43	1581	7
2	355	2	1	12	13	384.50	-110.25	1968	7
2	356	2	0	4	59	0.00	0.00	2113	6
2	357	2	1	8	5	251.73	310.86	4359	7
2	358	2	0	4	63	0.00	0.00	1259	6
2	359	2	1	4	82	397.02	-48.75	6539	7
2	360	2	0	12	20	0.00	0.00	4213	6
2	361	3	0	12	16	0.00	0.00	3625	6
2	362	3	1	12	4	-169.05	-362.52	934	7
2	363	3	0	12	4	0.00	0.00	5131	6
2	364	3	1	8	11	391.26	83.16	1214	7
2	365	3	1	12	23	397.81	-41.81	1080	7
2	366	3	0	12	13	0.00	0.00	2819	6
2	367	3	1	8	30	96.77	388.12	1214	7
2	368	3	1	12	22	368.20	156.29	1307	7
2	369	3	0	12	15	0.00	0.00	3545	6
2	370	3	1	8	34	-327.66	-229.43	1525	7
2	371	3	0	8	12	0.00	0.00	1583	6
2	372	3	0	12	22	0.00	0.00	3444	6
2	373	3	1	12	5	235.11	-323.61	2440	7
2	374	3	1	4	3	399.03	27.90	1335	7
2	375	3	1	12	12	389.75	89.98	893	7
2	376	3	0	4	25	0.00	0.00	1323	6
2	377	3	1	12	23	365.42	162.69	947	7
2	378	3	1	8	42	399.76	-13.96	1837	7
2	379	3	1	8	36	-240.73	319.45	2481	6
2	380	3	1	4	0	399.94	6.98	1354	6
2	381	3	0	8	42	0.00	0.00	2222	6
2	382	3	0	4	11	0.00	0.00	1175	6
2	383	3	0	4	19	0.00	0.00	1544	6
2	384	3	1	12	14	282.84	282.84	2580	7
2	385	3	0	8	21	0.00	0.00	1827	6
2	386	3	1	4	50	-310.86	251.73	1693	7
2	387	3	1	12	0	-399.94	-6.98	3628	7
2	388	3	1	8	21	368.20	-156.29	1745	7
2	389	3	0	12	6	0.00	0.00	4511	6
2	390	3	0	4	13	0.00	0.00	1150	6
2	391	3	1	4	31	211.97	-339.22	900	7
2	392	3	1	12	1	211.97	-339.22	2056	7
2	393	3	1	4	8	-62.57	395.08	2465	7
2	394	3	1	4	4	34.86	-398.48	1102	7
2	395	3	0	12	4	0.00	0.00	4770	6
2	396	3	1	8	4	-398.48	-34.86	3263	7
2	397	3	1	12	23	-162.69	365.42	4931	7
2	398	3	0	12	5	0.00	0.00	2165	6
2	399	3	0	8	6	0.00	0.00	5763	6
2	400	3	1	4	19	-375.88	-136.81	1494	7
2	401	3	1	4	44	282.84	-282.84	974	7
2	402	3	1	4	23	365.42	162.69	2278	6
2	403	3	0	12	23	0.00	0.00	3857	6
2	404	3	1	4	36	-319.45	-240.73	1002	7
2	405	3	1	12	9	393.92	69.46	4753	7
2	406	3	0	8	2	0.00	0.00	1954	6
2	407	3	0	12	0	0.00	0.00	2366	6
2	408	3	1	4	37	246.26	-315.20	8942	7
2	409	3	0	8	35	0.00	0.00	1981	6
2	410	3	0	12	12	0.00	0.00	1863	6
2	411	3	0	8	38	0.00	0.00	1477	6
2	412	3	0	12	2	0.00	0.00	2731	6
2	413	3	1	8	9	327.66	-229.43	837	7
2	414	3	1	4	89	0.00	400.00	1028	7
2	415	3	0	12	23	0.00	0.00	8037	6
2	416	3	0	4	48	0.00	0.00	798	6
2	417	3	0	4	46	0.00	0.00	1491	6
2	418	3	0	12	26	0.00	0.00	4802	6
2	419	3	1	12	2	335.47	217.86	1229	7
2	420	3	0	12	23	0.00	0.00	1881	6
2	421	3	1	8	39	-34.86	-398.48	2415	7
2	422	3	1	4	88	-399.94	6.98	1457	7
2	423	3	0	8	41	0.00	0.00	2199	6
2	424	3	0	4	69	0.00	0.00	1201	6
2	425	3	0	4	22	0.00	0.00	1119	6
2	426	3	0	8	13	0.00	0.00	2297	6
2	427	3	0	4	23	0.00	0.00	1183	6
2	428	3	0	8	9	0.00	0.00	1146	6
2	429	3	0	8	9	0.00	0.00	2131	6
2	430	3	1	8	9	393.92	69.46	1237	7
2	431	3	1	12	18	-301.88	262.42	2106	7
2	432	3	0	4	32	0.00	0.00	848	6
2	433	3	0	8	13	0.00	0.00	1521	6
2	434	3	0	4	27	0.00	0.00	1250	6
2	435	3	1	8	39	306.42	257.12	1394	7
2	436	3	1	12	19	-375.88	-136.81	1423	7
2	437	3	0	4	67	0.00	0.00	1345	6
2	438	3	1	4	59	200.00	346.41	1433	7
2	439	3	0	8	39	0.00	0.00	4342	6
2	440	3	1	8	4	-257.12	-306.42	2154	7
2	441	3	1	12	4	398.48	34.86	951	7
2	442	3	1	8	36	55.67	396.11	2332	7
2	443	3	1	12	18	262.42	301.88	3411	7
2	444	3	1	8	7	55.67	-396.11	4471	7
2	445	3	1	12	19	-375.88	-136.81	1801	7
2	446	3	1	12	23	-323.61	235.11	1699	7
2	447	3	1	4	51	-246.26	-315.20	3778	7
2	448	3	1	4	86	399.45	-20.93	2017	7
2	449	3	1	4	2	20.93	-399.45	2641	7
2	450	3	0	4	70	0.00	0.00	1088	6
2	451	3	0	8	26	0.00	0.00	1946	6
2	452	3	0	8	28	0.00	0.00	2182	6
2	453	3	1	8	12	-389.75	-89.98	2361	7
2	454	3	0	12	25	0.00	0.00	2559	6
2	455	3	0	8	43	0.00	0.00	2150	6
2	456	3	0	12	16	0.00	0.00	2285	6
2	457	3	1	8	34	-229.43	327.66	1672	7
2	458	3	0	4	75	0.00	0.00	1209	6
2	459	3	1	4	81	396.11	-55.67	1129	7
2	460	3	0	4	13	0.00	0.00	1629	6
2	461	3	0	4	52	0.00	0.00	2047	6
2	462	3	0	8	7	0.00	0.00	1106	6
2	463	3	1	4	83	-397.81	41.81	2640	7
2	464	3	0	4	82	0.00	0.00	3797	6
2	465	3	0	4	68	0.00	0.00	1487	6
2	466	3	0	8	15	0.00	0.00	2005	6
2	467	3	0	12	2	0.00	0.00	3801	6
2	468	3	0	8	3	0.00	0.00	2068	6
2	469	3	1	12	17	-297.26	267.65	1300	7
2	470	3	1	8	44	282.84	282.84	3033	7
2	471	3	0	8	28	0.00	0.00	2745	6
2	472	3	0	4	35	0.00	0.00	1088	6
2	473	3	0	12	4	0.00	0.00	6946	6
2	474	3	1	4	54	229.43	327.66	847	7
2	475	3	1	8	33	331.62	223.68	1186	7
2	476	3	1	8	43	-277.86	287.74	1539	7
2	477	3	0	4	16	0.00	0.00	1453	6
2	478	3	0	12	3	0.00	0.00	2833	6
2	479	3	1	12	12	116.95	382.52	1216	7
2	480	3	1	8	21	-368.20	156.29	1351	7
