blk	trl	target	search	nitems	rot_offset	tpos_x	tpos_y	rt	button
3	1	1	0	4	49	0.00	0.00	2034	6
3	2	1	0	4	44	0.00	0.00	1340	6
3	3	1	0	12	15	0.00	0.00	5120	6
3	4	1	0	4	24	0.00	0.00	3336	6
3	5	1	1	4	24	-169.05	362.52	1868	7
3	6	1	1	8	20	-162.69	-365.42	3491	7
3	7	1	1	4	57	-339.22	211.97	1772	7
3	8	1	0	12	19	0.00	0.00	3981	6
3	9	1	0	12	20	0.00	0.00	4569	7
3	10	1	1	8	13	-96.77	388.12	2628	7
3	11	1	0	12	4	0.00	0.00	4555	6
3	12	1	0	8	37	0.00	0.00	4637	6
3	13	1	1	8	14	103.53	-386.37	2412	7
3	14	1	1	12	3	-331.62	-223.68	3246	7
3	15	1	0	8	23	0.00	0.00	3846	6
3	16	1	1	12	24	-362.52	-169.05	4153	7
3	17	1	1	12	26	-181.60	356.40	3656	7
3	18	1	1	4	44	-282.84	282.84	3126	7
3	19	1	1	8	22	370.87	-149.84	2953	7
3	20	1	1	4	22	-156.29	368.20	2301	7
3	21	1	0	12	1	0.00	0.00	3826	6
3	22	1	1	8	28	384.50	-110.25	2636	7
3	23	1	0	12	24	0.00	0.00	10148	6
3	24	1	0	4	54	0.00	0.00	1369	6
3	25	1	1	4	25	175.35	-359.52	1854	7
3	26	1	0	8	9	0.00	0.00	3813	6
3	27	1	0	4	5	0.00	0.00	2081	6
3	28	1	1	4	5	-397.81	-41.81	2260	7
3	29	1	0	12	11	0.00	0.00	7755	6
3	30	1	0	12	13	0.00	0.00	4978	6
3	31	1	1	8	17	380.42	123.61	2770	7
3	32	1	1	12	18	-130.23	378.21	4275	7
3	33	1	1	8	24	-169.05	362.52	2532	7
3	34	1	1	12	9	375.88	-136.81	4592	7
3	35	1	1	8	34	-229.43	327.66	2443	7
3	36	1	1	8	2	-267.65	-297.26	3618	7
3	37	1	0	4	82	0.00	0.00	2108	6
3	38	1	0	4	26	0.00	0.00	2782	6
3	39	1	1	4	75	-96.77	-388.12	2233	7
3	40	1	1	4	2	-20.93	399.45	1972	7
3	41	1	1	8	18	175.35	359.52	3924	7
3	42	1	0	4	31	0.00	0.00	1940	6
3	43	1	0	12	9	0.00	0.00	5516	6
3	44	1	1	12	20	-251.73	-310.86	3431	7
3	45	1	1	12	23	-162.69	365.42	2825	7
3	46	1	0	4	15	0.00	0.00	2833	6
3	47	1	0	4	80	0.00	0.00	2906	6
3	48	1	0	12	11	0.00	0.00	3666	6
3	49	1	0	12	20	0.00	0.00	6710	6
3	50	1	1	8	32	83.16	391.26	5484	7
3	51	1	0	8	3	0.00	0.00	6100	6
3	52	1	1	12	18	-392.65	76.32	3169	7
3	53	1	0	4	87	0.00	0.00	1689	6
3	54	1	1	12	1	-187.79	-353.18	3682	7
3	55	1	1	8	10	-223.68	-331.62	3535	7
3	56	1	1	4	88	-399.94	6.98	2119	7
3	57	1	1	12	8	62.57	-395.08	3230	7
3	58	1	1	12	2	-20.93	399.45	1858	7
3	59	1	1	8	16	-353.18	187.79	2017	7
3	60	1	0	4	79	0.00	0.00	1871	6
3	61	1	1	4	70	-130.23	-378.21	3946	7
3	62	1	1	12	11	-380.42	123.61	2157	7
3	63	1	0	8	33	0.00	0.00	2605	6
3	64	1	0	12	13	0.00	0.00	4638	6
3	65	1	0	12	26	0.00	0.00	5675	6
3	66	1	1	12	27	-13.96	-399.76	3469	7
3	67	1	1	12	13	110.25	384.50	3397	7
3	68	1	0	8	21	0.00	0.00	3478	6
3	69	1	0	4	29	0.00	0.00	1554	6
3	70	1	1	8	7	-396.11	-55.67	1795	7
3	71	1	0	8	44	0.00	0.00	2701	6
3	72	1	1	4	85	-399.03	27.90	1691	7
3	73	1	0	12	4	0.00	0.00	4145	6
3	74	1	0	4	50	0.00	0.00	1753	6
3	75	1	1	12	4	327.66	229.43	3948	7
3	76	1	0	4	57	0.00	0.00	2432	6
3	77	1	1	8	17	-356.40	181.60	2228	7
3	78	1	1	8	26	380.42	-123.61	5834	7
3	79	1	1	4	61	187.79	353.18	5557	7
3	80	1	0	12	29	0.00	0.00	3502	6
3	81	1	1	4	11	-83.16	391.26	2312	7
3	82	1	0	8	11	0.00	0.00	2256	6
3	83	1	0	8	34	0.00	0.00	4437	6
3	84	1	1	12	26	399.45	-20.93	2969	7
3	85	1	0	8	8	0.00	0.00	2706	6
3	86	1	0	12	20	0.00	0.00	5504	6
3	87	1	1	8	14	-200.00	-346.41	2381	7
3	88	1	0	4	75	0.00	0.00	1885	6
3	89	1	0	12	11	0.00	0.00	3041	6
3	90	1	1	12	5	-41.81	397.81	1778	7
3	91	1	1	4	14	-103.53	386.37	2338	7
3	92	1	0	4	25	0.00	0.00	1669	6
3	93	1	0	12	2	0.00	0.00	3798	6
3	94	1	0	4	53	0.00	0.00	3813	6
3	95	1	0	8	21	0.00	0.00	3066	6
3	96	1	1	4	43	-277.86	287.74	1278	7
3	97	1	1	8	33	392.65	-76.32	2597	7
3	98	1	1	8	7	-319.45	240.73	2785	7
3	99	1	1	4	27	187.79	-353.18	2405	7
3	100	1	0	4	62	0.00	0.00	2073	7
3	101	1	0	8	9	0.00	0.00	2820	6
3	102	1	0	4	73	0.00	0.00	2528	6
3	103	1	1	8	13	96.77	-388.12	2373	7
3	104	1	0	8	13	0.00	0.00	3026	6
3	105	1	0	8	15	0.00	0.00	2745	6
3	106	1	1	12	22	156.29	-368.20	2694	7
3	107	1	0	8	12	0.00	0.00	2862	6
3	108	1	0	8	30	0.00	0.00	3230	6
3	109	1	1	4	53	235.11	323.61	1940	7
3	110	1	1	12	10	-392.65	-76.32	4091	7
3	111	1	1	4	12	389.75	89.98	2896	7
3	112	1	0	12	3	0.00	0.00	5561	6
3	113	1	0	8	14	0.00	0.00	3962	6
3	114	1	0	12	28	0.00	0.00	5295	6
3	115	1	0	8	4	0.00	0.00	2913	6
3	116	1	1	4	54	229.43	327.66	1577	7
3	117	1	0	8	39	0.00	0.00	3534	6
3	118	1	1	12	26	399.45	-20.93	2316	7
3	119	1	0	8	40	0.00	0.00	3218	6
3	120	1	1	4	89	-400.00	0.00	1726	7
3	121	2	0	4	43	0.00	0.00	1692	6
3	122	2	0	4	33	0.00	0.00	1608	6
3	123	2	1	8	23	373.43	-143.35	1767	7
3	124	2	1	4	28	-349.85	-193.92	1177	7
3	125	2	0	8	28	0.00	0.00	2154	6
3	126	2	0	4	69	0.00	0.00	1340	6
3	127	2	0	4	47	0.00	0.00	1311	6
3	128	2	1	4	0	6.98	-399.94	1657	7
3	129	2	0	4	77	0.00	0.00	1338	6
3	130	2	1	12	13	287.74	277.86	3585	7
3	131	2	1	4	69	-136.81	-375.88	1434	7
3	132	2	1	4	62	181.60	356.40	2859	7
3	133	2	0	12	2	0.00	0.00	2713	6
3	134	2	1	4	56	-217.86	-335.47	1421	7
3	135	2	0	8	24	0.00	0.00	2800	6
3	136	2	0	8	26	0.00	0.00	2778	6
3	137	2	1	8	40	262.42	-301.88	2454	7
3	138	2	1	12	24	229.43	327.66	1658	7
3	139	2	1	12	23	397.81	-41.81	3426	7
3	140	2	1	4	82	48.75	397.02	1198	7
3	141	2	0	12	10	0.00	0.00	2978	6
3	142	2	0	12	10	0.00	0.00	2989	6
3	143	2	1	8	18	130.23	-378.21	1733	7
3	144	2	0	12	10	0.00	0.00	3317	6
3	145	2	0	4	10	0.00	0.00	1468	6
3	146	2	0	12	3	0.00	0.00	2844	6
3	147	2	1	12	1	13.96	-399.76	2153	7
3	148	2	1	8	18	-130.23	378.21	1122	7
3	149	2	0	4	61	0.00	0.00	1358	6
3	150	2	1	4	31	211.97	-339.22	1390	7
3	151	2	1	12	18	-76.32	-392.65	2076	7
3	152	2	1	12	18	-378.21	-130.23	1737	7
3	153	2	0	12	25	0.00	0.00	6915	6
3	154	2	0	8	41	0.00	0.00	2478	6
3	155	2	1	8	30	-96.77	-388.12	1778	7
3	156	2	0	4	80	0.00	0.00	3057	6
3	157	2	1	12	12	-89.98	389.75	1244	7
3	158	2	0	8	1	0.00	0.00	3133	6
3	159	2	1	12	4	-229.43	327.66	1489	7
3	160	2	1	8	36	-319.45	-240.73	3261	7
3	161	2	1	12	7	396.11	55.67	2644	7
3	162	2	1	8	3	-301.88	262.42	1423	7
3	163	2	0	12	3	0.00	0.00	2649	6
3	164	2	1	4	23	365.42	162.69	1162	7
3	165	2	1	12	3	-27.90	399.03	1344	7
3	166	2	1	4	59	346.41	-200.00	1744	7
3	167	2	1	8	33	-392.65	76.32	2656	7
3	168	2	1	8	42	-399.76	13.96	1331	7
3	169	2	1	4	88	-6.98	-399.94	1371	7
3	170	2	0	8	28	0.00	0.00	2686	6
3	171	2	1	8	7	396.11	55.67	2316	7
3	172	2	0	12	19	0.00	0.00	3299	6
3	173	2	1	4	44	-282.84	-282.84	1716	7
3	174	2	1	8	38	251.73	-310.86	2038	7
3	175	2	1	12	17	-83.16	-391.26	2775	7
3	176	2	1	12	21	-315.20	246.26	2741	7
3	177	2	0	4	19	0.00	0.00	1501	6
3	178	2	1	12	3	399.03	27.90	1798	7
3	179	2	1	8	10	-76.32	392.65	4570	7
3	180	2	0	8	0	0.00	0.00	2660	6
3	181	2	0	4	39	0.00	0.00	1962	6
3	182	2	0	12	17	0.00	0.00	3142	6
3	183	2	0	12	10	0.00	0.00	2759	6
3	184	2	0	12	24	0.00	0.00	2736	6
3	185	2	1	8	33	-331.62	-223.68	2476	7
3	186	2	0	4	7	0.00	0.00	1275	6
3	187	2	1	8	37	-397.02	48.75	2544	7
3	188	2	0	12	12	0.00	0.00	2853	6
3	189	2	0	8	43	0.00	0.00	1905	6
3	190	2	1	4	79	69.46	393.92	3231	7
3	191	2	0	12	3	0.00	0.00	2875	6
3	192	2	0	4	65	0.00	0.00	1078	6
3	193	2	0	8	4	0.00	0.00	2538	6
3	194	2	0	4	43	0.00	0.00	1298	6
3	195	2	1	8	35	-395.08	62.57	1398	7
3	196	2	1	12	2	-335.47	-217.86	2601	7
3	197	2	0	12	11	0.00	0.00	3008	6
3	198	2	1	8	14	103.53	-386.37	1589	7
3	199	2	0	12	5	0.00	0.00	3499	6
3	200	2	0	12	8	0.00	0.00	2344	6
3	201	2	0	12	18	0.00	0.00	1646	6
3	202	2	1	12	13	384.50	-110.25	1768	7
3	203	2	1	4	87	-13.96	-399.76	1203	7
3	204	2	0	8	25	0.00	0.00	3103	6
3	205	2	1	4	28	-349.85	-193.92	1500	7
3	206	2	0	4	79	0.00	0.00	1850	6
3	207	2	0	8	13	0.00	0.00	2485	6
3	208	2	1	8	9	69.46	-393.92	1933	7
3	209	2	1	12	5	-162.69	-365.42	1305	7
3	210	2	0	12	25	0.00	0.00	2858	6
3	211	2	1	8	5	41.81	-397.81	1253	7
3	212	2	0	8	36	0.00	0.00	3630	6
3	213	2	0	8	44	0.00	0.00	3058	6
3	214	2	1	4	79	69.46	393.92	1921	7
3	215	2	1	4	60	349.85	-193.92	1430	7
3	216	2	1	8	9	69.46	-393.92	4077	7
3	217	2	1	4	1	399.76	13.96	2332	7
3	218	2	0	4	79	0.00	0.00	1106	6
3	219	2	0	4	30	0.00	0.00	2355	6
3	220	2	0	8	39	0.00	0.00	3145	6
3	221	2	0	8	33	0.00	0.00	2455	6
3	222	2	0	12	2	0.00	0.00	4936	6
3	223	2	1	12	27	353.18	187.79	1772	7
3	224	2	0	12	7	0.00	0.00	2736	6
3	225	2	0	4	12	0.00	0.00	1311	6
3	226	2	1	12	13	287.74	277.86	1030	7
3	227	2	0	4	80	0.00	0.00	1439	6
3	228	2	1	4	38	310.86	251.73	3869	7
3	229	2	0	8	11	0.00	0.00	2356	6
3	230	2	0	8	2	0.00	0.00	3857	6
3	231	2	0	4	57	0.00	0.00	1732	6
3	232	2	1	4	75	96.77	388.12	2777	7
3	233	2	0	4	67	0.00	0.00	2402	6
3	234	2	0	8	25	0.00	0.00	2776	6
3	235	2	0	8	12	0.00	0.00	2322	6
3	236	2	1	8	21	-370.87	-149.84	2367	7
3	237	2	1	12	24	-229.43	-327.66	1987	7
3	238	2	1	12	6	319.45	240.73	3423	7
3	239	2	1	4	24	169.05	-362.52	1534	7
3	240	2	0	8	17	0.00	0.00	3680	6
3	241	3	0	12	14	0.00	0.00	2701	6
3	242	3	1	12	20	-395.08	62.57	1183	7
3	243	3	1	8	26	380.42	-123.61	789	7
3	244	3	1	8	8	235.11	323.61	1640	7
3	245	3	1	8	0	-399.94	-6.98	1120	7
3	246	3	1	8	16	116.95	-382.52	1584	7
3	247	3	1	4	51	246.26	315.20	1738	7
3	248	3	0	12	2	0.00	0.00	2067	6
3	249	3	0	4	33	0.00	0.00	1238	6
3	250	3	1	8	36	55.67	396.11	1610	7
3	251	3	0	4	49	0.00	0.00	1525	6
3	252	3	1	8	20	-365.42	162.69	1854	7
3	253	3	0	12	15	0.00	0.00	1500	6
3	254	3	0	12	5	0.00	0.00	1983	6
3	255	3	1	12	4	-229.43	327.66	1092	7
3	256	3	1	8	34	69.46	393.92	1049	7
3	257	3	0	4	50	0.00	0.00	1522	6
3	258	3	1	8	16	187.79	353.18	1303	7
3	259	3	1	8	17	181.60	356.40	2036	7
3	260	3	0	8	26	0.00	0.00	2991	6
3	261	3	0	12	16	0.00	0.00	3456	6
3	262	3	0	8	39	0.00	0.00	1651	6
3	263	3	0	4	70	0.00	0.00	1332	6
3	264	3	1	4	55	-223.68	-331.62	2294	7
3	265	3	0	8	10	0.00	0.00	2030	6
3	266	3	0	4	34	0.00	0.00	755	6
3	267	3	0	12	0	0.00	0.00	2873	6
3	268	3	1	12	11	-391.26	-83.16	946	7
3	269	3	1	12	4	-398.48	-34.86	1094	7
3	270	3	0	8	3	0.00	0.00	2201	6
3	271	3	1	8	8	-235.11	-323.61	1268	7
3	272	3	0	12	8	0.00	0.00	2860	6
3	273	3	1	4	88	399.94	-6.98	977	7
3	274	3	0	8	5	0.00	0.00	1628	6
3	275	3	0	8	17	0.00	0.00	1584	6
3	276	3	1	8	1	-292.54	272.80	1569	7
3	277	3	1	8	13	342.87	-206.02	857	7
3	278	3	0	12	6	0.00	0.00	2341	6
3	279	3	0	4	21	0.00	0.00	1366	6
3	280	3	0	12	5	0.00	0.00	1959	6
3	281	3	1	12	12	292.54	272.80	966	7
3	282	3	0	12	6	0.00	0.00	1819	6
3	283	3	1	4	36	319.45	240.73	914	7
3	284	3	1	4	89	400.00	-0.00	1329	7
3	285	3	1	12	10	-301.88	-262.42	829	7
3	286	3	1	4	20	-143.35	373.43	978	7
3	287	3	1	12	29	-346.41	200.00	1353	7
3	288	3	0	8	1	0.00	0.00	3822	6
3	289	3	1	4	66	156.29	368.20	4020	7
3	290	3	1	8	42	-272.80	292.54	922	7
3	291	3	1	12	29	-346.41	200.00	4672	7
3	292	3	1	12	5	397.81	41.81	1554	7
3	293	3	0	4	5	0.00	0.00	918	6
3	294	3	1	4	67	-149.84	-370.87	2170	7
3	295	3	1	8	14	200.00	346.41	1229	7
3	296	3	0	8	27	0.00	0.00	1844	6
3	297	3	0	4	86	0.00	0.00	897	6
3	298	3	1	12	10	-301.88	-262.42	1141	7
3	299	3	1	4	7	-55.67	396.11	2693	7
3	300	3	0	12	9	0.00	0.00	4829	6
3	301	3	1	12	14	103.53	386.37	1234	7
3	302	3	0	8	27	0.00	0.00	1957	6
3	303	3	0	8	11	0.00	0.00	1301	6
3	304	3	0	12	14	0.00	0.00	1705	6
3	305	3	0	8	26	0.00	0.00	1415	6
3	306	3	0	8	9	0.00	0.00	1479	6
3	307	3	0	4	19	0.00	0.00	903	6
3	308	3	1	4	48	301.88	-262.42	980	7
3	309	3	0	12	9	0.00	0.00	1790	6
3	310	3	1	8	35	-323.61	-235.11	842	7
3	311	3	0	8	41	0.00	0.00	1101	6
3	312	3	0	12	3	0.00	0.00	2143	6
3	313	3	0	12	28	0.00	0.00	2800	6
3	314	3	1	12	18	-76.32	-392.65	1917	7
3	315	3	1	4	82	48.75	397.02	1652	7
3	316	3	0	4	79	0.00	0.00	1210	6
3	317	3	0	8	1	0.00	0.00	2197	6
3	318	3	0	12	1	0.00	0.00	2556	6
3	319	3	0	4	62	0.00	0.00	970	6
3	320	3	0	4	28	0.00	0.00	861	6
3	321	3	0	4	16	0.00	0.00	1268	6
3	322	3	1	12	2	399.45	20.93	950	7
3	323	3	0	8	0	0.00	0.00	1474	6
3	324	3	0	12	24	0.00	0.00	2712	6
3	325	3	1	8	30	-342.87	-206.02	1102	7
3	326	3	1	4	84	-398.48	34.86	1622	7
3	327	3	0	8	28	0.00	0.00	2393	6
3	328	3	1	8	14	-200.00	-346.41	2081	7
3	329	3	1	4	66	-156.29	-368.20	1393	7
3	330	3	0	4	50	0.00	0.00	1111	6
3	331	3	1	8	40	27.90	399.03	2392	7
3	332	3	1	4	37	-246.26	315.20	2219	7
3	333	3	1	12	27	211.97	339.22	2119	7
3	334	3	1	8	29	-346.41	-200.00	1861	7
3	335	3	0	4	63	0.00	0.00	1007	6
3	336	3	0	8	10	0.00	0.00	2191	6
3	337	3	0	4	60	0.00	0.00	950	6
3	338	3	0	4	25	0.00	0.00	722	6
3	339	3	0	8	23	0.00	0.00	1122	6
3	340	3	0	12	23	0.00	0.00	1305	6
3	341	3	1	8	32	-217.86	335.47	1019	7
3	342	3	1	12	22	48.75	397.02	981	7
3	343	3	0	12	15	0.00	0.00	1689	6
3	344	3	0	8	24	0.00	0.00	1572	6
3	345	3	1	4	69	-375.88	136.81	813	7
3	346	3	1	4	7	396.11	55.67	756	7
3	347	3	1	12	15	110.25	-384.50	2074	7
3	348	3	1	4	42	272.80	-292.54	923	7
3	349	3	1	12	3	331.62	223.68	1087	7
3	350	3	1	4	88	-6.98	-399.94	1373	7
3	351	3	0	4	63	0.00	0.00	894	6
3	352	3	1	12	12	-89.98	389.75	1838	7
3	353	3	0	4	82	0.00	0.00	1163	6
3	354	3	0	4	69	0.00	0.00	1227	6
3	355	3	0	8	9	0.00	0.00	1359	6
3	356	3	1	12	17	380.42	123.61	2725	7
3	357	3	1	4	64	362.52	-169.05	714	7
3	358	3	1	12	28	-399.94	6.98	1614	7
3	359	3	0	12	8	0.00	0.00	1167	6
3	360	3	1	4	37	315.20	246.26	1100	7
3	361	0	0	4	80	0.00	0.00	3950	6
3	362	0	0	12	29	0.00	0.00	6756	6
3	363	0	0	12	19	0.00	0.00	6806	6
3	364	0	1	4	21	-370.87	-149.84	2103	7
3	365	0	0	8	40	0.00	0.00	6874	6
3	366	0	1	4	55	223.68	331.62	1684	7
3	367	0	0	12	3	0.00	0.00	10520	6
3	368	0	1	8	30	-342.87	-206.02	4604	7
3	369	0	0	4	39	0.00	0.00	3036	6
3	370	0	1	8	11	-391.26	-83.16	5098	7
3	371	0	1	8	16	-382.52	-116.95	5469	7
3	372	0	1	12	28	-193.92	349.85	6480	7
3	373	0	0	12	15	0.00	0.00	8223	6
3	374	0	1	12	27	-353.18	-187.79	4017	7
3	375	0	0	12	9	0.00	0.00	9679	6
3	376	0	0	8	17	0.00	0.00	3848	6
3	377	0	0	8	4	0.00	0.00	5095	6
3	378	0	0	8	32	0.00	0.00	5226	6
3	379	0	1	12	0	-193.92	-349.85	3482	7
3	380	0	0	4	67	0.00	0.00	3228	6
3	381	0	1	4	49	-257.12	-306.42	2451	7
3	382	0	0	4	61	0.00	0.00	2272	6
3	383	0	0	12	3	0.00	0.00	11746	6
3	384	0	1	12	8	-373.43	143.35	1574	7
3	385	0	1	4	59	-346.41	200.00	3866	7
3	386	0	1	12	4	327.66	229.43	5525	7
3	387	0	1	12	4	-362.52	169.05	3647	7
3	388	0	0	8	43	0.00	0.00	3829	6
3	389	0	0	4	38	0.00	0.00	2064	6
3	390	0	0	8	18	0.00	0.00	7802	6
3	391	0	1	12	10	392.65	76.32	3754	7
3	392	0	1	4	19	-136.81	375.88	3158	7
3	393	0	0	8	28	0.00	0.00	4387	6
3	394	0	1	4	71	123.61	380.42	2615	7
3	395	0	0	8	32	0.00	0.00	6373	6
3	396	0	0	12	14	0.00	0.00	5898	6
3	397	0	1	4	88	399.94	-6.98	2925	7
3	398	0	1	12	23	162.69	-365.42	6211	7
3	399	0	0	12	23	0.00	0.00	6313	6
3	400	0	1	8	12	-211.97	-339.22	5372	7
3	401	0	0	12	7	0.00	0.00	7697	6
3	402	0	0	8	41	0.00	0.00	4449	6
3	403	0	0	12	18	0.00	0.00	8964	6
3	404	0	0	12	13	0.00	0.00	6631	6
3	405	0	1	12	0	6.98	-399.94	3605	7
3	406	0	1	4	23	365.42	162.69	4893	7
3	407	0	1	8	13	-388.12	-96.77	4449	7
3	408	0	1	12	3	-399.03	-27.90	4782	7
3	409	0	0	12	19	0.00	0.00	13105	6
3	410	0	1	8	0	-6.98	399.94	5154	7
3	411	0	1	12	25	-27.90	-399.03	8343	7
3	412	0	0	12	25	0.00	0.00	10547	6
3	413	0	1	4	63	-359.52	175.35	3047	7
3	414	0	0	4	77	0.00	0.00	2347	6
3	501	0	0	8	20	0.00	0.00	4723	6
3	415	0	1	4	62	181.60	356.40	2202	7
3	416	0	0	4	0	0.00	0.00	2278	6
3	417	0	0	4	0	0.00	0.00	2046	6
3	418	0	1	12	7	-370.87	149.84	9419	6
3	419	0	0	4	29	0.00	0.00	3698	6
3	420	0	0	8	16	0.00	0.00	4653	6
3	421	0	0	4	74	0.00	0.00	4141	6
3	422	0	0	8	20	0.00	0.00	3904	6
3	423	0	1	8	32	-217.86	335.47	3164	7
3	424	0	0	12	17	0.00	0.00	5323	6
3	425	0	1	4	36	319.45	240.73	3155	7
3	426	0	1	12	8	-310.86	-251.73	3284	7
3	427	0	0	12	16	0.00	0.00	5998	6
3	428	0	1	4	7	-55.67	396.11	3382	7
3	429	0	1	4	62	-181.60	-356.40	4908	7
3	430	0	0	8	20	0.00	0.00	7812	6
3	431	0	1	4	28	-193.92	349.85	3265	7
3	432	0	0	4	45	0.00	0.00	2161	6
3	433	0	1	12	5	41.81	-397.81	4783	7
3	434	0	0	8	37	0.00	0.00	3705	6
3	601	0	1	12	18	-76.32	-392.65	5049	7
3	435	0	0	4	47	0.00	0.00	1987	6
3	436	0	1	4	73	110.25	384.50	7296	7
3	437	0	0	4	77	0.00	0.00	2458	6
3	438	0	1	8	43	-6.98	-399.94	8507	7
3	439	0	0	4	29	0.00	0.00	2487	6
3	440	0	1	12	22	-240.73	-319.45	3713	7
3	441	0	1	8	16	382.52	116.95	11167	7
3	442	0	1	8	7	319.45	-240.73	3815	7
3	443	0	1	12	20	62.57	395.08	5397	7
3	444	0	1	4	43	-277.86	287.74	6915	7
3	445	0	1	4	57	-339.22	211.97	2405	7
3	446	0	1	8	17	181.60	356.40	4775	7
3	447	0	0	8	15	0.00	0.00	5290	6
3	448	0	1	8	39	257.12	-306.42	4571	7
3	449	0	0	4	33	0.00	0.00	2526	6
3	450	0	1	8	11	-335.47	217.86	8915	7
3	451	0	1	4	37	-315.20	-246.26	4378	7
3	452	0	1	12	25	331.62	-223.68	4184	7
3	453	0	0	4	71	0.00	0.00	2353	6
3	454	0	0	8	19	0.00	0.00	3684	6
3	455	0	1	8	3	-301.88	262.42	4015	7
3	456	0	0	4	35	0.00	0.00	3397	6
3	457	0	1	12	3	331.62	223.68	5897	7
3	458	0	1	4	88	399.94	-6.98	2750	7
3	459	0	0	8	8	0.00	0.00	7475	6
3	460	0	0	12	2	0.00	0.00	6006	6
3	461	0	1	8	26	-123.61	-380.42	3001	7
3	462	0	1	12	3	-399.03	-27.90	10922	7
3	463	0	0	8	38	0.00	0.00	5428	6
3	464	0	1	4	74	386.37	-103.53	2117	7
3	465	0	0	12	27	0.00	0.00	7838	6
3	466	0	0	4	43	0.00	0.00	2296	6
3	467	0	1	8	25	175.35	-359.52	3021	7
3	468	0	1	8	32	-83.16	-391.26	4457	7
3	469	0	1	8	12	-89.98	389.75	3517	7
3	470	0	1	8	10	-76.32	392.65	3432	7
3	471	0	0	8	37	0.00	0.00	4107	6
3	472	0	0	12	24	0.00	0.00	14972	6
3	473	0	0	4	88	0.00	0.00	4537	6
3	474	0	0	8	27	0.00	0.00	5100	6
3	475	0	0	8	41	0.00	0.00	5293	6
3	476	0	0	12	19	0.00	0.00	9872	6
3	477	0	0	12	12	0.00	0.00	8543	6
3	478	0	0	4	52	0.00	0.00	2934	6
3	479	0	1	8	37	246.26	-315.20	2867	7
3	480	0	1	12	18	-378.21	-130.23	2240	7
