blk	trl	target	search	nitems	rot_offset	tpos_x	tpos_y	rt	button
4	1	3	0	12	13	0.00	0.00	2302	6
4	2	3	1	4	70	378.21	-130.23	756	7
4	3	3	0	8	12	0.00	0.00	1204	6
4	4	3	1	8	21	368.20	-156.29	1558	7
4	5	3	0	8	35	0.00	0.00	1274	6
4	6	3	1	4	49	-306.42	257.12	1024	7
4	7	3	0	4	78	0.00	0.00	984	6
4	8	3	1	4	26	-181.60	356.40	1157	7
4	9	3	0	4	73	0.00	0.00	1190	6
4	10	3	0	8	8	0.00	0.00	1393	6
4	11	3	1	12	17	-83.16	-391.26	1607	7
4	12	3	0	4	11	0.00	0.00	1491	6
4	13	3	0	4	25	0.00	0.00	1668	6
4	14	3	1	12	18	378.21	130.23	1329	7
4	15	3	1	4	0	6.98	-399.94	1619	7
4	16	3	0	12	17	0.00	0.00	1727	6
4	17	3	1	4	40	262.42	-301.88	1667	7
4	18	3	1	12	23	162.69	-365.42	1773	7
4	19	3	1	12	13	287.74	277.86	1524	7
4	20	3	1	12	4	-169.05	-362.52	1410	7
4	21	3	0	8	14	0.00	0.00	2239	6
4	22	3	1	8	41	-20.93	-399.45	1066	7
4	23	3	0	8	41	0.00	0.00	2275	6
4	24	3	0	12	7	0.00	0.00	2273	6
4	25	3	0	4	40	0.00	0.00	1039	6
4	26	3	1	8	32	-335.47	-217.86	1510	7
4	27	3	1	12	4	229.43	-327.66	1734	7
4	28	3	1	12	28	-349.85	-193.92	859	7
4	29	3	1	12	5	-365.42	162.69	903	7
4	30	3	0	8	41	0.00	0.00	2503	6
4	31	3	1	4	48	-301.88	262.42	928	7
4	32	3	1	8	10	-392.65	-76.32	1267	7
4	33	3	0	12	12	0.00	0.00	1548	6
4	34	3	1	4	23	365.42	162.69	1041	7
4	35	3	1	4	51	315.20	-246.26	1611	7
4	36	3	1	8	12	89.98	-389.75	1635	7
4	37	3	0	8	13	0.00	0.00	2125	6
4	38	3	0	12	26	0.00	0.00	1781	6
4	39	3	0	8	32	0.00	0.00	1484	6
4	40	3	1	8	22	-368.20	-156.29	911	7
4	41	3	1	12	20	395.08	-62.57	1174	7
4	42	3	0	8	36	0.00	0.00	1770	6
4	43	3	0	8	18	0.00	0.00	1413	6
4	44	3	0	8	26	0.00	0.00	1868	6
4	45	3	0	8	41	0.00	0.00	2535	6
4	46	3	0	4	15	0.00	0.00	882	7
4	47	3	1	12	21	246.26	315.20	1462	7
4	48	3	0	8	14	0.00	0.00	1989	6
4	49	3	0	4	57	0.00	0.00	1089	6
4	50	3	1	8	36	-396.11	55.67	1599	7
4	51	3	1	8	30	388.12	-96.77	1541	7
4	52	3	1	4	87	13.96	399.76	1264	7
4	53	3	0	4	1	0.00	0.00	1257	6
4	54	3	0	8	1	0.00	0.00	1497	6
4	55	3	1	12	5	41.81	-397.81	1416	7
4	56	3	1	4	76	89.98	389.75	1262	7
4	57	3	1	8	0	6.98	-399.94	2246	7
4	58	3	0	8	2	0.00	0.00	1085	6
4	59	3	1	12	27	339.22	-211.97	2254	7
4	60	3	1	4	52	-319.45	240.73	3605	7
4	61	3	1	8	31	-389.75	89.98	1659	7
4	62	3	1	12	23	-323.61	235.11	1748	7
4	63	3	0	4	41	0.00	0.00	936	6
4	64	3	0	4	87	0.00	0.00	890	6
4	65	3	1	8	41	20.93	399.45	2035	7
4	66	3	0	12	23	0.00	0.00	2321	6
4	67	3	0	8	14	0.00	0.00	1597	6
4	68	3	0	8	8	0.00	0.00	2223	6
4	69	3	1	4	15	110.25	-384.50	1389	7
4	70	3	1	8	24	136.81	375.88	1790	7
4	71	3	1	12	23	235.11	323.61	1774	7
4	72	3	0	4	12	0.00	0.00	961	6
4	73	3	0	8	24	0.00	0.00	1105	6
4	74	3	1	12	23	41.81	397.81	997	7
4	75	3	0	12	23	0.00	0.00	1692	6
4	76	3	0	12	17	0.00	0.00	1151	6
4	77	3	1	4	38	-310.86	-251.73	2177	7
4	78	3	0	8	43	0.00	0.00	1056	6
4	79	3	1	4	7	-396.11	-55.67	1192	7
4	80	3	0	12	25	0.00	0.00	3857	6
4	81	3	0	12	14	0.00	0.00	2137	6
4	82	3	0	12	1	0.00	0.00	2148	6
4	83	3	0	4	55	0.00	0.00	955	6
4	84	3	0	12	23	0.00	0.00	2448	6
4	85	3	0	4	30	0.00	0.00	1299	6
4	86	3	1	8	35	62.57	395.08	942	7
4	87	3	0	12	21	0.00	0.00	2041	6
4	88	3	1	8	25	359.52	175.35	964	7
4	89	3	0	4	72	0.00	0.00	873	6
4	90	3	0	12	27	0.00	0.00	2039	6
4	91	3	1	12	6	-156.29	-368.20	1769	7
4	92	3	1	8	8	62.57	-395.08	1403	7
4	93	3	1	4	47	-297.26	267.65	1505	7
4	94	3	0	12	3	0.00	0.00	2548	6
4	95	3	0	12	4	0.00	0.00	2528	6
4	96	3	1	8	3	-27.90	399.03	1319	7
4	97	3	0	4	48	0.00	0.00	852	6
4	98	3	1	8	11	-335.47	217.86	1941	7
4	99	3	1	4	57	339.22	-211.97	5131	7
4	100	3	0	4	57	0.00	0.00	795	6
4	101	3	1	8	31	-89.98	-389.75	1194	7
4	102	3	1	12	20	-395.08	62.57	1468	7
4	103	3	1	4	72	382.52	-116.95	3108	7
4	104	3	1	4	71	123.61	380.42	1455	7
4	105	3	1	8	3	399.03	27.90	1101	7
4	106	3	1	12	26	20.93	399.45	1714	7
4	107	3	0	12	16	0.00	0.00	2148	6
4	108	3	0	4	73	0.00	0.00	844	6
4	109	3	0	4	3	0.00	0.00	1185	6
4	110	3	1	12	19	136.81	-375.88	2610	7
4	111	3	0	4	53	0.00	0.00	748	6
4	112	3	1	4	51	-315.20	246.26	1634	7
4	113	3	0	12	21	0.00	0.00	2142	6
4	114	3	1	12	18	262.42	301.88	1032	7
4	115	3	1	4	88	-399.94	6.98	2503	7
4	116	3	0	8	40	0.00	0.00	2653	6
4	117	3	0	4	42	0.00	0.00	805	6
4	118	3	0	12	6	0.00	0.00	2240	6
4	119	3	1	8	40	301.88	262.42	1000	7
4	120	3	0	12	0	0.00	0.00	1914	6
4	121	1	0	12	8	0.00	0.00	4742	6
4	122	1	1	12	15	-384.50	-110.25	1948	7
4	123	1	0	12	25	0.00	0.00	4418	6
4	124	1	1	12	8	143.35	373.43	1930	7
4	125	1	1	4	14	386.37	103.53	2236	7
4	126	1	0	12	27	0.00	0.00	3600	6
4	127	1	0	12	4	0.00	0.00	3368	6
4	128	1	1	12	23	-365.42	-162.69	1543	7
4	129	1	1	12	2	399.45	20.93	3845	7
4	130	1	1	4	38	310.86	251.73	1816	7
4	131	1	1	4	88	399.94	-6.98	1537	7
4	132	1	1	8	3	262.42	301.88	3255	7
4	133	1	1	8	1	13.96	-399.76	2487	7
4	134	1	1	4	16	-382.52	-116.95	2065	7
4	135	1	1	12	22	-240.73	-319.45	3563	7
4	136	1	0	12	0	0.00	0.00	3291	6
4	137	1	1	4	70	-378.21	130.23	1292	7
4	138	1	1	8	7	396.11	55.67	2436	7
4	139	1	0	4	84	0.00	0.00	2044	6
4	140	1	1	8	42	399.76	-13.96	1858	7
4	141	1	1	12	28	-6.98	-399.94	3631	7
4	142	1	1	12	25	399.03	-27.90	2571	7
4	143	1	1	12	26	217.86	335.47	3370	7
4	144	1	0	12	7	0.00	0.00	4276	6
4	145	1	1	8	43	399.94	-6.98	3802	7
4	146	1	0	4	26	0.00	0.00	1691	6
4	147	1	1	12	8	-395.08	-62.57	3445	7
4	148	1	1	4	19	136.81	-375.88	1766	7
4	149	1	0	12	8	0.00	0.00	3943	6
4	150	1	1	4	60	193.92	349.85	2483	7
4	151	1	0	4	25	0.00	0.00	2684	6
4	152	1	0	12	25	0.00	0.00	3593	6
4	153	1	1	8	25	359.52	175.35	1879	7
4	154	1	0	8	42	0.00	0.00	2511	6
4	155	1	0	8	35	0.00	0.00	5387	6
4	156	1	1	8	44	-400.00	0.00	2559	7
4	157	1	0	8	32	0.00	0.00	2791	6
4	158	1	1	8	37	-315.20	-246.26	2587	7
4	159	1	0	12	4	0.00	0.00	3539	6
4	160	1	1	12	9	-257.12	306.42	9108	7
4	161	1	0	8	3	0.00	0.00	2181	6
4	162	1	1	4	46	-292.54	272.80	2749	7
4	163	1	1	4	59	346.41	-200.00	1777	7
4	164	1	0	8	30	0.00	0.00	2035	6
4	165	1	0	4	48	0.00	0.00	1469	6
4	166	1	0	4	74	0.00	0.00	4404	6
4	167	1	0	4	71	0.00	0.00	2334	6
4	168	1	1	4	88	-6.98	-399.94	2082	7
4	169	1	1	4	70	130.23	378.21	2626	7
4	170	1	0	12	18	0.00	0.00	2692	6
4	171	1	0	4	22	0.00	0.00	1906	6
4	172	1	1	8	12	-389.75	-89.98	2560	7
4	173	1	1	4	34	-229.43	327.66	2974	7
4	174	1	0	8	43	0.00	0.00	4234	6
4	175	1	0	8	8	0.00	0.00	3284	6
4	176	1	1	4	30	-206.02	342.87	1855	7
4	177	1	0	8	12	0.00	0.00	2165	6
4	178	1	1	8	23	365.42	162.69	1685	7
4	179	1	0	8	15	0.00	0.00	2188	6
4	180	1	1	8	30	-388.12	96.77	1926	7
4	181	1	1	8	42	272.80	-292.54	2357	7
4	182	1	0	12	6	0.00	0.00	2715	6
4	183	1	1	12	29	400.00	-0.00	3629	7
4	184	1	0	8	38	0.00	0.00	4597	6
4	185	1	0	8	1	0.00	0.00	3062	6
4	186	1	0	4	14	0.00	0.00	1487	6
4	187	1	0	4	36	0.00	0.00	2499	6
4	188	1	0	8	43	0.00	0.00	2268	6
4	189	1	1	12	9	306.42	257.12	1833	7
4	190	1	0	12	1	0.00	0.00	3568	6
4	191	1	1	4	57	-211.97	-339.22	2032	7
4	192	1	1	4	64	362.52	-169.05	2073	7
4	193	1	0	8	39	0.00	0.00	3104	6
4	194	1	1	4	30	342.87	206.02	1443	7
4	195	1	0	4	85	0.00	0.00	1596	6
4	196	1	1	12	3	-175.35	-359.52	2939	7
4	197	1	0	4	43	0.00	0.00	1268	6
4	198	1	0	4	25	0.00	0.00	1485	6
4	199	1	0	12	2	0.00	0.00	2656	6
4	200	1	0	4	21	0.00	0.00	1935	6
4	201	1	1	8	16	-116.95	382.52	6057	7
4	202	1	0	12	9	0.00	0.00	3228	6
4	203	1	1	12	21	-315.20	246.26	4275	7
4	204	1	1	8	23	-162.69	365.42	2468	7
4	205	1	0	12	3	0.00	0.00	2965	6
4	206	1	1	8	5	-310.86	251.73	2710	7
4	207	1	1	12	5	-41.81	397.81	4242	7
4	208	1	1	4	25	359.52	175.35	2044	7
4	209	1	1	12	21	-246.26	-315.20	3823	7
4	210	1	0	8	22	0.00	0.00	3783	6
4	211	1	1	12	20	62.57	395.08	1827	7
4	212	1	1	8	1	292.54	-272.80	2912	7
4	213	1	0	12	1	0.00	0.00	4710	6
4	214	1	0	4	48	0.00	0.00	1372	6
4	215	1	1	4	88	6.98	399.94	3145	7
4	216	1	0	12	1	0.00	0.00	4443	6
4	217	1	0	4	89	0.00	0.00	1315	6
4	218	1	0	4	8	0.00	0.00	1817	6
4	219	1	0	12	9	0.00	0.00	3794	6
4	220	1	0	8	8	0.00	0.00	2193	6
4	221	1	0	8	29	0.00	0.00	2557	6
4	222	1	0	12	21	0.00	0.00	3536	6
4	223	1	1	8	28	110.25	384.50	1855	7
4	224	1	0	12	20	0.00	0.00	2994	6
4	225	1	1	4	48	301.88	-262.42	1733	7
4	226	1	0	8	29	0.00	0.00	2404	6
4	227	1	1	12	1	13.96	-399.76	3087	7
4	228	1	0	4	82	0.00	0.00	1438	6
4	229	1	1	8	12	389.75	89.98	3053	7
4	230	1	0	4	64	0.00	0.00	1419	6
4	231	1	0	4	22	0.00	0.00	1467	6
4	232	1	1	12	3	27.90	-399.03	2350	7
4	233	1	0	8	7	0.00	0.00	2580	6
4	234	1	1	8	1	399.76	13.96	2327	7
4	235	1	1	8	22	-156.29	368.20	4498	7
4	236	1	1	12	8	310.86	251.73	5359	7
4	237	1	0	8	32	0.00	0.00	2481	6
4	238	1	0	8	33	0.00	0.00	2890	6
4	239	1	1	4	11	-83.16	391.26	2055	7
4	240	1	0	4	24	0.00	0.00	1810	6
4	241	2	0	8	23	0.00	0.00	2153	6
4	242	2	0	4	32	0.00	0.00	988	6
4	243	2	1	4	53	-323.61	235.11	1995	7
4	244	2	0	8	9	0.00	0.00	2320	6
4	245	2	1	12	1	353.18	-187.79	3888	7
4	246	2	0	4	76	0.00	0.00	1302	6
4	247	2	1	8	3	-399.03	-27.90	1780	7
4	248	2	1	12	29	-0.00	-400.00	5828	7
4	249	2	0	12	8	0.00	0.00	2670	6
4	250	2	0	4	75	0.00	0.00	1094	6
4	251	2	1	8	33	392.65	-76.32	1255	7
4	252	2	1	8	43	-399.94	6.98	2267	7
4	253	2	1	12	16	89.98	389.75	2204	7
4	254	2	1	8	37	-397.02	48.75	1349	7
4	255	2	1	4	54	327.66	-229.43	1380	7
4	256	2	1	8	3	-262.42	-301.88	2113	7
4	257	2	0	12	21	0.00	0.00	3140	6
4	258	2	0	8	29	0.00	0.00	1979	6
4	259	2	0	4	5	0.00	0.00	2246	6
4	260	2	0	12	11	0.00	0.00	3240	6
4	261	2	1	8	12	-339.22	211.97	2925	7
4	262	2	1	4	85	27.90	399.03	4200	7
4	263	2	0	12	28	0.00	0.00	2993	6
4	264	2	0	8	18	0.00	0.00	2770	6
4	265	2	1	12	29	0.00	400.00	1273	7
4	266	2	1	8	24	-375.88	136.81	1347	7
4	267	2	0	8	40	0.00	0.00	2880	6
4	268	2	0	12	23	0.00	0.00	2369	6
4	269	2	0	4	10	0.00	0.00	3419	7
4	270	2	1	4	60	-349.85	193.92	3428	7
4	271	2	0	8	25	0.00	0.00	1907	6
4	272	2	1	12	5	365.42	-162.69	2441	7
4	273	2	1	12	8	-62.57	395.08	1561	7
4	274	2	1	12	0	399.94	6.98	1621	7
4	275	2	1	4	3	-399.03	-27.90	1490	7
4	276	2	1	12	13	-384.50	110.25	1695	7
4	277	2	1	8	23	-162.69	365.42	1430	7
4	278	2	1	8	15	-384.50	-110.25	1479	7
4	279	2	1	12	17	-83.16	-391.26	2033	7
4	280	2	1	8	29	103.53	386.37	2054	7
4	281	2	0	8	38	0.00	0.00	2506	6
4	282	2	1	4	68	-143.35	-373.43	1491	7
4	283	2	0	8	21	0.00	0.00	2835	6
4	284	2	0	12	22	0.00	0.00	3694	6
4	285	2	0	12	8	0.00	0.00	2733	6
4	286	2	0	4	11	0.00	0.00	1696	6
4	287	2	1	4	31	211.97	-339.22	2152	7
4	288	2	0	4	72	0.00	0.00	4541	6
4	289	2	0	12	22	0.00	0.00	6591	6
4	290	2	0	12	12	0.00	0.00	2646	6
4	291	2	0	4	84	0.00	0.00	1292	6
4	292	2	1	4	19	375.88	136.81	1287	7
4	293	2	0	4	19	0.00	0.00	1316	6
4	294	2	0	12	24	0.00	0.00	3080	6
4	295	2	1	4	3	-27.90	399.03	2118	7
4	296	2	1	12	2	-335.47	-217.86	3117	7
4	297	2	1	8	21	368.20	-156.29	2431	7
4	298	2	0	4	74	0.00	0.00	1334	6
4	299	2	1	4	40	-262.42	301.88	1438	7
4	300	2	0	4	34	0.00	0.00	1600	6
4	301	2	0	8	3	0.00	0.00	2074	6
4	302	2	1	4	32	-335.47	-217.86	1548	7
4	303	2	1	12	29	-400.00	0.00	1058	7
4	304	2	1	4	15	384.50	110.25	2400	7
4	305	2	1	8	11	391.26	83.16	2281	7
4	306	2	1	12	28	206.02	342.87	2697	7
4	307	2	0	8	1	0.00	0.00	2034	6
4	308	2	1	8	33	-392.65	76.32	1091	7
4	309	2	1	4	25	359.52	175.35	1433	7
4	310	2	0	8	22	0.00	0.00	1970	6
4	311	2	0	12	6	0.00	0.00	2971	6
4	312	2	1	4	34	229.43	-327.66	2081	7
4	313	2	0	4	14	0.00	0.00	1318	6
4	314	2	1	12	14	386.37	-103.53	2283	7
4	315	2	0	4	5	0.00	0.00	1355	6
4	316	2	0	12	13	0.00	0.00	2820	6
4	317	2	0	4	31	0.00	0.00	1742	6
4	318	2	1	12	5	-365.42	162.69	2947	7
4	319	2	0	12	4	0.00	0.00	2295	6
4	320	2	1	8	26	181.60	-356.40	2080	7
4	321	2	0	4	81	0.00	0.00	2332	6
4	322	2	1	4	88	6.98	399.94	1375	7
4	323	2	1	4	25	-175.35	359.52	1976	7
4	324	2	0	8	37	0.00	0.00	2449	6
4	325	2	1	12	7	396.11	55.67	1695	7
4	326	2	0	12	20	0.00	0.00	1868	6
4	327	2	0	12	10	0.00	0.00	1798	6
4	328	2	1	8	31	211.97	-339.22	3060	7
4	329	2	1	8	14	200.00	346.41	2673	7
4	330	2	0	4	11	0.00	0.00	1688	6
4	331	2	0	12	29	0.00	0.00	2736	6
4	332	2	1	4	85	-27.90	-399.03	2097	7
4	333	2	1	4	83	-397.81	41.81	3510	7
4	334	2	0	12	5	0.00	0.00	2825	6
4	335	2	1	8	38	-397.81	41.81	1555	7
4	336	2	0	8	5	0.00	0.00	1921	6
4	337	2	0	8	15	0.00	0.00	2174	6
4	338	2	1	12	3	175.35	359.52	1484	7
4	339	2	0	4	4	0.00	0.00	1723	6
4	340	2	1	8	3	-399.03	-27.90	1378	7
4	341	2	1	4	26	356.40	181.60	1445	7
4	342	2	0	8	33	0.00	0.00	2960	6
4	343	2	1	8	44	-282.84	-282.84	1857	7
4	344	2	1	12	2	-335.47	-217.86	1550	7
4	345	2	1	12	25	399.03	-27.90	1581	7
4	346	2	1	12	5	365.42	-162.69	2876	7
4	347	2	1	4	11	83.16	-391.26	1130	7
4	348	2	0	12	15	0.00	0.00	2780	6
4	349	2	0	12	21	0.00	0.00	3533	6
4	350	2	0	4	31	0.00	0.00	1260	6
4	351	2	0	8	36	0.00	0.00	1771	6
4	352	2	1	12	12	116.95	382.52	1470	7
4	353	2	0	4	45	0.00	0.00	2017	6
4	354	2	1	8	4	-34.86	398.48	2218	7
4	355	2	0	4	77	0.00	0.00	1108	6
4	356	2	0	8	32	0.00	0.00	2048	6
4	357	2	0	8	30	0.00	0.00	2223	6
4	358	2	0	8	38	0.00	0.00	2172	6
4	359	2	0	8	31	0.00	0.00	2592	6
4	360	2	0	12	26	0.00	0.00	3168	6
4	361	0	1	8	3	-399.03	-27.90	3357	7
4	362	0	0	4	3	0.00	0.00	2493	6
4	363	0	0	12	28	0.00	0.00	6065	6
4	364	0	0	12	5	0.00	0.00	8160	6
4	365	0	1	8	20	365.42	-162.69	3839	7
4	366	0	1	4	30	342.87	206.02	2250	7
4	367	0	0	8	17	0.00	0.00	4488	6
4	368	0	0	4	81	0.00	0.00	2183	6
4	369	0	1	8	5	251.73	310.86	2859	7
4	370	0	1	4	1	-399.76	-13.96	2805	7
4	371	0	0	8	42	0.00	0.00	4604	6
4	372	0	1	8	0	6.98	-399.94	4095	7
4	373	0	0	8	20	0.00	0.00	6460	6
4	374	0	0	8	2	0.00	0.00	4683	6
4	375	0	1	12	29	200.00	346.41	3414	7
4	376	0	0	4	80	0.00	0.00	2673	6
4	377	0	0	4	55	0.00	0.00	5687	6
4	378	0	1	12	8	-310.86	-251.73	9888	7
4	379	0	1	12	10	-392.65	-76.32	7317	7
4	380	0	0	8	15	0.00	0.00	3552	6
4	381	0	0	8	15	0.00	0.00	6340	6
4	382	0	1	4	78	76.32	392.65	2847	7
4	383	0	1	8	28	-193.92	349.85	7227	7
4	384	0	0	4	69	0.00	0.00	2051	6
4	385	0	0	4	86	0.00	0.00	3427	6
4	386	0	1	4	37	-315.20	-246.26	2740	7
4	387	0	0	12	27	0.00	0.00	8703	6
4	388	0	0	8	34	0.00	0.00	4245	6
4	389	0	1	12	2	356.40	-181.60	4776	7
4	390	0	0	12	16	0.00	0.00	7484	6
4	391	0	0	8	19	0.00	0.00	4274	6
4	392	0	0	8	0	0.00	0.00	4092	6
4	393	0	0	4	47	0.00	0.00	2266	6
4	394	0	1	12	18	-392.65	76.32	2492	7
4	395	0	1	12	5	323.61	235.11	5564	7
4	396	0	0	8	5	0.00	0.00	6595	6
4	397	0	1	8	27	-187.79	353.18	3012	7
4	398	0	1	8	35	235.11	-323.61	4236	7
4	399	0	1	4	8	62.57	-395.08	2466	7
4	400	0	0	12	24	0.00	0.00	7509	6
4	401	0	0	8	17	0.00	0.00	6011	6
4	402	0	1	4	29	200.00	-346.41	3127	7
4	403	0	0	8	14	0.00	0.00	8492	6
4	404	0	1	12	6	-240.73	319.45	2529	7
4	405	0	1	12	16	-89.98	-389.75	7752	7
4	406	0	0	4	47	0.00	0.00	2021	6
4	407	0	1	4	88	-6.98	-399.94	2455	7
4	408	0	1	4	0	-399.94	-6.98	4836	7
4	409	0	0	8	17	0.00	0.00	3485	6
4	410	0	0	8	29	0.00	0.00	4885	6
4	411	0	0	4	82	0.00	0.00	2274	6
4	412	0	1	8	0	-287.74	277.86	2975	7
4	413	0	1	12	23	323.61	-235.11	7689	7
4	414	0	0	12	20	0.00	0.00	7738	6
4	415	0	1	12	5	41.81	-397.81	9009	7
4	416	0	0	4	31	0.00	0.00	2163	6
4	417	0	1	4	22	-368.20	-156.29	2069	7
4	418	0	0	4	26	0.00	0.00	2439	6
4	419	0	0	12	19	0.00	0.00	5540	6
4	420	0	0	8	35	0.00	0.00	3906	6
4	421	0	0	4	33	0.00	0.00	2226	6
4	422	0	1	8	2	297.26	-267.65	3198	7
4	423	0	0	12	20	0.00	0.00	8082	6
4	424	0	1	8	30	342.87	206.02	3699	7
4	425	0	0	12	10	0.00	0.00	7645	6
4	426	0	1	8	25	-130.23	-378.21	4202	7
4	427	0	0	4	37	0.00	0.00	2019	6
4	428	0	1	12	9	136.81	375.88	5592	7
4	429	0	0	12	7	0.00	0.00	9513	6
4	430	0	1	4	62	-356.40	181.60	3749	7
4	431	0	1	12	24	169.05	-362.52	5013	7
4	432	0	0	12	13	0.00	0.00	7281	6
4	433	0	0	8	3	0.00	0.00	8749	6
4	434	0	0	12	25	0.00	0.00	7018	6
4	435	0	0	4	63	0.00	0.00	2118	6
4	436	0	1	8	14	-103.53	386.37	2060	7
4	437	0	1	8	30	96.77	388.12	2084	7
4	438	0	1	4	22	368.20	156.29	2994	7
4	439	0	0	12	7	0.00	0.00	6951	6
4	440	0	1	8	32	391.26	-83.16	4592	7
4	441	0	1	4	13	96.77	-388.12	2398	7
4	442	0	1	12	17	380.42	123.61	3225	7
4	443	0	0	12	13	0.00	0.00	6112	6
4	444	0	1	8	29	386.37	-103.53	8861	7
4	445	0	0	4	54	0.00	0.00	2428	6
4	446	0	0	12	11	0.00	0.00	9460	6
4	447	0	1	8	20	373.43	143.35	3593	7
4	448	0	0	12	4	0.00	0.00	8770	6
4	449	0	1	12	18	130.23	-378.21	5258	7
4	450	0	1	12	4	398.48	34.86	7640	7
4	451	0	1	4	21	370.87	149.84	3100	7
4	452	0	1	4	51	246.26	315.20	2444	7
4	453	0	0	4	23	0.00	0.00	2742	6
4	454	0	1	4	45	-287.74	277.86	4943	7
4	455	0	1	4	84	-398.48	34.86	2725	7
4	456	0	1	12	10	-262.42	301.88	4169	7
4	457	0	1	4	89	400.00	-0.00	2581	7
4	458	0	1	8	24	375.88	-136.81	3905	7
4	459	0	1	4	18	130.23	-378.21	3365	7
4	460	0	1	8	39	306.42	257.12	6417	7
4	461	0	0	4	68	0.00	0.00	3730	7
4	462	0	1	12	24	-229.43	-327.66	11951	7
4	463	0	0	8	15	0.00	0.00	3592	6
4	464	0	0	4	54	0.00	0.00	2193	6
4	465	0	1	4	85	27.90	399.03	1549	7
4	466	0	1	4	54	327.66	-229.43	3165	7
4	467	0	1	8	4	34.86	-398.48	4388	7
4	468	0	0	8	15	0.00	0.00	4245	6
4	469	0	1	8	1	-292.54	272.80	2214	7
4	470	0	0	12	17	0.00	0.00	10142	6
4	471	0	0	12	4	0.00	0.00	10708	6
4	472	0	0	12	19	0.00	0.00	8682	6
4	473	0	0	8	16	0.00	0.00	3628	6
4	474	0	1	12	1	-339.22	-211.97	2236	7
4	475	0	1	12	26	-335.47	217.86	12257	7
4	476	0	1	12	26	-20.93	-399.45	5963	7
4	477	0	0	12	12	0.00	0.00	12191	6
4	478	0	0	4	66	0.00	0.00	2200	6
4	479	0	0	4	51	0.00	0.00	2905	6
4	480	0	0	8	34	0.00	0.00	4861	6
