# minimum duration: 100
# smoothing window: 30
# velocity threshold: 50
# dispersion threshold: 1
trl fix_id fdur sdur xpos ypos
1 0.00 102.00 544.00 -8.76 -0.41
1 1.00 140.00 75.00 4.53 8.19
1 2.00 206.00 45.00 1.79 -9.13
1 3.00 143.00 41.00 7.37 -7.05
1 4.00 145.00 69.00 9.76 -3.19
1 5.00 151.00 200.00 -7.03 -4.24
1 6.00 141.00 nan -6.12 6.07
2 0.00 124.00 64.00 -8.75 -4.01
2 1.00 117.00 nan 4.34 -5.87
3 0.00 169.00 275.00 -8.18 -3.54
3 1.00 110.00 58.00 -0.67 7.52
3 2.00 148.00 nan 8.25 4.17
4 0.00 316.00 60.00 -4.50 -6.40
4 1.00 186.00 84.00 8.36 -5.10
4 2.00 131.00 47.00 4.99 7.14
4 3.00 320.00 nan 8.67 3.99
5 0.00 128.00 146.00 -1.57 -8.94
5 1.00 123.00 71.00 7.87 -1.67
5 2.00 180.00 nan 3.07 6.55
6 0.00 109.00 96.00 -6.50 -7.10
6 1.00 138.00 nan -5.75 4.44
7 0.00 130.00 nan 1.82 -8.84
8 0.00 167.00 180.00 0.05 -0.46
8 1.00 129.00 60.00 7.51 -4.55
8 2.00 217.00 nan -4.00 -9.08
9 0.00 178.00 53.00 0.10 -0.64
9 1.00 117.00 559.00 -4.38 -5.06
9 2.00 122.00 nan -0.23 0.20
10 0.00 171.00 59.00 0.14 -0.65
10 1.00 160.00 267.00 -3.29 -7.34
10 2.00 112.00 nan 7.09 5.88
11 nan nan nan nan nan
12 0.00 272.00 70.00 -0.28 -0.61
12 1.00 196.00 532.00 -1.02 -9.19
12 2.00 111.00 nan -8.80 0.98
13 0.00 227.00 283.00 -0.37 -0.60
13 1.00 216.00 71.00 4.10 6.81
13 2.00 347.00 113.00 8.43 -5.02
13 3.00 185.00 nan -1.50 -1.28
14 0.00 233.00 64.00 -0.27 -0.55
14 1.00 185.00 76.00 -1.17 -7.92
14 2.00 137.00 56.00 10.59 1.92
14 3.00 371.00 4.00 9.00 -4.79
14 4.00 202.00 nan 9.05 -4.70
15 0.00 152.00 63.00 0.18 -0.30
15 1.00 229.00 555.00 0.77 -8.43
15 2.00 250.00 102.00 1.21 2.00
15 3.00 180.00 nan -6.68 0.85
16 0.00 109.00 53.00 -0.34 -0.38
16 1.00 122.00 64.00 -3.78 -4.59
16 2.00 128.00 380.00 8.30 1.04
16 3.00 147.00 7.00 7.58 -5.44
16 4.00 121.00 230.00 7.62 -5.47
16 5.00 173.00 nan -6.88 0.01
17 nan nan nan nan nan
18 0.00 110.00 160.00 -0.28 -0.64
18 1.00 131.00 49.00 2.54 -5.18
18 2.00 150.00 45.00 5.03 -7.50
18 3.00 116.00 193.00 9.36 -4.56
18 4.00 101.00 92.00 7.52 4.52
18 5.00 132.00 128.00 4.67 7.49
18 6.00 201.00 nan 3.70 8.51
19 0.00 233.00 88.00 -0.39 -0.32
19 1.00 106.00 52.00 -3.54 -6.06
19 2.00 180.00 38.00 3.39 -8.68
19 3.00 413.00 229.00 6.45 -7.88
19 4.00 183.00 nan 8.21 -5.43
20 0.00 143.00 87.00 1.51 -3.06
20 1.00 273.00 315.00 7.28 -7.08
20 2.00 250.00 67.00 -4.94 7.55
20 3.00 217.00 nan -4.01 8.34
21 0.00 218.00 61.00 -0.20 -0.61
21 1.00 268.00 375.00 -0.89 -8.88
21 2.00 143.00 45.00 8.54 -0.62
21 3.00 156.00 293.00 8.74 3.37
21 4.00 217.00 nan -8.86 -5.96
22 0.00 104.00 185.00 -0.28 -0.11
22 1.00 164.00 355.00 -1.01 -7.35
22 2.00 161.00 nan 5.18 8.18
23 0.00 136.00 55.00 -0.61 -0.61
23 1.00 162.00 89.00 -7.66 -3.99
23 2.00 112.00 495.00 -2.35 8.32
23 3.00 148.00 46.00 8.04 -5.11
23 4.00 129.00 282.00 10.66 0.22
23 5.00 135.00 80.00 -0.47 10.35
23 6.00 189.00 nan -0.65 -7.22
24 nan nan nan nan nan
25 0.00 212.00 651.00 -0.49 -0.69
25 1.00 123.00 nan 4.48 -6.44
26 0.00 209.00 75.00 -0.57 -1.03
26 1.00 126.00 106.00 -2.54 -9.68
26 2.00 123.00 164.00 -1.40 8.38
26 3.00 119.00 97.00 -7.69 4.26
26 4.00 108.00 67.00 -8.47 2.42
26 5.00 116.00 35.00 -8.49 2.44
26 6.00 108.00 nan -7.95 3.15
27 0.00 237.00 449.00 -0.04 -0.50
27 1.00 144.00 427.00 3.00 7.39
27 2.00 102.00 117.00 5.25 7.30
27 3.00 201.00 nan 5.38 7.43
28 0.00 198.00 54.00 -0.59 -0.31
28 1.00 117.00 nan -3.39 -5.66
29 0.00 172.00 45.00 -8.03 -4.73
29 1.00 228.00 nan -6.52 -7.18
30 0.00 249.00 118.00 0.02 -0.01
30 1.00 208.00 60.00 -5.90 -5.69
30 2.00 136.00 68.00 5.67 -4.95
30 3.00 161.00 203.00 -8.64 -1.89
30 4.00 128.00 93.00 -5.43 -8.87
30 5.00 112.00 75.00 -3.60 7.54
30 6.00 166.00 69.00 6.52 7.83
30 7.00 115.00 94.00 11.27 0.85
30 8.00 129.00 nan 5.01 -7.89
31 0.00 169.00 59.00 -0.37 -0.22
31 1.00 222.00 64.00 -6.52 -5.68
31 2.00 135.00 nan 6.74 -7.00
32 0.00 212.00 68.00 -7.12 -4.60
32 1.00 158.00 81.00 7.69 -3.96
32 2.00 118.00 nan -8.36 -1.55
33 0.00 154.00 232.00 -0.31 -1.02
33 1.00 140.00 59.00 -7.98 -3.18
33 2.00 174.00 60.00 1.88 -9.40
33 3.00 173.00 69.00 9.82 -2.77
33 4.00 324.00 60.00 3.49 6.68
33 5.00 102.00 nan 2.76 0.23
34 0.00 170.00 661.00 -0.38 -0.93
34 1.00 209.00 nan 5.16 7.48
35 0.00 206.00 369.00 0.12 -0.56
35 1.00 139.00 60.00 6.14 -1.11
35 2.00 198.00 83.00 8.12 4.16
35 3.00 270.00 66.00 -5.44 7.93
35 4.00 218.00 nan 6.72 5.86
36 0.00 115.00 46.00 -0.11 -0.50
36 1.00 110.00 310.00 -2.72 -1.62
36 2.00 184.00 320.00 1.77 8.57
36 3.00 106.00 160.00 1.72 8.86
36 4.00 169.00 nan 7.33 6.00
37 0.00 214.00 64.00 0.02 -0.42
37 1.00 280.00 483.00 -2.34 -8.06
37 2.00 117.00 476.00 -4.90 5.94
37 3.00 104.00 278.00 10.58 -3.24
37 4.00 108.00 nan -0.92 -4.94
38 0.00 137.00 56.00 -0.14 -0.46
38 1.00 130.00 491.00 -6.02 -5.26
38 2.00 133.00 541.00 5.82 -8.49
38 3.00 118.00 nan -6.71 5.37
39 0.00 168.00 273.00 -0.26 -0.75
39 1.00 118.00 196.00 -3.96 -8.88
39 2.00 122.00 161.00 7.98 -5.70
39 3.00 203.00 nan 1.66 6.63
40 0.00 174.00 63.00 -0.38 -0.43
40 1.00 225.00 nan -7.49 -2.67
41 0.00 112.00 346.00 -8.04 -2.71
41 1.00 192.00 nan 9.92 -3.77
42 0.00 213.00 126.00 -0.38 -0.35
42 1.00 156.00 55.00 -8.41 -0.99
42 2.00 158.00 393.00 -4.40 -7.87
42 3.00 126.00 60.00 6.46 6.73
42 4.00 158.00 221.00 11.03 0.31
42 5.00 103.00 nan 1.95 -9.65
43 0.00 191.00 59.00 -0.22 -0.10
43 1.00 230.00 88.00 -4.31 -7.22
43 2.00 101.00 441.00 -1.99 8.25
43 3.00 133.00 nan 9.64 -3.76
44 0.00 170.00 334.00 -0.10 -0.43
44 1.00 186.00 245.00 9.45 -5.06
44 2.00 139.00 134.00 -6.08 6.46
44 3.00 149.00 104.00 2.55 7.41
44 4.00 210.00 64.00 -9.77 -3.83
44 5.00 132.00 nan 2.81 -6.78
45 0.00 176.00 66.00 -0.08 -0.46
45 1.00 164.00 270.00 -4.98 -5.54
45 2.00 146.00 239.00 -6.88 5.57
45 3.00 105.00 441.00 2.81 7.93
45 4.00 193.00 617.00 7.67 -8.13
45 5.00 117.00 nan -2.24 -10.57
46 0.00 206.00 84.00 -2.70 -8.25
46 1.00 200.00 nan 1.81 7.19
47 0.00 175.00 767.00 -0.41 -0.84
47 1.00 259.00 76.00 7.42 -8.20
47 2.00 183.00 nan 9.67 -5.22
48 0.00 106.00 399.00 1.90 -8.87
48 1.00 104.00 106.00 0.15 8.06
48 2.00 106.00 58.00 -8.47 1.86
48 3.00 201.00 nan -8.42 -5.12
49 0.00 102.00 571.00 -0.54 -0.61
49 1.00 113.00 55.00 -5.94 6.26
49 2.00 177.00 nan -0.01 0.46
50 0.00 179.00 98.00 -0.50 -0.60
50 1.00 156.00 807.00 -1.73 -8.57
50 2.00 184.00 68.00 -7.64 4.61
50 3.00 106.00 nan -8.74 -2.32
51 0.00 119.00 90.00 0.06 -0.42
51 1.00 134.00 271.00 -6.54 -3.79
51 2.00 177.00 nan 10.07 0.21
52 0.00 263.00 303.00 0.28 -0.46
52 1.00 130.00 215.00 -7.26 -1.48
52 2.00 107.00 86.00 0.91 10.27
52 3.00 122.00 nan 2.17 -11.26
53 0.00 227.00 67.00 0.02 -0.62
53 1.00 108.00 187.00 0.21 -10.28
53 2.00 135.00 130.00 -6.66 3.85
53 3.00 103.00 106.00 8.22 -0.04
53 4.00 155.00 nan -9.14 -1.44
54 0.00 189.00 337.00 -0.22 -0.75
54 1.00 149.00 86.00 7.02 -8.21
54 2.00 121.00 202.00 9.17 2.64
54 3.00 140.00 73.00 0.75 9.29
54 4.00 167.00 nan -5.07 0.93
55 0.00 108.00 445.00 -4.46 -6.53
55 1.00 177.00 68.00 2.50 8.04
55 2.00 116.00 27.00 0.97 8.22
55 3.00 149.00 nan 1.09 8.41
56 0.00 156.00 123.00 -0.25 -0.63
56 1.00 112.00 44.00 1.99 -6.17
56 2.00 111.00 351.00 2.15 -10.29
56 3.00 125.00 nan -9.27 -2.84
57 0.00 163.00 544.00 -0.35 -0.50
57 1.00 114.00 137.00 0.66 8.23
57 2.00 130.00 82.00 -6.53 6.40
57 3.00 287.00 447.00 6.97 6.67
57 4.00 287.00 nan 1.69 9.29
58 0.00 122.00 57.00 -0.15 -0.24
58 1.00 112.00 569.00 -4.00 -5.86
58 2.00 150.00 nan -7.78 -0.82
59 0.00 204.00 700.00 -0.40 -0.64
59 1.00 112.00 65.00 -8.33 1.36
59 2.00 131.00 537.00 -5.60 7.36
59 3.00 101.00 186.00 8.90 4.57
59 4.00 141.00 nan 5.53 7.91
60 0.00 185.00 119.00 -0.32 0.72
60 1.00 103.00 126.00 3.56 -6.44
60 2.00 122.00 494.00 5.83 -7.31
60 3.00 108.00 176.00 -1.01 -2.58
60 4.00 121.00 309.00 7.68 4.83
60 5.00 104.00 179.00 6.36 -8.84
60 6.00 132.00 182.00 -6.53 -7.16
60 7.00 331.00 611.00 5.10 -8.91
60 8.00 177.00 nan -6.39 6.96
61 0.00 124.00 103.00 -0.78 -1.01
61 1.00 136.00 67.00 -2.95 -9.45
61 2.00 146.00 446.00 -8.98 -4.40
61 3.00 202.00 nan -6.00 -8.19
62 0.00 129.00 233.00 -0.19 -0.60
62 1.00 311.00 108.00 -7.44 -6.16
62 2.00 187.00 465.00 -3.25 -9.70
62 3.00 191.00 nan -9.13 -1.99
63 nan nan nan nan nan
64 0.00 164.00 nan 0.31 -9.69
65 0.00 159.00 63.00 -0.28 -0.43
65 1.00 117.00 281.00 -2.02 -8.55
65 2.00 135.00 102.00 -5.37 -8.16
65 3.00 147.00 115.00 7.66 -7.34
65 4.00 290.00 55.00 0.90 -10.56
65 5.00 119.00 102.00 -6.24 -7.60
65 6.00 249.00 nan 8.23 -6.90
66 0.00 115.00 143.00 -0.20 -0.41
66 1.00 120.00 60.00 -7.58 -3.82
66 2.00 179.00 70.00 -2.85 -9.18
66 3.00 134.00 459.00 6.69 -8.19
66 4.00 116.00 97.00 -5.84 7.38
66 5.00 143.00 135.00 9.18 2.35
66 6.00 140.00 nan 8.70 -4.79
67 0.00 104.00 268.00 -0.10 -0.10
67 1.00 109.00 nan -2.52 -8.78
68 0.00 175.00 232.00 0.02 -0.50
68 1.00 102.00 107.00 -0.72 -9.53
68 2.00 112.00 293.00 9.26 -3.85
68 3.00 158.00 481.00 5.07 7.38
68 4.00 102.00 118.00 1.38 9.25
68 5.00 127.00 nan 10.79 -2.23
69 0.00 175.00 522.00 8.91 -4.39
69 1.00 124.00 nan 11.34 -1.29
70 0.00 101.00 5.00 -0.07 -0.37
70 1.00 104.00 728.00 -0.16 -0.28
70 2.00 143.00 38.00 8.83 -7.01
70 3.00 174.00 nan 9.26 -5.73
71 0.00 126.00 97.00 -0.08 -0.69
71 1.00 140.00 323.00 -3.74 -8.32
71 2.00 151.00 nan 5.56 -9.07
72 0.00 168.00 nan 6.08 -1.40
73 0.00 125.00 174.00 -7.69 -0.79
73 1.00 111.00 nan -0.04 7.60
74 0.00 163.00 52.00 0.27 -9.67
74 1.00 107.00 77.00 5.26 -9.25
74 2.00 145.00 nan -2.60 -9.64
75 0.00 119.00 nan 4.58 -1.88
76 0.00 168.00 60.00 -2.44 -9.09
76 1.00 132.00 104.00 6.44 -7.93
76 2.00 138.00 119.00 1.69 9.24
76 3.00 137.00 nan -7.81 1.10
77 0.00 105.00 382.00 8.21 -7.85
77 1.00 117.00 171.00 2.40 5.08
77 2.00 111.00 nan 6.30 6.53
78 0.00 143.00 303.00 -0.22 -0.12
78 1.00 122.00 nan 0.92 -9.17
79 0.00 228.00 751.00 -0.26 -0.10
79 1.00 124.00 nan 1.66 11.02
80 0.00 146.00 1440.00 -0.48 -0.15
80 1.00 137.00 1101.00 7.02 -6.80
80 2.00 119.00 nan 0.70 -8.72
81 0.00 139.00 899.00 -4.59 -8.19
81 1.00 138.00 90.00 9.57 2.81
81 2.00 155.00 nan 9.49 -3.79
82 0.00 141.00 250.00 7.66 -6.40
82 1.00 116.00 619.00 0.71 9.13
82 2.00 134.00 46.00 9.27 -3.60
82 3.00 137.00 nan 7.90 -5.23
83 nan nan nan nan nan
84 0.00 139.00 103.00 -1.84 -2.44
84 1.00 140.00 1002.00 -4.40 -7.20
84 2.00 127.00 316.00 3.89 8.71
84 3.00 108.00 56.00 -8.58 3.66
84 4.00 105.00 nan -9.57 -0.63
85 0.00 182.00 nan 3.48 1.79
86 0.00 112.00 nan -5.00 -8.44
87 0.00 230.00 776.00 -2.29 -8.24
87 1.00 106.00 160.00 4.04 8.01
87 2.00 151.00 259.00 10.58 1.87
87 3.00 108.00 nan 5.83 -8.40
88 0.00 128.00 nan -2.36 -9.62
89 0.00 101.00 88.00 -3.54 -3.85
89 1.00 110.00 82.00 2.58 -9.60
89 2.00 139.00 nan -1.88 2.59
90 0.00 113.00 987.00 -0.55 -0.25
90 1.00 103.00 408.00 -2.79 8.41
90 2.00 112.00 61.00 3.67 8.46
90 3.00 204.00 nan 10.00 -1.88
91 0.00 110.00 104.00 -3.29 8.26
91 1.00 202.00 340.00 -7.34 6.51
91 2.00 102.00 nan -3.72 8.23
92 0.00 109.00 nan -5.61 -2.85
93 0.00 106.00 nan 7.10 6.43
94 0.00 102.00 nan -3.74 -8.98
95 0.00 108.00 573.00 6.21 6.31
95 1.00 205.00 nan 9.64 -5.49
96 nan nan nan nan nan
97 0.00 145.00 nan -1.81 4.03
98 0.00 102.00 740.00 -7.29 -6.85
98 1.00 107.00 nan 6.83 -7.77
99 0.00 159.00 34.00 8.61 4.92
99 1.00 105.00 nan 8.48 5.01
100 0.00 124.00 nan 5.60 -8.25
101 nan nan nan nan nan
102 nan nan nan nan nan
103 0.00 133.00 580.00 9.95 2.03
103 1.00 108.00 280.00 3.54 -9.85
103 2.00 125.00 373.00 3.53 -9.61
103 3.00 118.00 nan 4.95 -2.83
104 nan nan nan nan nan
105 nan nan nan nan nan
106 0.00 216.00 nan 5.74 -8.51
107 0.00 182.00 nan 4.34 -8.01
108 nan nan nan nan nan
109 0.00 165.00 nan 10.92 0.05
110 nan nan nan nan nan
111 0.00 126.00 nan 5.80 -8.21
112 0.00 250.00 nan 6.65 -9.20
113 0.00 152.00 nan 9.99 -2.92
114 nan nan nan nan nan
115 nan nan nan nan nan
116 0.00 111.00 277.00 10.71 0.83
116 1.00 114.00 395.00 -5.20 7.10
116 2.00 130.00 nan -6.56 -7.23
117 nan nan nan nan nan
118 0.00 102.00 700.00 -0.24 -0.39
118 1.00 102.00 67.00 8.26 -6.50
118 2.00 112.00 nan 10.39 0.49
119 nan nan nan nan nan
120 0.00 116.00 nan 9.32 2.61
121 0.00 196.00 1707.00 -0.00 -0.52
121 1.00 116.00 870.00 -2.00 8.37
121 2.00 178.00 290.00 10.42 -2.17
121 3.00 205.00 115.00 6.39 6.92
121 4.00 203.00 133.00 8.65 -7.40
121 5.00 124.00 227.00 3.21 -9.92
121 6.00 116.00 nan 1.11 9.89
122 nan nan nan nan nan
123 0.00 141.00 935.00 -0.39 -0.13
123 1.00 110.00 446.00 -3.21 -9.91
123 2.00 151.00 95.00 9.36 -3.27
123 3.00 117.00 790.00 10.36 1.34
123 4.00 187.00 69.00 -0.68 9.13
123 5.00 131.00 nan -5.87 8.14
124 0.00 118.00 434.00 7.00 -8.01
124 1.00 103.00 nan 3.96 -10.64
125 0.00 147.00 1.00 9.60 -2.93
125 1.00 201.00 91.00 9.63 -2.68
125 2.00 106.00 536.00 3.83 9.23
125 3.00 353.00 nan 9.34 -3.66
126 0.00 116.00 1304.00 0.55 -0.43
126 1.00 121.00 1150.00 9.60 -5.45
126 2.00 157.00 nan 5.61 8.25
127 0.00 125.00 nan 0.81 8.13
128 0.00 108.00 394.00 -8.65 2.97
128 1.00 113.00 nan -5.03 7.50
129 0.00 210.00 nan 9.25 -5.80
130 0.00 118.00 nan -0.65 -0.37
131 0.00 135.00 nan 0.90 8.71
132 0.00 144.00 nan 7.62 -7.85
133 0.00 107.00 533.00 7.53 -8.41
133 1.00 109.00 nan 7.25 5.50
134 0.00 160.00 155.00 9.66 -3.70
134 1.00 113.00 nan 3.20 7.60
135 0.00 101.00 301.00 -3.41 -10.02
135 1.00 117.00 199.00 7.33 -8.40
135 2.00 149.00 40.00 9.90 -3.49
135 3.00 140.00 nan 10.27 0.96
136 0.00 136.00 nan 4.89 7.65
137 0.00 189.00 nan 9.88 1.48
138 nan nan nan nan nan
139 0.00 102.00 850.00 10.87 1.61
139 1.00 273.00 nan 10.33 0.45
140 0.00 206.00 470.00 7.91 -7.41
140 1.00 126.00 30.00 9.97 0.35
140 2.00 101.00 nan 9.82 0.31
141 0.00 167.00 89.00 8.58 -6.04
141 1.00 123.00 nan 10.19 -0.29
142 0.00 108.00 293.00 2.52 -10.05
142 1.00 105.00 573.00 9.15 -4.31
142 2.00 222.00 nan 10.23 0.42
143 0.00 115.00 18.00 9.05 -5.42
143 1.00 107.00 nan 8.98 -5.27
144 0.00 118.00 62.00 4.83 -9.47
144 1.00 189.00 700.00 8.22 -6.52
144 2.00 101.00 nan 1.34 9.20
145 0.00 103.00 905.00 -0.39 -0.11
145 1.00 127.00 997.00 7.55 -8.06
145 2.00 192.00 36.00 8.18 -6.57
145 3.00 483.00 71.00 7.47 -7.32
145 4.00 114.00 337.00 10.95 -0.94
145 5.00 126.00 nan 7.32 5.62
146 0.00 183.00 227.00 9.87 -4.24
146 1.00 141.00 nan 4.09 8.81
147 0.00 146.00 58.00 7.06 -8.15
147 1.00 126.00 668.00 8.57 -6.34
147 2.00 128.00 nan 1.80 8.65
148 0.00 116.00 380.00 -3.57 -10.53
148 1.00 145.00 210.00 3.38 9.31
148 2.00 163.00 95.00 3.22 8.11
148 3.00 134.00 nan 3.33 8.35
149 0.00 109.00 641.00 -2.70 8.39
149 1.00 110.00 310.00 9.91 2.54
149 2.00 128.00 nan 7.75 -7.23
150 0.00 129.00 880.00 9.14 4.13
150 1.00 325.00 nan 5.30 -9.03
151 0.00 159.00 663.00 5.94 -6.60
151 1.00 125.00 328.00 4.53 7.11
151 2.00 105.00 148.00 -3.70 -9.99
151 3.00 334.00 nan 9.20 -5.86
152 0.00 169.00 240.00 -0.26 8.17
152 1.00 162.00 268.00 8.78 4.53
152 2.00 151.00 112.00 8.66 -5.84
152 3.00 110.00 136.00 6.07 -8.94
152 4.00 190.00 58.00 9.42 -5.16
152 5.00 123.00 20.00 10.41 0.28
152 6.00 142.00 nan 10.37 0.45
153 0.00 127.00 514.00 -0.30 -0.57
153 1.00 116.00 104.00 3.90 -9.91
153 2.00 152.00 83.00 9.07 -5.65
153 3.00 154.00 16.00 9.82 2.81
153 4.00 153.00 57.00 9.95 2.94
153 5.00 237.00 1.00 9.25 -5.74
153 6.00 132.00 nan 9.35 -5.74
154 0.00 170.00 91.00 8.26 -8.27
154 1.00 118.00 71.00 11.07 -0.29
154 2.00 118.00 93.00 6.79 5.85
154 3.00 143.00 584.00 0.19 8.52
154 4.00 124.00 113.00 -4.97 -8.74
154 5.00 171.00 nan 1.44 -10.54
155 nan nan nan nan nan
156 0.00 104.00 182.00 0.47 -10.81
156 1.00 134.00 1106.00 -6.16 -7.95
156 2.00 102.00 nan -6.69 -8.01
157 0.00 129.00 132.00 3.21 -9.75
157 1.00 195.00 837.00 8.98 -6.59
157 2.00 162.00 nan -8.48 4.63
158 0.00 191.00 901.00 7.90 -7.22
158 1.00 200.00 nan -7.53 6.12
159 0.00 198.00 279.00 7.02 7.16
159 1.00 101.00 114.00 10.32 -1.43
159 2.00 139.00 50.00 8.27 -6.35
159 3.00 110.00 nan 4.51 -9.55
160 0.00 144.00 nan -9.74 -0.82
161 0.00 174.00 241.00 7.22 -7.80
161 1.00 120.00 nan 7.43 5.11
162 0.00 242.00 327.00 7.49 -7.33
162 1.00 110.00 1505.00 8.12 6.58
162 2.00 126.00 nan 8.28 5.58
163 0.00 104.00 184.00 5.98 -9.07
163 1.00 148.00 527.00 8.86 3.15
163 2.00 238.00 nan 8.87 4.72
164 0.00 162.00 nan 9.02 -5.81
165 0.00 188.00 nan 6.80 -7.91
166 0.00 171.00 1034.00 10.25 0.69
166 1.00 119.00 44.00 11.67 1.65
166 2.00 249.00 511.00 10.31 1.63
166 3.00 130.00 652.00 3.46 -10.40
166 4.00 134.00 110.00 3.63 -11.49
166 5.00 122.00 nan 9.94 1.73
167 0.00 118.00 nan 10.98 1.95
168 0.00 140.00 nan 10.91 -0.11
169 0.00 106.00 nan 7.27 4.22
170 0.00 111.00 539.00 -5.65 -8.05
170 1.00 128.00 286.00 10.11 -3.15
170 2.00 139.00 nan 7.55 6.02
171 0.00 189.00 92.00 10.17 -3.46
171 1.00 136.00 264.00 4.53 9.75
171 2.00 159.00 nan 9.88 -3.48
172 0.00 145.00 nan 10.39 -3.71
173 0.00 215.00 1458.00 8.40 -7.04
173 1.00 263.00 nan 8.59 -6.92
174 0.00 172.00 91.00 7.52 -7.68
174 1.00 110.00 125.00 10.50 1.41
174 2.00 109.00 93.00 7.02 7.03
174 3.00 113.00 nan 0.44 9.42
175 0.00 105.00 60.00 9.30 5.56
175 1.00 174.00 nan 10.83 -0.82
176 0.00 118.00 26.00 8.78 -5.05
176 1.00 133.00 nan 8.81 -5.17
177 0.00 128.00 492.00 6.63 -8.61
177 1.00 165.00 nan 2.22 9.26
178 0.00 144.00 nan 10.43 3.39
179 0.00 256.00 nan 9.47 4.65
180 nan nan nan nan nan
181 0.00 139.00 94.00 10.73 0.52
181 1.00 159.00 449.00 7.26 6.94
181 2.00 128.00 nan 7.82 6.49
182 nan nan nan nan nan
183 0.00 118.00 224.00 1.53 -11.05
183 1.00 106.00 82.00 6.72 -8.71
183 2.00 110.00 177.00 9.46 -5.99
183 3.00 120.00 47.00 11.44 0.90
183 4.00 103.00 194.00 9.48 4.92
183 5.00 103.00 270.00 10.95 -0.30
183 6.00 203.00 nan 10.27 -0.44
184 0.00 123.00 50.00 9.54 -1.50
184 1.00 306.00 27.00 8.42 -7.06
184 2.00 115.00 783.00 8.39 -7.74
184 3.00 107.00 1350.00 -6.03 -8.46
184 4.00 146.00 413.00 7.15 7.00
184 5.00 242.00 nan 8.37 -7.02
185 0.00 196.00 546.00 7.48 -7.09
185 1.00 117.00 293.00 0.06 10.56
185 2.00 104.00 nan -6.56 7.00
186 0.00 143.00 532.00 -0.32 0.01
186 1.00 118.00 114.00 10.31 -1.50
186 2.00 102.00 4.00 2.76 9.22
186 3.00 132.00 204.00 2.77 9.25
186 4.00 121.00 nan 10.71 -1.82
187 nan nan nan nan nan
188 nan nan nan nan nan
189 0.00 110.00 31.00 8.02 -7.10
189 1.00 117.00 nan 8.03 -7.03
190 0.00 155.00 1140.00 -0.45 0.09
190 1.00 168.00 357.00 8.79 -5.63
190 2.00 109.00 nan 4.42 7.76
191 nan nan nan nan nan
192 0.00 155.00 nan 5.56 -9.05
193 0.00 121.00 1.00 8.75 -7.73
193 1.00 133.00 nan 8.86 -7.77
194 0.00 172.00 nan 9.52 -5.71
195 nan nan nan nan nan
196 0.00 111.00 nan 8.64 -6.30
197 0.00 132.00 nan 8.25 -7.60
198 0.00 114.00 nan 8.81 -4.19
199 nan nan nan nan nan
200 0.00 150.00 1051.00 9.94 -5.24
200 1.00 116.00 nan 11.31 -4.86
201 0.00 119.00 813.00 10.11 -5.75
201 1.00 163.00 1043.00 5.70 -10.95
201 2.00 120.00 nan 5.98 -10.18
202 0.00 151.00 1484.00 10.56 -7.00
202 1.00 102.00 nan -6.92 4.97
203 0.00 101.00 nan -2.50 -9.94
204 0.00 112.00 610.00 0.02 -0.28
204 1.00 174.00 20.00 4.57 -9.68
204 2.00 118.00 845.00 4.74 -9.75
204 3.00 177.00 nan -3.83 -9.68
205 0.00 114.00 261.00 2.13 9.17
205 1.00 154.00 198.00 10.45 2.99
205 2.00 124.00 147.00 10.93 -1.14
205 3.00 128.00 nan 8.53 -6.37
206 nan nan nan nan nan
207 0.00 143.00 43.00 9.30 -6.64
207 1.00 211.00 nan 8.46 -7.02
208 0.00 225.00 6.00 9.00 -6.23
208 1.00 186.00 968.00 9.16 -6.25
208 2.00 143.00 nan 9.32 -5.14
209 0.00 176.00 101.00 6.18 -9.01
209 1.00 151.00 nan 9.88 -5.75
210 0.00 102.00 343.00 8.17 3.74
210 1.00 118.00 nan 10.02 4.08
211 nan nan nan nan nan
212 nan nan nan nan nan
213 nan nan nan nan nan
214 0.00 125.00 nan 7.14 -7.99
215 nan nan nan nan nan
216 0.00 121.00 239.00 8.77 -5.44
216 1.00 117.00 341.00 8.53 5.31
216 2.00 110.00 160.00 1.06 9.17
216 3.00 124.00 1282.00 10.82 0.07
216 4.00 119.00 434.00 -4.62 -9.49
216 5.00 175.00 nan 6.15 -9.52
217 nan nan nan nan nan
218 0.00 140.00 560.00 10.35 -1.46
218 1.00 108.00 nan 2.35 10.24
219 0.00 155.00 nan -3.21 8.36
220 nan nan nan nan nan
221 0.00 187.00 66.00 9.55 -5.59
221 1.00 103.00 114.00 9.12 2.79
221 2.00 129.00 131.00 5.81 7.18
221 3.00 111.00 nan 10.99 2.02
222 0.00 118.00 nan 10.60 0.29
223 0.00 111.00 130.00 9.05 -7.30
223 1.00 175.00 nan 9.68 -6.17
224 nan nan nan nan nan
225 nan nan nan nan nan
226 0.00 145.00 nan 9.48 -5.91
227 nan nan nan nan nan
228 nan nan nan nan nan
229 0.00 128.00 nan 10.13 -1.70
230 0.00 175.00 nan 5.38 -9.20
231 0.00 168.00 nan 7.34 -5.65
232 nan nan nan nan nan
233 0.00 125.00 nan 7.46 -8.39
234 nan nan nan nan nan
235 0.00 121.00 nan 5.17 -9.82
236 0.00 227.00 284.00 8.22 -7.00
236 1.00 145.00 294.00 10.93 -1.87
236 2.00 153.00 87.00 8.29 -6.73
236 3.00 138.00 1087.00 3.92 -11.21
236 4.00 107.00 188.00 8.71 -4.33
236 5.00 159.00 574.00 7.70 -8.42
236 6.00 311.00 5.00 7.39 -7.40
236 7.00 135.00 nan 7.40 -7.49
237 0.00 190.00 53.00 8.96 -6.07
237 1.00 122.00 nan 10.72 2.06
238 nan nan nan nan nan
239 nan nan nan nan nan
240 0.00 107.00 nan 9.91 -4.18
241 0.00 144.00 108.00 -3.58 -9.11
241 1.00 146.00 246.00 -2.50 9.50
241 2.00 281.00 nan 9.72 -5.21
242 0.00 132.00 106.00 0.06 -0.47
242 1.00 150.00 65.00 -5.28 -7.47
242 2.00 137.00 nan 9.40 -5.33
243 0.00 172.00 56.00 -0.16 -0.55
243 1.00 135.00 171.00 -8.02 -6.47
243 2.00 150.00 399.00 7.51 -8.81
243 3.00 126.00 62.00 -0.76 -2.55
243 4.00 204.00 66.00 6.16 -8.21
243 5.00 132.00 nan -7.51 -6.43
244 0.00 167.00 61.00 -0.24 -0.85
244 1.00 113.00 267.00 -6.21 -6.60
244 2.00 153.00 171.00 6.33 -8.84
244 3.00 145.00 181.00 1.04 9.55
244 4.00 158.00 nan -8.05 1.81
245 0.00 104.00 121.00 -0.12 -0.40
245 1.00 152.00 51.00 -7.36 -5.28
245 2.00 153.00 53.00 -3.91 -8.73
245 3.00 122.00 67.00 0.42 -9.51
245 4.00 135.00 40.00 6.62 -7.52
245 5.00 125.00 172.00 8.54 -5.56
245 6.00 116.00 30.00 4.74 9.33
245 7.00 130.00 47.00 5.92 8.74
245 8.00 118.00 100.00 9.54 4.78
245 9.00 131.00 29.00 9.43 3.96
245 10.00 265.00 165.00 8.84 4.29
245 11.00 203.00 163.00 5.77 8.35
245 12.00 381.00 nan 9.40 4.93
246 0.00 107.00 68.00 10.15 1.27
246 1.00 141.00 97.00 2.54 -9.38
246 2.00 131.00 68.00 -1.80 11.03
246 3.00 105.00 nan -9.64 -3.46
247 0.00 117.00 446.00 -0.16 -0.64
247 1.00 126.00 106.00 6.59 -7.09
247 2.00 140.00 nan -0.92 10.12
248 nan nan nan nan nan
249 0.00 118.00 97.00 -4.24 -7.73
249 1.00 152.00 62.00 -3.84 9.66
249 2.00 272.00 398.00 4.56 9.15
249 3.00 141.00 105.00 -7.67 -5.21
249 4.00 157.00 67.00 10.50 -0.18
249 5.00 373.00 nan 9.68 3.47
250 0.00 152.00 94.00 3.00 -8.91
250 1.00 110.00 nan 9.95 2.94
251 0.00 133.00 82.00 -0.25 -0.71
251 1.00 134.00 237.00 -7.61 -3.97
251 2.00 126.00 228.00 4.54 -9.11
251 3.00 188.00 nan 10.24 1.87
252 0.00 123.00 162.00 9.88 -1.47
252 1.00 137.00 71.00 7.39 6.65
252 2.00 139.00 102.00 0.14 11.43
252 3.00 102.00 82.00 -7.02 5.75
252 4.00 333.00 19.00 -9.31 -1.42
252 5.00 202.00 11.00 -9.25 -1.45
252 6.00 457.00 nan -8.94 -1.36
253 0.00 151.00 57.00 -0.03 -0.28
253 1.00 144.00 45.00 -7.67 -4.06
253 2.00 150.00 52.00 -6.42 -7.69
253 3.00 142.00 130.00 -1.08 -9.03
253 4.00 213.00 26.00 3.27 -9.38
253 5.00 132.00 418.00 3.34 -9.60
253 6.00 190.00 59.00 3.17 -9.82
253 7.00 229.00 nan 7.32 -7.49
254 0.00 186.00 63.00 2.16 -9.56
254 1.00 157.00 nan -6.50 -7.46
255 0.00 149.00 61.00 -0.70 -0.28
255 1.00 163.00 68.00 -8.50 -5.19
255 2.00 151.00 84.00 6.13 -8.51
255 3.00 151.00 248.00 8.22 6.91
255 4.00 280.00 nan 8.72 6.07
256 0.00 211.00 52.00 -6.10 -5.89
256 1.00 104.00 18.00 0.11 -9.51
256 2.00 218.00 222.00 0.09 -9.53
256 3.00 127.00 210.00 7.30 -7.35
256 4.00 112.00 330.00 1.75 9.73
256 5.00 204.00 nan -9.21 1.34
257 0.00 128.00 89.00 -0.08 -8.81
257 1.00 149.00 490.00 -7.54 -6.91
257 2.00 216.00 182.00 8.48 3.80
257 3.00 143.00 40.00 10.17 -0.80
257 4.00 123.00 141.00 9.91 -4.32
257 5.00 143.00 34.00 3.79 10.94
257 6.00 147.00 53.00 3.87 9.50
257 7.00 226.00 nan -0.37 9.73
258 0.00 109.00 130.00 -0.43 -0.39
258 1.00 185.00 90.00 -1.94 -8.61
258 2.00 140.00 182.00 -9.61 -3.17
258 3.00 133.00 60.00 5.65 8.62
258 4.00 210.00 149.00 10.40 3.01
258 5.00 225.00 nan 9.12 -4.98
259 0.00 163.00 823.00 0.37 -0.15
259 1.00 120.00 405.00 1.41 10.70
259 2.00 166.00 192.00 -0.19 -9.09
259 3.00 135.00 nan -8.29 -0.34
260 0.00 108.00 61.00 0.41 -0.29
260 1.00 122.00 133.00 -6.11 -4.82
260 2.00 125.00 82.00 -1.41 -8.32
260 3.00 214.00 286.00 9.46 -1.16
260 4.00 158.00 62.00 -6.41 6.30
260 5.00 330.00 264.00 7.53 7.48
260 6.00 120.00 267.00 -8.80 1.81
260 7.00 143.00 140.00 3.89 -9.50
260 8.00 354.00 nan 11.09 2.66
261 0.00 110.00 116.00 -0.21 -0.16
261 1.00 161.00 524.00 -7.26 -4.67
261 2.00 249.00 893.00 5.84 -8.99
261 3.00 132.00 55.00 -6.19 -5.40
261 4.00 106.00 267.00 -1.08 -9.55
261 5.00 120.00 nan -7.34 -5.28
262 0.00 138.00 64.00 0.33 -0.16
262 1.00 113.00 56.00 -7.17 -1.73
262 2.00 165.00 428.00 1.78 -9.50
262 3.00 185.00 78.00 0.27 9.43
262 4.00 203.00 29.00 1.77 -8.58
262 5.00 140.00 5.00 1.67 -9.69
262 6.00 125.00 103.00 1.75 -9.61
262 7.00 106.00 17.00 1.55 -10.33
262 8.00 235.00 213.00 1.62 -10.19
262 9.00 137.00 302.00 10.01 0.62
262 10.00 123.00 17.00 -8.56 -0.92
262 11.00 137.00 353.00 -8.47 -0.95
262 12.00 224.00 nan 1.14 -10.03
263 0.00 202.00 1046.00 8.89 -3.16
263 1.00 120.00 206.00 9.99 -1.36
263 2.00 110.00 nan 8.85 -6.37
264 0.00 130.00 1004.00 1.56 -8.41
264 1.00 172.00 54.00 3.96 9.14
264 2.00 172.00 295.00 9.87 3.88
264 3.00 220.00 nan 3.80 -9.32
265 0.00 143.00 466.00 0.15 -0.71
265 1.00 268.00 42.00 1.46 -9.33
265 2.00 217.00 nan 5.45 -9.13
266 0.00 115.00 77.00 8.70 -3.54
266 1.00 143.00 nan -8.28 -3.35
267 0.00 116.00 72.00 -6.94 -4.19
267 1.00 117.00 271.00 -6.42 -7.04
267 2.00 137.00 696.00 8.21 -6.60
267 3.00 143.00 62.00 8.37 7.23
267 4.00 178.00 402.00 11.50 0.80
267 5.00 162.00 nan -9.53 -1.19
268 0.00 217.00 450.00 3.67 -9.38
268 1.00 153.00 76.00 1.17 9.77
268 2.00 183.00 122.00 -5.53 6.84
268 3.00 122.00 nan -8.19 3.21
269 0.00 135.00 54.00 0.29 -0.12
269 1.00 102.00 381.00 -4.31 -3.47
269 2.00 105.00 111.00 -8.09 0.91
269 3.00 108.00 467.00 10.62 -2.21
269 4.00 180.00 469.00 0.08 -9.04
269 5.00 358.00 576.00 3.13 9.21
269 6.00 130.00 nan -8.96 0.95
270 0.00 166.00 683.00 6.22 -8.85
270 1.00 137.00 119.00 -3.25 9.08
270 2.00 144.00 1.00 5.54 -9.32
270 3.00 210.00 265.00 5.54 -9.49
270 4.00 543.00 264.00 9.87 3.81
270 5.00 124.00 nan -7.13 -5.96
271 0.00 149.00 456.00 0.16 -0.52
271 1.00 140.00 40.00 7.90 -6.42
271 2.00 119.00 212.00 9.39 -4.93
271 3.00 102.00 nan 3.57 9.12
272 0.00 130.00 53.00 -7.45 -4.31
272 1.00 169.00 344.00 -4.53 -8.40
272 2.00 109.00 52.00 8.17 -5.64
272 3.00 138.00 45.00 10.66 -0.65
272 4.00 244.00 6.00 9.86 4.44
272 5.00 211.00 105.00 10.04 4.61
272 6.00 240.00 116.00 6.91 6.89
272 7.00 135.00 nan 9.80 3.45
273 0.00 113.00 569.00 -5.84 -5.15
273 1.00 173.00 130.00 -0.85 -9.58
273 2.00 209.00 nan 4.39 -9.62
274 0.00 204.00 71.00 -0.25 -9.21
274 1.00 121.00 93.00 6.90 -0.78
274 2.00 267.00 80.00 10.06 -0.14
274 3.00 209.00 nan 9.10 -5.47
275 0.00 111.00 966.00 9.63 -0.80
275 1.00 157.00 nan -9.18 0.67
276 0.00 107.00 359.00 0.01 -0.76
276 1.00 167.00 96.00 -5.91 -7.62
276 2.00 163.00 10.00 -6.53 -7.60
276 3.00 140.00 57.00 -6.52 -7.44
276 4.00 200.00 54.00 -9.29 -3.09
276 5.00 116.00 nan -9.29 1.53
277 0.00 141.00 120.00 -0.26 -0.95
277 1.00 264.00 668.00 -8.63 -3.85
277 2.00 235.00 nan 3.83 -9.68
278 0.00 109.00 74.00 -0.41 -0.70
278 1.00 108.00 42.00 -9.09 -1.89
278 2.00 176.00 51.00 -8.55 -5.49
278 3.00 166.00 50.00 -9.45 0.49
278 4.00 125.00 433.00 -8.65 3.23
278 5.00 104.00 nan -9.37 2.62
279 0.00 249.00 937.00 -8.91 -2.44
279 1.00 159.00 45.00 -2.30 10.39
279 2.00 160.00 nan -2.45 9.28
280 0.00 179.00 575.00 -0.27 -0.47
280 1.00 327.00 183.00 3.34 -9.60
280 2.00 374.00 61.00 8.48 -5.99
280 3.00 181.00 72.00 3.16 -10.35
280 4.00 101.00 nan -5.34 -8.57
281 0.00 102.00 127.00 -0.28 -0.58
281 1.00 126.00 323.00 -4.49 -7.49
281 2.00 339.00 1000.00 7.62 -6.67
281 3.00 116.00 164.00 7.27 7.12
281 4.00 106.00 nan 10.61 1.08
282 0.00 104.00 297.00 4.44 -9.19
282 1.00 162.00 63.00 -3.03 9.85
282 2.00 173.00 nan 9.98 4.38
283 0.00 153.00 69.00 -3.63 8.92
283 1.00 114.00 67.00 4.70 8.69
283 2.00 145.00 118.00 9.68 2.54
283 3.00 121.00 274.00 4.77 -9.01
283 4.00 148.00 91.00 -8.47 -5.02
283 5.00 133.00 375.00 8.40 -4.82
283 6.00 190.00 nan 9.46 -4.35
284 0.00 177.00 248.00 -0.24 -0.78
284 1.00 125.00 443.00 -7.81 -6.70
284 2.00 132.00 632.00 6.05 -8.69
284 3.00 183.00 45.00 4.21 9.74
284 4.00 132.00 122.00 8.62 6.26
284 5.00 109.00 69.00 -9.43 3.52
284 6.00 213.00 78.00 9.81 2.52
284 7.00 146.00 98.00 8.62 -3.59
284 8.00 477.00 14.00 5.47 -8.71
284 9.00 176.00 nan 5.60 -8.63
285 0.00 112.00 61.00 -0.83 0.94
285 1.00 249.00 249.00 -9.74 0.55
285 2.00 144.00 40.00 -3.04 9.28
285 3.00 179.00 56.00 1.89 10.06
285 4.00 164.00 64.00 6.81 6.92
285 5.00 160.00 55.00 9.70 2.40
285 6.00 114.00 51.00 9.28 -3.36
285 7.00 116.00 nan 6.31 -7.72
286 0.00 127.00 786.00 -0.66 -1.13
286 1.00 139.00 95.00 4.01 11.29
286 2.00 109.00 105.00 11.70 -1.87
286 3.00 212.00 nan 9.93 -2.86
287 0.00 162.00 81.00 8.23 -4.78
287 1.00 179.00 109.00 5.72 8.25
287 2.00 157.00 154.00 -7.28 3.92
287 3.00 224.00 64.00 8.69 -6.92
287 4.00 139.00 nan -3.07 -7.63
288 0.00 195.00 80.00 4.54 -10.59
288 1.00 115.00 130.00 -7.47 -4.07
288 2.00 182.00 172.00 0.26 8.21
288 3.00 167.00 99.00 10.67 3.62
288 4.00 229.00 74.00 3.99 -9.02
288 5.00 125.00 63.00 -4.20 -6.79
288 6.00 140.00 202.00 -8.65 -3.47
288 7.00 331.00 164.00 3.88 -9.76
288 8.00 133.00 314.00 10.48 3.05
288 9.00 187.00 20.00 -2.30 8.84
288 10.00 124.00 72.00 -2.34 8.90
288 11.00 110.00 397.00 -2.11 9.02
288 12.00 275.00 nan 10.87 2.06
289 0.00 183.00 58.00 -0.43 -0.59
289 1.00 143.00 43.00 -7.90 -3.65
289 2.00 141.00 332.00 -7.00 -6.94
289 3.00 113.00 123.00 1.61 -9.49
289 4.00 153.00 74.00 6.39 -8.14
289 5.00 137.00 250.00 9.62 -3.71
289 6.00 158.00 57.00 -0.78 9.88
289 7.00 203.00 67.00 8.29 5.24
289 8.00 128.00 73.00 10.94 0.81
289 9.00 138.00 388.00 -6.97 5.55
289 10.00 188.00 50.00 -8.74 3.35
289 11.00 162.00 115.00 -9.19 -1.73
289 12.00 177.00 268.00 -8.85 2.38
289 13.00 192.00 67.00 2.89 -9.02
289 14.00 392.00 139.00 9.88 -4.18
289 15.00 174.00 193.00 4.66 10.50
289 16.00 193.00 241.00 -0.26 10.21
289 17.00 225.00 53.00 8.59 6.65
289 18.00 105.00 342.00 11.26 -0.53
289 19.00 148.00 nan -2.12 -8.30
290 0.00 123.00 372.00 -0.17 -0.70
290 1.00 230.00 681.00 -6.33 -7.59
290 2.00 113.00 76.00 2.98 9.39
290 3.00 192.00 44.00 10.12 2.61
290 4.00 162.00 50.00 10.20 -2.63
290 5.00 149.00 51.00 6.94 -7.67
290 6.00 106.00 142.00 3.16 -9.59
290 7.00 124.00 nan -8.46 6.73
291 0.00 161.00 327.00 -0.25 -1.09
291 1.00 168.00 97.00 2.54 -10.93
291 2.00 101.00 210.00 11.26 1.43
291 3.00 148.00 nan -0.21 10.52
292 0.00 150.00 61.00 0.19 -0.72
292 1.00 139.00 301.00 -7.56 0.67
292 2.00 156.00 85.00 10.29 -3.15
292 3.00 195.00 66.00 3.43 8.30
292 4.00 133.00 nan 9.97 -3.33
293 0.00 147.00 66.00 0.24 -0.47
293 1.00 136.00 737.00 9.64 -3.82
293 2.00 134.00 nan 3.93 9.65
294 0.00 150.00 716.00 -8.65 -2.65
294 1.00 281.00 48.00 9.18 5.46
294 2.00 177.00 443.00 4.95 8.79
294 3.00 253.00 7.00 5.02 -8.84
294 4.00 209.00 64.00 5.39 -8.94
294 5.00 254.00 nan 1.62 -9.67
295 0.00 101.00 104.00 -0.14 -0.65
295 1.00 117.00 332.00 -8.66 -0.89
295 2.00 157.00 252.00 10.42 -1.63
295 3.00 189.00 176.00 0.85 9.09
295 4.00 175.00 nan 0.26 -9.11
296 nan nan nan nan nan
297 0.00 114.00 58.00 -0.37 -0.48
297 1.00 128.00 720.00 -9.48 0.86
297 2.00 135.00 71.00 4.65 -9.10
297 3.00 119.00 61.00 9.73 -3.14
297 4.00 537.00 5.00 9.21 3.90
297 5.00 303.00 13.00 9.21 3.99
297 6.00 125.00 nan 8.91 3.96
298 0.00 140.00 121.00 -9.00 -1.37
298 1.00 102.00 442.00 -4.05 7.22
298 2.00 146.00 nan 10.21 4.09
299 0.00 116.00 173.00 0.16 -0.52
299 1.00 112.00 275.00 -6.45 -1.53
299 2.00 128.00 150.00 8.06 -7.40
299 3.00 106.00 71.00 7.87 -7.38
299 4.00 158.00 nan -5.96 -8.02
300 0.00 128.00 336.00 -5.52 -7.50
300 1.00 121.00 nan 6.40 8.61
301 0.00 150.00 56.00 -0.85 -0.29
301 1.00 106.00 39.00 -8.48 -4.08
301 2.00 169.00 730.00 -7.52 -7.38
301 3.00 106.00 71.00 10.68 -0.82
301 4.00 221.00 nan 6.90 -7.40
302 0.00 114.00 nan -5.84 -8.22
303 0.00 127.00 77.00 -0.42 0.02
303 1.00 124.00 150.00 -8.10 -2.43
303 2.00 104.00 nan -9.37 -1.44
304 0.00 127.00 192.00 10.42 -2.65
304 1.00 105.00 83.00 3.20 8.91
304 2.00 148.00 185.00 10.60 -2.14
304 3.00 111.00 352.00 -1.98 -8.94
304 4.00 145.00 nan 9.37 -2.13
305 0.00 108.00 64.00 -0.19 -0.56
305 1.00 166.00 110.00 -8.88 -0.54
305 2.00 220.00 318.00 -8.11 -6.02
305 3.00 144.00 77.00 10.23 -2.53
305 4.00 156.00 120.00 2.00 9.79
305 5.00 351.00 nan 10.57 -1.38
306 nan nan nan nan nan
307 0.00 164.00 396.00 -0.38 -0.49
307 1.00 127.00 118.00 -7.07 -6.78
307 2.00 123.00 333.00 -9.33 -0.06
307 3.00 181.00 204.00 7.68 6.40
307 4.00 126.00 nan 6.34 -7.70
308 0.00 115.00 nan -8.48 -2.66
309 0.00 102.00 559.00 -8.28 3.57
309 1.00 166.00 63.00 4.89 7.96
309 2.00 196.00 nan 9.23 -4.59
310 0.00 123.00 1026.00 -0.76 -0.71
310 1.00 113.00 nan 8.75 -5.20
311 0.00 178.00 428.00 -8.54 -0.10
311 1.00 140.00 96.00 -3.62 8.81
311 2.00 151.00 244.00 8.81 -0.03
311 3.00 144.00 48.00 6.83 -6.79
311 4.00 158.00 53.00 3.29 -9.55
311 5.00 200.00 170.00 -1.25 -9.22
311 6.00 107.00 112.00 -7.20 -7.15
311 7.00 212.00 nan 3.04 10.59
312 0.00 144.00 402.00 -0.45 -0.15
312 1.00 101.00 86.00 -5.36 -6.02
312 2.00 231.00 273.00 8.91 -5.87
312 3.00 210.00 61.00 6.67 7.82
312 4.00 156.00 141.00 -0.91 3.40
312 5.00 143.00 nan 6.02 8.06
313 0.00 103.00 97.00 -8.81 1.84
313 1.00 117.00 309.00 2.54 7.78
313 2.00 285.00 nan -2.75 -9.53
314 0.00 149.00 269.00 -0.25 -0.90
314 1.00 193.00 635.00 -6.39 -7.69
314 2.00 123.00 69.00 0.71 9.78
314 3.00 102.00 96.00 10.87 2.20
314 4.00 210.00 66.00 9.78 2.22
314 5.00 145.00 nan 7.33 6.81
315 0.00 111.00 nan 1.40 11.18
316 0.00 122.00 108.00 -0.26 -0.23
316 1.00 108.00 348.00 -8.12 -3.00
316 2.00 169.00 58.00 -3.67 9.48
316 3.00 156.00 82.00 3.91 10.11
316 4.00 113.00 57.00 7.16 7.82
316 5.00 135.00 267.00 10.71 1.40
316 6.00 249.00 254.00 6.63 -8.15
316 7.00 164.00 40.00 -0.09 -8.50
316 8.00 182.00 nan 3.39 -9.73
317 nan nan nan nan nan
318 nan nan nan nan nan
319 0.00 138.00 59.00 9.81 3.64
319 1.00 124.00 93.00 9.08 -3.79
319 2.00 209.00 41.00 4.48 -8.34
319 3.00 111.00 nan 7.79 -6.19
320 0.00 101.00 74.00 0.98 -0.27
320 1.00 103.00 109.00 -9.22 -0.01
320 2.00 115.00 295.00 -9.27 -3.20
320 3.00 152.00 56.00 4.22 -9.26
320 4.00 129.00 69.00 9.33 -4.54
320 5.00 109.00 87.00 9.45 5.14
320 6.00 272.00 35.00 4.56 9.13
320 7.00 143.00 nan 3.83 8.45
321 0.00 190.00 73.00 2.22 -9.48
321 1.00 118.00 425.00 10.37 -0.34
321 2.00 180.00 615.00 3.14 -9.59
321 3.00 287.00 nan 8.79 0.52
322 0.00 153.00 424.00 0.75 -9.28
322 1.00 103.00 82.00 1.04 -9.08
322 2.00 132.00 nan 1.33 -9.28
323 0.00 109.00 178.00 -4.28 -8.46
323 1.00 180.00 nan 5.26 9.86
324 0.00 124.00 70.00 -0.41 -0.57
324 1.00 113.00 249.00 -7.81 -4.04
324 2.00 132.00 132.00 2.18 -9.24
324 3.00 163.00 96.00 8.15 -5.91
324 4.00 135.00 139.00 6.28 6.42
324 5.00 125.00 67.00 -0.45 9.43
324 6.00 128.00 337.00 -7.22 5.30
324 7.00 106.00 nan 6.65 6.91
325 0.00 117.00 73.00 -4.65 -8.13
325 1.00 120.00 62.00 0.42 -9.52
325 2.00 137.00 357.00 9.92 -3.44
325 3.00 125.00 nan 10.62 -1.30
326 0.00 125.00 501.00 2.38 9.08
326 1.00 114.00 174.00 -0.73 -8.98
326 2.00 191.00 nan 2.75 -9.84
327 0.00 155.00 94.00 5.21 -7.88
327 1.00 177.00 96.00 0.07 8.58
327 2.00 228.00 nan 7.27 7.23
328 0.00 156.00 406.00 3.60 -9.94
328 1.00 140.00 465.00 5.36 7.95
328 2.00 208.00 349.00 6.14 7.87
328 3.00 113.00 61.00 5.21 8.41
328 4.00 174.00 nan 6.34 8.05
329 0.00 125.00 25.00 6.25 -9.02
329 1.00 108.00 33.00 6.27 -9.03
329 2.00 157.00 102.00 5.69 -10.04
329 3.00 130.00 292.00 -0.87 -9.87
329 4.00 101.00 nan 9.32 -5.03
330 0.00 103.00 737.00 3.58 -5.25
330 1.00 164.00 nan 10.55 -2.56
331 nan nan nan nan nan
332 0.00 153.00 422.00 2.51 -9.15
332 1.00 119.00 107.00 1.26 12.24
332 2.00 121.00 181.00 9.49 1.79
332 3.00 239.00 184.00 -0.33 10.68
332 4.00 116.00 nan -0.43 9.73
333 0.00 145.00 500.00 3.36 -9.68
333 1.00 214.00 775.00 10.92 1.07
333 2.00 109.00 191.00 -9.08 -2.18
333 3.00 166.00 220.00 2.20 -10.46
333 4.00 140.00 nan 2.20 -10.35
334 0.00 169.00 536.00 4.39 -9.46
334 1.00 107.00 93.00 2.37 9.41
334 2.00 103.00 306.00 -6.04 6.04
334 3.00 156.00 nan 11.27 -2.62
335 0.00 144.00 nan 0.31 -0.74
336 0.00 147.00 619.00 0.96 -9.05
336 1.00 139.00 nan 1.38 9.81
337 0.00 111.00 366.00 5.40 -8.72
337 1.00 113.00 321.00 8.13 5.32
337 2.00 216.00 nan -3.50 8.83
338 0.00 156.00 1.00 5.52 -9.23
338 1.00 188.00 nan 5.60 -9.10
339 0.00 118.00 nan 0.25 -9.70
340 nan nan nan nan nan
341 0.00 156.00 nan 9.68 -4.59
342 0.00 153.00 285.00 0.27 -0.52
342 1.00 106.00 690.00 2.72 -9.45
342 2.00 134.00 308.00 6.58 8.39
342 3.00 165.00 103.00 8.71 -6.25
342 4.00 111.00 539.00 2.83 -9.63
342 5.00 183.00 nan 8.95 -6.54
343 nan nan nan nan nan
344 0.00 135.00 nan 1.73 -9.33
345 0.00 126.00 224.00 10.65 0.40
345 1.00 103.00 nan 10.62 -4.11
346 0.00 158.00 551.00 2.49 -9.24
346 1.00 188.00 14.00 9.61 4.80
346 2.00 136.00 68.00 9.69 4.83
346 3.00 276.00 64.00 6.20 7.73
346 4.00 194.00 370.00 9.78 4.39
346 5.00 104.00 nan 6.44 7.80
347 nan nan nan nan nan
348 0.00 136.00 44.00 6.43 -8.81
348 1.00 169.00 251.00 3.41 -9.76
348 2.00 111.00 47.00 2.49 9.56
348 3.00 125.00 809.00 -1.93 9.58
348 4.00 113.00 262.00 8.99 -1.21
348 5.00 140.00 nan 6.68 6.79
349 nan nan nan nan nan
350 0.00 164.00 52.00 -0.10 -0.56
350 1.00 102.00 60.00 3.72 -7.77
350 2.00 152.00 83.00 -5.73 -8.44
350 3.00 138.00 65.00 -7.53 3.74
350 4.00 125.00 72.00 5.81 6.97
350 5.00 223.00 nan 9.88 -6.94
351 0.00 148.00 227.00 0.27 -0.80
351 1.00 146.00 77.00 -5.25 -8.23
351 2.00 136.00 56.00 3.03 -10.38
351 3.00 150.00 190.00 9.09 -6.11
351 4.00 105.00 57.00 4.99 8.11
351 5.00 115.00 93.00 -0.51 8.96
351 6.00 123.00 nan -6.75 5.07
352 0.00 157.00 59.00 -0.27 -0.76
352 1.00 140.00 34.00 -8.34 -1.93
352 2.00 114.00 118.00 -9.03 -3.42
352 3.00 137.00 18.00 4.31 -8.54
352 4.00 188.00 56.00 4.26 -8.65
352 5.00 150.00 45.00 -1.74 -9.88
352 6.00 253.00 nan 2.94 -10.35
353 0.00 122.00 88.00 0.43 -0.95
353 1.00 183.00 61.00 -6.23 -7.28
353 2.00 420.00 77.00 7.20 -7.72
353 3.00 138.00 598.00 8.21 5.46
353 4.00 269.00 nan 7.55 -7.04
354 0.00 107.00 91.00 0.04 -0.29
354 1.00 102.00 45.00 -4.84 -6.88
354 2.00 280.00 51.00 0.54 -9.28
354 3.00 158.00 36.00 5.31 -9.21
354 4.00 302.00 58.00 7.31 -8.74
354 5.00 169.00 184.00 0.77 -10.33
354 6.00 174.00 140.00 -6.93 -6.69
354 7.00 186.00 nan 0.66 -9.50
355 0.00 139.00 277.00 2.32 -9.05
355 1.00 143.00 nan -1.46 11.50
356 0.00 131.00 35.00 1.46 -9.40
356 1.00 114.00 715.00 2.61 -9.65
356 2.00 172.00 117.00 10.30 4.36
356 3.00 131.00 71.00 9.97 -6.23
356 4.00 212.00 nan -8.63 -2.89
357 0.00 117.00 92.00 0.39 -0.85
357 1.00 136.00 417.00 -7.39 -4.06
357 2.00 115.00 148.00 2.04 -9.29
357 3.00 131.00 nan 9.33 -4.21
358 0.00 113.00 266.00 11.17 0.52
358 1.00 115.00 nan 1.91 -9.74
359 0.00 106.00 718.00 0.40 -0.80
359 1.00 108.00 176.00 3.28 -9.31
359 2.00 126.00 499.00 8.46 -5.56
359 3.00 150.00 154.00 6.27 8.40
359 4.00 111.00 106.00 10.56 2.92
359 5.00 112.00 nan -9.58 -1.48
360 0.00 115.00 370.00 0.23 -0.32
360 1.00 114.00 47.00 -4.45 -8.45
360 2.00 147.00 11.00 -7.93 -6.37
360 3.00 107.00 72.00 -7.98 -6.34
360 4.00 148.00 437.00 -8.72 -1.34
360 5.00 161.00 47.00 0.52 9.06
360 6.00 128.00 62.00 5.93 7.93
360 7.00 185.00 67.00 10.68 1.17
360 8.00 130.00 197.00 8.13 -7.50
360 9.00 225.00 66.00 7.85 4.00
360 10.00 177.00 nan 8.95 -6.46
361 nan nan nan nan nan
362 0.00 123.00 319.00 0.30 -0.08
362 1.00 251.00 66.00 1.59 -10.75
362 2.00 270.00 168.00 11.73 -0.36
362 3.00 592.00 9.00 2.58 9.86
362 4.00 105.00 nan 2.75 9.74
363 nan nan nan nan nan
364 nan nan nan nan nan
365 0.00 114.00 208.00 -8.05 -4.32
365 1.00 234.00 165.00 -7.94 -3.39
365 2.00 382.00 53.00 -2.41 -8.69
365 3.00 377.00 64.00 5.70 -8.31
365 4.00 183.00 278.00 10.97 -2.02
365 5.00 168.00 43.00 10.98 5.77
365 6.00 129.00 64.00 10.93 5.52
365 7.00 215.00 19.00 4.50 10.15
365 8.00 184.00 221.00 5.04 10.36
365 9.00 131.00 nan 10.84 5.66
366 0.00 160.00 129.00 -0.30 -0.15
366 1.00 127.00 324.00 -8.76 5.59
366 2.00 178.00 146.00 6.37 9.06
366 3.00 127.00 10.00 10.16 -3.14
366 4.00 485.00 73.00 10.40 -4.01
366 5.00 126.00 85.00 -3.72 -7.41
366 6.00 204.00 nan -3.45 -7.40
367 0.00 155.00 223.00 0.34 -0.17
367 1.00 108.00 143.00 -7.86 -3.25
367 2.00 116.00 290.00 -7.45 -3.61
367 3.00 128.00 55.00 -1.45 -8.61
367 4.00 126.00 1.00 6.68 -8.02
367 5.00 146.00 51.00 6.81 -7.94
367 6.00 152.00 88.00 12.23 -1.99
367 7.00 270.00 438.00 11.72 -1.36
367 8.00 201.00 8.00 4.39 11.20
367 9.00 198.00 144.00 4.64 10.69
367 10.00 141.00 297.00 -3.47 10.92
367 11.00 118.00 97.00 -8.42 3.62
367 12.00 171.00 12.00 -7.24 -3.16
367 13.00 129.00 160.00 -7.74 -3.70
367 14.00 143.00 nan -7.56 -3.62
368 0.00 143.00 484.00 -0.31 -0.33
368 1.00 247.00 224.00 2.67 -8.63
368 2.00 155.00 173.00 11.88 2.85
368 3.00 140.00 5.00 0.42 11.88
368 4.00 134.00 86.00 0.41 11.88
368 5.00 129.00 nan 0.06 11.63
369 0.00 151.00 488.00 -0.19 -0.20
369 1.00 107.00 57.00 -6.72 -5.30
369 2.00 169.00 188.00 0.61 -8.89
369 3.00 260.00 477.00 7.47 -7.04
369 4.00 191.00 21.00 7.38 -6.78
369 5.00 260.00 6.00 7.96 -6.67
369 6.00 255.00 nan 7.62 -6.37
370 0.00 106.00 52.00 -8.60 -0.35
370 1.00 209.00 160.00 -8.88 0.87
370 2.00 122.00 8.00 0.85 -8.84
370 3.00 271.00 168.00 0.96 -8.96
370 4.00 132.00 3.00 11.06 0.92
370 5.00 172.00 17.00 11.20 1.03
370 6.00 192.00 613.00 11.85 1.33
370 7.00 358.00 nan -8.45 1.03
371 nan nan nan nan nan
372 0.00 137.00 329.00 -0.28 -0.51
372 1.00 133.00 4.00 -6.66 -5.92
372 2.00 155.00 245.00 -6.08 -6.13
372 3.00 149.00 122.00 1.26 -9.49
372 4.00 106.00 62.00 1.43 -9.28
372 5.00 153.00 87.00 7.65 -6.71
372 6.00 147.00 316.00 -4.67 -6.45
372 7.00 191.00 62.00 11.34 1.52
372 8.00 112.00 740.00 8.51 7.41
372 9.00 187.00 9.00 2.07 11.40
372 10.00 125.00 32.00 2.08 11.34
372 11.00 223.00 nan 1.68 11.24
373 0.00 156.00 809.00 -0.10 -0.29
373 1.00 269.00 270.00 -2.06 -8.69
373 2.00 340.00 117.00 5.11 -7.97
373 3.00 237.00 346.00 10.81 -2.56
373 4.00 134.00 218.00 10.13 5.15
373 5.00 190.00 64.00 10.95 5.57
373 6.00 142.00 168.00 4.60 9.54
373 7.00 122.00 273.00 4.62 9.70
373 8.00 183.00 79.00 -2.58 10.71
373 9.00 138.00 413.00 -8.12 3.42
373 10.00 108.00 259.00 -8.03 -3.91
373 11.00 116.00 28.00 -2.44 -8.61
373 12.00 114.00 173.00 -2.38 -8.69
373 13.00 135.00 58.00 5.77 -8.38
373 14.00 145.00 7.00 10.26 -2.70
373 15.00 143.00 69.00 10.22 -2.49
373 16.00 272.00 nan 10.24 -2.37
374 nan nan nan nan nan
375 0.00 203.00 1209.00 -0.02 -1.09
375 1.00 103.00 236.00 2.29 -9.33
375 2.00 295.00 61.00 6.58 -7.83
375 3.00 117.00 31.00 10.70 -3.75
375 4.00 412.00 25.00 10.07 -4.28
375 5.00 167.00 143.00 10.01 -4.40
375 6.00 171.00 25.00 5.97 -7.86
375 7.00 151.00 nan 6.30 -7.78
376 0.00 199.00 121.00 0.05 -0.47
376 1.00 125.00 263.00 -9.10 -1.61
376 2.00 286.00 80.00 2.66 -9.26
376 3.00 118.00 25.00 10.85 3.13
376 4.00 203.00 5.00 10.75 2.24
376 5.00 106.00 179.00 11.41 2.19
376 6.00 150.00 57.00 0.01 10.40
376 7.00 104.00 72.00 -0.14 10.90
376 8.00 142.00 nan 0.00 11.04
377 0.00 163.00 336.00 -0.17 -0.48
377 1.00 120.00 98.00 -7.12 -4.75
377 2.00 359.00 833.00 7.05 -7.54
377 3.00 114.00 268.00 -4.26 9.57
377 4.00 146.00 502.00 -4.28 9.98
377 5.00 134.00 157.00 9.99 6.23
377 6.00 149.00 38.00 6.45 -8.13
377 7.00 216.00 114.00 6.96 -7.76
377 8.00 140.00 89.00 -7.20 -4.85
377 9.00 155.00 394.00 -7.21 -5.17
377 10.00 121.00 118.00 -7.01 -4.54
377 11.00 169.00 18.00 -7.10 -4.82
377 12.00 107.00 nan -6.95 -4.75
378 nan nan nan nan nan
379 0.00 143.00 102.00 -8.24 -2.68
379 1.00 146.00 52.00 -5.40 -6.69
379 2.00 148.00 34.00 0.26 -9.09
379 3.00 150.00 59.00 -0.58 -8.99
379 4.00 166.00 26.00 4.88 -8.27
379 5.00 180.00 108.00 4.35 -8.47
379 6.00 415.00 79.00 8.33 -5.61
379 7.00 112.00 177.00 11.17 0.68
379 8.00 123.00 382.00 11.07 -0.35
379 9.00 400.00 1595.00 10.92 3.91
379 10.00 101.00 277.00 -6.83 7.26
379 11.00 104.00 523.00 -8.89 3.36
379 12.00 113.00 nan -8.84 2.43
380 0.00 127.00 354.00 -9.11 3.22
380 1.00 101.00 64.00 -7.76 -4.40
380 2.00 218.00 72.00 -1.24 -8.97
380 3.00 229.00 149.00 6.87 -7.95
380 4.00 107.00 1531.00 11.20 -2.16
380 5.00 105.00 nan -3.46 10.25
381 0.00 125.00 66.00 -8.66 -4.38
381 1.00 118.00 335.00 -7.94 -3.97
381 2.00 111.00 93.00 -7.89 -3.75
381 3.00 184.00 113.00 -0.99 -9.01
381 4.00 127.00 596.00 -1.33 -8.94
381 5.00 195.00 34.00 5.50 -8.33
381 6.00 187.00 849.00 6.22 -8.19
381 7.00 124.00 979.00 -8.51 2.87
381 8.00 163.00 433.00 3.78 10.25
381 9.00 145.00 230.00 10.96 -2.76
381 10.00 112.00 74.00 11.02 -1.65
381 11.00 231.00 234.00 10.85 -1.62
381 12.00 104.00 nan 10.52 -1.65
382 0.00 110.00 1212.00 -0.07 -1.15
382 1.00 152.00 119.00 2.70 -9.22
382 2.00 274.00 426.00 3.54 -9.03
382 3.00 159.00 nan -8.35 -2.11
383 0.00 112.00 424.00 0.22 1.92
383 1.00 147.00 1475.00 -1.65 10.84
383 2.00 211.00 1747.00 -7.95 -2.23
383 3.00 347.00 nan 4.37 -9.00
384 0.00 187.00 nan 5.48 -8.93
385 0.00 124.00 51.00 -9.30 -1.17
385 1.00 146.00 403.00 -8.61 -0.55
385 2.00 226.00 199.00 2.22 -9.39
385 3.00 120.00 918.00 11.58 0.80
385 4.00 132.00 nan 0.47 10.58
386 0.00 156.00 1255.00 -0.22 -0.40
386 1.00 178.00 24.00 9.40 -5.28
386 2.00 220.00 67.00 8.79 -5.28
386 3.00 297.00 nan -5.80 -7.13
387 nan nan nan nan nan
388 0.00 102.00 48.00 3.50 -9.08
388 1.00 128.00 9.00 9.22 -5.50
388 2.00 104.00 nan 9.38 -5.32
389 0.00 143.00 260.00 -8.45 -4.30
389 1.00 129.00 4.00 -3.76 -8.35
389 2.00 123.00 53.00 -3.80 -8.48
389 3.00 266.00 44.00 1.24 -9.46
389 4.00 163.00 20.00 5.93 -8.00
389 5.00 277.00 56.00 5.91 -8.53
389 6.00 216.00 92.00 9.39 -5.25
389 7.00 176.00 nan 11.13 0.34
390 0.00 113.00 280.00 -8.49 -3.38
390 1.00 230.00 61.00 -1.14 -9.18
390 2.00 262.00 635.00 3.80 -9.17
390 3.00 117.00 10.00 10.99 -1.52
390 4.00 103.00 2822.00 11.07 -1.46
390 5.00 179.00 1264.00 -8.96 2.43
390 6.00 112.00 nan -8.16 1.99
391 0.00 128.00 57.00 10.53 -2.58
391 1.00 137.00 120.00 4.48 -8.27
391 2.00 207.00 2578.00 5.38 -8.35
391 3.00 142.00 nan -2.92 -8.95
392 0.00 242.00 66.00 1.55 -9.32
392 1.00 111.00 138.00 7.25 -6.59
392 2.00 161.00 2102.00 8.06 -6.31
392 3.00 169.00 108.00 -8.67 -0.36
392 4.00 213.00 nan -8.93 0.13
393 0.00 110.00 262.00 -6.21 -6.15
393 1.00 103.00 2.00 7.87 -6.89
393 2.00 123.00 14.00 7.82 -6.85
393 3.00 115.00 nan 7.86 -6.81
394 0.00 140.00 23.00 -8.32 -3.24
394 1.00 126.00 nan -8.64 -3.17
395 0.00 119.00 948.00 -8.13 -1.91
395 1.00 124.00 1802.00 -6.99 6.02
395 2.00 114.00 8.00 11.63 0.24
395 3.00 130.00 57.00 11.56 0.17
395 4.00 156.00 30.00 8.69 -5.31
395 5.00 253.00 38.00 9.34 -5.25
395 6.00 169.00 686.00 9.61 -5.24
395 7.00 109.00 16.00 9.69 -5.17
395 8.00 119.00 nan 9.59 -5.29
396 nan nan nan nan nan
397 0.00 109.00 125.00 4.41 -7.88
397 1.00 434.00 nan 4.37 -8.66
398 0.00 211.00 123.00 -4.41 -7.52
398 1.00 181.00 64.00 3.60 -9.59
398 2.00 157.00 1035.00 10.21 -5.37
398 3.00 128.00 nan -0.27 9.77
399 0.00 128.00 2199.00 -0.04 -1.88
399 1.00 129.00 nan 11.79 -0.43
400 0.00 107.00 306.00 -0.26 -1.28
400 1.00 118.00 43.00 -8.46 -0.98
400 2.00 116.00 3496.00 -8.48 -0.84
400 3.00 169.00 346.00 10.63 -3.13
400 4.00 134.00 36.00 6.78 -7.03
400 5.00 262.00 226.00 7.44 -7.37
400 6.00 134.00 72.00 7.31 -7.33
400 7.00 145.00 156.00 -2.67 -8.42
400 8.00 103.00 nan -2.24 -8.65
401 0.00 141.00 33.00 6.24 -8.04
401 1.00 167.00 245.00 5.92 -8.28
401 2.00 104.00 2491.00 10.86 -1.54
401 3.00 120.00 515.00 -6.99 -4.34
401 4.00 195.00 76.00 6.16 -7.99
401 5.00 126.00 nan 10.84 -2.35
402 0.00 174.00 239.00 -3.47 -7.45
402 1.00 264.00 937.00 9.93 -4.26
402 2.00 128.00 33.00 10.60 -2.80
402 3.00 218.00 nan 9.64 -4.10
403 0.00 178.00 38.00 5.32 -8.30
403 1.00 149.00 272.00 5.94 -8.20
403 2.00 137.00 2549.00 10.13 -1.99
403 3.00 104.00 811.00 10.85 -1.95
403 4.00 123.00 276.00 -7.45 -4.66
403 5.00 147.00 34.00 6.79 -7.99
403 6.00 346.00 408.00 5.50 -7.93
403 7.00 129.00 19.00 10.54 -1.75
403 8.00 115.00 231.00 10.24 -1.80
403 9.00 240.00 nan 10.50 -1.77
404 0.00 182.00 232.00 -9.68 -0.82
404 1.00 188.00 265.00 -8.33 -3.53
404 2.00 165.00 556.00 -4.96 -7.85
404 3.00 201.00 73.00 -5.08 -7.60
404 4.00 153.00 25.00 -5.06 -7.62
404 5.00 125.00 nan -5.02 -7.51
405 0.00 127.00 161.00 -8.75 2.73
405 1.00 166.00 225.00 -8.75 -1.52
405 2.00 279.00 183.00 -6.78 -6.53
405 3.00 125.00 148.00 -1.35 -8.93
405 4.00 495.00 270.00 7.46 -6.30
405 5.00 294.00 1073.00 10.53 -2.28
405 6.00 151.00 nan 10.28 -2.18
406 0.00 139.00 35.00 6.67 -6.31
406 1.00 173.00 78.00 7.66 -6.80
406 2.00 178.00 98.00 -6.24 -6.57
406 3.00 105.00 nan -6.60 -6.17
407 0.00 111.00 89.00 1.75 -8.71
407 1.00 136.00 1252.00 1.55 -9.17
407 2.00 142.00 nan 11.77 1.01
408 0.00 149.00 95.00 0.38 -8.55
408 1.00 158.00 44.00 1.55 -9.41
408 2.00 186.00 1061.00 1.16 -9.25
408 3.00 155.00 534.00 2.34 -8.49
408 4.00 188.00 24.00 -9.00 0.28
408 5.00 129.00 693.00 -8.99 0.19
408 6.00 229.00 nan -9.20 0.02
409 0.00 102.00 637.00 -7.32 -4.41
409 1.00 147.00 33.00 5.87 -8.02
409 2.00 116.00 119.00 5.57 -8.70
409 3.00 164.00 nan 9.43 -2.55
410 0.00 101.00 143.00 -3.40 -8.47
410 1.00 256.00 128.00 4.49 -8.11
410 2.00 185.00 nan 8.94 -4.04
411 0.00 106.00 51.00 2.77 -8.70
411 1.00 113.00 226.00 2.80 -8.65
411 2.00 188.00 200.00 11.28 2.14
411 3.00 231.00 325.00 0.36 11.06
411 4.00 108.00 nan -8.24 -1.30
412 nan nan nan nan nan
413 0.00 194.00 37.00 2.14 -9.46
413 1.00 130.00 89.00 2.85 -9.33
413 2.00 236.00 197.00 7.13 -7.29
413 3.00 205.00 nan 10.47 -2.95
414 0.00 104.00 207.00 -8.43 -1.28
414 1.00 105.00 65.00 -6.71 -5.95
414 2.00 102.00 98.00 -6.62 -5.79
414 3.00 131.00 424.00 -2.42 -8.82
414 4.00 219.00 45.00 3.55 -9.34
414 5.00 191.00 1.00 7.55 -7.14
414 6.00 107.00 181.00 7.59 -6.98
414 7.00 130.00 4046.00 10.82 -2.16
414 8.00 124.00 238.00 -8.74 -1.58
414 9.00 120.00 nan -9.14 -1.72
415 0.00 106.00 31.00 -2.63 9.67
415 1.00 132.00 nan -2.62 9.50
416 0.00 110.00 589.00 -0.15 -1.23
416 1.00 126.00 nan -4.72 -8.06
417 0.00 157.00 nan -0.11 -1.95
418 0.00 166.00 114.00 -3.31 -8.67
418 1.00 128.00 nan 10.10 -4.46
419 nan nan nan nan nan
420 0.00 144.00 355.00 -9.16 -3.12
420 1.00 114.00 9.00 -4.57 -7.70
420 2.00 102.00 267.00 -4.61 -7.82
420 3.00 112.00 85.00 3.43 -9.10
420 4.00 152.00 49.00 8.60 -6.30
420 5.00 126.00 nan 9.01 -5.45
421 nan nan nan nan nan
422 0.00 142.00 80.00 0.31 -1.34
422 1.00 133.00 39.00 -6.41 -6.31
422 2.00 207.00 55.00 -5.60 -6.62
422 3.00 290.00 19.00 0.88 -9.61
422 4.00 124.00 159.00 1.19 -9.62
422 5.00 135.00 57.00 7.93 -7.06
422 6.00 284.00 1198.00 12.14 -0.01
422 7.00 164.00 8.00 9.51 7.00
422 8.00 103.00 nan 9.59 7.13
423 nan nan nan nan nan
424 0.00 302.00 591.00 -8.28 -2.41
424 1.00 104.00 1223.00 -1.60 9.95
424 2.00 606.00 nan 9.80 -4.92
425 0.00 260.00 2937.00 -8.89 1.46
425 1.00 129.00 189.00 11.17 3.71
425 2.00 139.00 160.00 7.94 -5.77
425 3.00 234.00 4.00 8.01 -6.04
425 4.00 226.00 56.00 7.83 -6.01
425 5.00 103.00 308.00 3.62 -8.90
425 6.00 171.00 15.00 4.34 -8.99
425 7.00 103.00 265.00 4.43 -8.82
425 8.00 160.00 42.00 -0.25 -9.39
425 9.00 148.00 67.00 -0.24 -9.28
425 10.00 193.00 389.00 -5.31 -7.58
425 11.00 208.00 146.00 -8.82 -3.84
425 12.00 112.00 nan -8.91 0.75
426 0.00 252.00 nan -3.38 -8.60
427 0.00 219.00 nan 8.88 -5.79
428 0.00 155.00 58.00 0.16 -1.38
428 1.00 126.00 111.00 -8.72 -1.70
428 2.00 247.00 65.00 -8.42 -3.08
428 3.00 119.00 3104.00 -8.60 0.14
428 4.00 132.00 74.00 8.79 -6.04
428 5.00 243.00 2.00 4.24 -8.58
428 6.00 293.00 200.00 4.22 -8.54
428 7.00 110.00 10.00 8.10 -6.03
428 8.00 214.00 nan 8.12 -5.89
429 0.00 156.00 73.00 -4.65 -8.15
429 1.00 169.00 196.00 0.19 -9.82
429 2.00 498.00 121.00 4.68 -8.69
429 3.00 227.00 4033.00 8.94 -5.60
429 4.00 136.00 187.00 -8.48 -4.00
429 5.00 123.00 151.00 -8.36 -3.96
429 6.00 197.00 37.00 -4.97 -7.73
429 7.00 242.00 10.00 -5.66 -7.62
429 8.00 193.00 932.00 -5.53 -7.67
429 9.00 139.00 35.00 5.47 -7.93
429 10.00 109.00 200.00 4.94 -8.66
429 11.00 101.00 129.00 0.04 -9.33
429 12.00 164.00 nan 0.20 -9.17
430 0.00 126.00 137.00 -7.96 -4.21
430 1.00 319.00 15.00 5.37 -7.90
430 2.00 247.00 1417.00 5.62 -8.41
430 3.00 170.00 19.00 6.05 -8.74
430 4.00 239.00 80.00 6.05 -8.33
430 5.00 105.00 nan -6.26 -4.71
431 0.00 309.00 62.00 -7.32 -5.78
431 1.00 128.00 161.00 -2.34 -8.84
431 2.00 257.00 49.00 2.87 -9.43
431 3.00 371.00 959.00 7.34 -7.68
431 4.00 111.00 nan 10.35 5.09
432 0.00 143.00 191.00 10.86 -2.15
432 1.00 195.00 41.00 7.71 -6.61
432 2.00 134.00 31.00 7.98 -6.69
432 3.00 151.00 58.00 8.02 -6.52
432 4.00 259.00 65.00 3.88 -8.68
432 5.00 143.00 122.00 -1.14 -9.06
432 6.00 280.00 860.00 -5.89 -7.25
432 7.00 101.00 52.00 -8.28 -2.20
432 8.00 135.00 nan -8.78 -2.92
433 nan nan nan nan nan
434 0.00 114.00 1406.00 -8.97 -1.96
434 1.00 102.00 206.00 -2.92 -8.94
434 2.00 351.00 69.00 2.05 -9.47
434 3.00 299.00 3945.00 6.97 -7.80
434 4.00 248.00 nan -8.89 -0.77
435 0.00 133.00 69.00 5.16 -7.93
435 1.00 123.00 680.00 5.95 -8.55
435 2.00 131.00 nan -3.31 9.44
436 0.00 122.00 303.00 0.33 -1.34
436 1.00 103.00 332.00 -7.31 -4.82
436 2.00 118.00 99.00 -0.30 -9.34
436 3.00 102.00 167.00 -0.74 -9.00
436 4.00 150.00 69.00 -7.37 -4.93
436 5.00 102.00 42.00 2.93 -7.30
436 6.00 149.00 nan 6.30 -8.12
437 0.00 156.00 511.00 0.18 -1.59
437 1.00 140.00 275.00 -4.03 -8.47
437 2.00 178.00 131.00 4.85 -9.12
437 3.00 116.00 120.00 4.11 -9.18
437 4.00 148.00 nan 4.14 -9.08
438 0.00 287.00 76.00 10.14 -3.53
438 1.00 145.00 807.00 10.33 -3.30
438 2.00 143.00 147.00 10.40 -4.06
438 3.00 106.00 nan 10.12 -3.32
439 nan nan nan nan nan
440 0.00 118.00 416.00 -9.35 -1.56
440 1.00 133.00 432.00 -4.63 -7.94
440 2.00 136.00 1041.00 9.50 -4.98
440 3.00 214.00 nan 9.09 -4.93
441 0.00 131.00 nan -0.86 -8.18
442 0.00 162.00 533.00 -6.37 -7.01
442 1.00 172.00 83.00 5.37 -8.54
442 2.00 111.00 95.00 3.66 -9.61
442 3.00 145.00 48.00 8.04 -7.05
442 4.00 127.00 55.00 7.89 -6.78
442 5.00 184.00 27.00 11.18 -2.51
442 6.00 165.00 nan 11.15 -2.43
443 0.00 136.00 48.00 11.56 -0.47
443 1.00 136.00 94.00 11.17 -1.17
443 2.00 141.00 229.00 8.39 -6.05
443 3.00 206.00 141.00 8.26 -5.77
443 4.00 105.00 530.00 4.33 -8.16
443 5.00 132.00 999.00 -6.74 -6.72
443 6.00 208.00 nan -7.19 6.61
444 0.00 251.00 2.00 -4.15 -8.50
444 1.00 138.00 143.00 -4.10 -8.43
444 2.00 126.00 37.00 4.53 -8.97
444 3.00 146.00 65.00 3.78 -9.08
444 4.00 115.00 638.00 -8.21 -3.66
444 5.00 128.00 1816.00 9.39 -5.48
444 6.00 200.00 nan 10.00 -5.15
445 0.00 155.00 30.00 7.48 -7.81
445 1.00 185.00 nan 6.69 -7.70
446 0.00 136.00 209.00 -8.98 -3.83
446 1.00 164.00 459.00 -5.75 -6.45
446 2.00 125.00 264.00 -0.67 -9.23
446 3.00 134.00 80.00 4.67 -8.51
446 4.00 106.00 210.00 9.44 -4.17
446 5.00 114.00 188.00 8.49 -5.87
446 6.00 125.00 89.00 10.54 -3.71
446 7.00 150.00 4354.00 8.62 -5.95
446 8.00 121.00 420.00 -9.73 1.73
446 9.00 116.00 805.00 -9.14 -2.81
446 10.00 164.00 21.00 -6.40 -6.84
446 11.00 327.00 nan -6.36 -7.00
447 0.00 262.00 620.00 -2.51 -8.89
447 1.00 165.00 106.00 5.97 -8.07
447 2.00 124.00 819.00 11.09 -3.66
447 3.00 115.00 152.00 10.35 -2.70
447 4.00 284.00 nan 5.27 -8.62
448 0.00 112.00 148.00 -8.68 -4.23
448 1.00 123.00 197.00 -5.14 -8.09
448 2.00 119.00 25.00 0.57 -9.42
448 3.00 149.00 64.00 0.39 -9.53
448 4.00 238.00 66.00 -5.03 -8.14
448 5.00 278.00 nan 5.33 -8.49
449 0.00 139.00 30.00 4.14 -9.43
449 1.00 118.00 159.00 3.37 -9.83
449 2.00 117.00 600.00 3.30 -9.55
449 3.00 108.00 nan 10.75 -3.35
450 0.00 138.00 1469.00 -9.27 -1.85
450 1.00 176.00 405.00 -4.66 -8.22
450 2.00 142.00 30.00 6.43 -7.99
450 3.00 297.00 274.00 5.53 -8.58
450 4.00 108.00 68.00 9.05 -5.50
450 5.00 144.00 18.00 1.02 -8.82
450 6.00 321.00 43.00 0.78 -9.39
450 7.00 375.00 490.00 5.53 -8.38
450 8.00 146.00 56.00 9.51 -4.54
450 9.00 241.00 nan 11.46 0.41
451 0.00 228.00 64.00 -2.09 -8.94
451 1.00 152.00 286.00 10.24 -4.28
451 2.00 195.00 1051.00 10.99 -3.16
451 3.00 237.00 nan 10.88 -3.08
452 0.00 151.00 40.00 6.76 -6.70
452 1.00 117.00 129.00 7.52 -7.38
452 2.00 105.00 69.00 -6.72 -6.41
452 3.00 105.00 69.00 -7.12 -5.87
452 4.00 171.00 82.00 6.84 -7.07
452 5.00 166.00 nan 7.26 -7.14
453 0.00 227.00 789.00 10.11 -3.71
453 1.00 379.00 nan 10.07 -3.96
454 0.00 238.00 14.00 7.58 -6.74
454 1.00 174.00 800.00 7.95 -6.41
454 2.00 121.00 95.00 7.74 -5.71
454 3.00 136.00 529.00 -5.76 -6.33
454 4.00 111.00 nan -6.65 -6.53
455 0.00 190.00 2.00 2.33 -8.99
455 1.00 111.00 nan 2.50 -8.99
456 nan nan nan nan nan
457 0.00 130.00 95.00 -0.33 -0.67
457 1.00 101.00 97.00 -0.98 -8.39
457 2.00 128.00 22.00 0.73 -9.00
457 3.00 141.00 nan 0.87 -9.04
458 0.00 112.00 nan -0.01 -0.73
459 0.00 140.00 8.00 10.22 -3.36
459 1.00 124.00 262.00 10.18 -3.24
459 2.00 125.00 nan -2.00 -9.12
460 0.00 103.00 215.00 2.36 -9.43
460 1.00 212.00 557.00 8.30 -6.15
460 2.00 156.00 9.00 2.57 -9.91
460 3.00 119.00 1822.00 2.59 -9.71
460 4.00 152.00 99.00 8.56 -5.86
460 5.00 234.00 637.00 8.33 -5.86
460 6.00 113.00 538.00 2.45 -9.10
460 7.00 156.00 nan 8.57 -5.29
461 nan nan nan nan nan
462 nan nan nan nan nan
463 0.00 102.00 671.00 -0.22 -0.97
463 1.00 126.00 27.00 -1.33 -8.72
463 2.00 162.00 nan -1.35 -8.74
464 nan nan nan nan nan
465 0.00 166.00 24.00 2.73 -8.91
465 1.00 218.00 15.00 2.28 -9.51
465 2.00 255.00 12.00 2.31 -9.50
465 3.00 125.00 1.00 2.31 -9.36
465 4.00 112.00 nan 2.20 -9.29
466 0.00 111.00 640.00 0.64 -0.87
466 1.00 127.00 50.00 5.74 -7.38
466 2.00 224.00 nan 6.70 -7.60
467 0.00 152.00 218.00 0.21 -0.92
467 1.00 180.00 154.00 -7.50 -6.14
467 2.00 162.00 31.00 -0.72 -8.59
467 3.00 182.00 49.00 0.30 -8.81
467 4.00 114.00 99.00 7.37 -7.14
467 5.00 101.00 116.00 7.33 -7.07
467 6.00 104.00 nan 7.22 -6.82
468 0.00 102.00 81.00 -0.91 -8.88
468 1.00 110.00 197.00 -1.53 -8.92
468 2.00 159.00 116.00 5.98 -7.98
468 3.00 123.00 nan 6.55 -7.72
469 0.00 178.00 277.00 -6.42 -6.44
469 1.00 227.00 38.00 0.88 -9.29
469 2.00 196.00 558.00 0.97 -9.18
469 3.00 147.00 nan -5.92 -6.78
470 nan nan nan nan nan
471 nan nan nan nan nan
472 nan nan nan nan nan
473 0.00 118.00 278.00 -8.24 -4.11
473 1.00 102.00 217.00 -1.52 -8.92
473 2.00 102.00 nan 6.10 -7.71
474 nan nan nan nan nan
475 nan nan nan nan nan
476 0.00 102.00 10.00 -3.49 -8.55
476 1.00 141.00 42.00 -3.42 -8.46
476 2.00 243.00 274.00 2.09 -9.30
476 3.00 127.00 84.00 6.92 -7.50
476 4.00 141.00 nan 9.99 -4.51
477 nan nan nan nan nan
478 nan nan nan nan nan
479 0.00 121.00 263.00 -7.63 -5.88
479 1.00 101.00 22.00 7.34 -7.40
479 2.00 127.00 1102.00 7.35 -7.61
479 3.00 106.00 300.00 -6.59 -5.20
479 4.00 181.00 nan -7.07 -5.85
480 0.00 286.00 663.00 -4.90 -7.76
480 1.00 196.00 61.00 3.35 -8.89
480 2.00 144.00 133.00 8.94 -5.65
480 3.00 203.00 2615.00 9.69 -5.00
480 4.00 187.00 nan -9.44 -1.70
