blk	trl	target	search	nitems	rot_offset	tpos_x	tpos_y	rt	button
1	2	0	1	12	24	-398.48	34.86	15435	7
1	3	0	0	8	38	0.00	0.00	6385	6
1	4	0	0	4	31	0.00	0.00	3130	6
1	5	0	1	4	16	382.52	116.95	6480	7
1	6	0	1	8	43	-6.98	-399.94	5134	7
1	7	0	1	8	4	-306.42	257.12	5236	7
1	8	0	1	8	25	378.21	-130.23	4693	7
1	9	0	1	8	30	96.77	388.12	2579	7
1	10	0	1	8	14	386.37	103.53	3730	7
1	11	0	1	8	4	-34.86	398.48	2883	7
1	12	0	0	12	1	0.00	0.00	10640	6
1	13	0	0	4	30	0.00	0.00	3107	6
1	14	0	0	4	5	0.00	0.00	3397	6
1	15	0	1	8	33	-76.32	-392.65	5799	7
1	16	0	0	4	40	0.00	0.00	2592	6
1	17	0	0	8	37	0.00	0.00	3974	6
1	18	0	1	12	8	373.43	-143.35	5716	7
1	19	0	1	12	23	-235.11	-323.61	6574	7
1	20	0	1	12	23	41.81	397.81	10632	7
1	21	0	1	12	5	235.11	-323.61	6333	7
1	22	0	1	12	12	-272.80	292.54	6424	7
1	23	0	1	4	73	110.25	384.50	3930	7
1	24	0	1	4	15	-384.50	-110.25	2991	7
1	25	0	1	4	47	-267.65	-297.26	1951	7
1	26	0	1	8	5	251.73	310.86	7067	7
1	27	0	0	12	24	0.00	0.00	7249	6
1	28	0	0	12	6	0.00	0.00	8642	6
1	29	0	0	4	83	0.00	0.00	3361	6
1	30	0	1	4	11	-391.26	-83.16	2156	7
1	31	0	1	8	30	-388.12	96.77	3092	7
1	32	0	1	4	43	-277.86	287.74	1755	7
1	33	0	1	12	18	392.65	-76.32	7686	7
1	34	0	0	4	84	0.00	0.00	4720	6
1	35	0	0	8	4	0.00	0.00	5110	6
1	36	0	0	8	42	0.00	0.00	5306	6
1	37	0	0	8	24	0.00	0.00	5956	6
1	38	0	1	12	18	301.88	-262.42	4545	7
1	39	0	0	12	22	0.00	0.00	6118	6
1	40	0	0	4	25	0.00	0.00	3570	6
1	41	0	0	12	23	0.00	0.00	9027	6
1	42	0	1	8	18	359.52	-175.35	5308	7
1	43	0	0	4	64	0.00	0.00	3040	6
1	44	0	1	4	75	-388.12	96.77	5502	7
1	45	0	1	12	25	27.90	399.03	2982	7
1	46	0	1	8	6	397.02	48.75	4214	7
1	47	0	1	12	28	-206.02	-342.87	5370	7
1	48	0	0	8	5	0.00	0.00	4603	6
1	49	0	1	12	2	181.60	356.40	6807	6
1	50	0	0	8	1	0.00	0.00	3806	6
1	51	0	1	4	77	-391.26	83.16	2117	7
1	52	0	0	8	15	0.00	0.00	9468	6
1	53	0	0	12	17	0.00	0.00	7425	6
1	54	0	0	12	8	0.00	0.00	6633	6
1	55	0	1	4	36	-319.45	-240.73	2283	7
1	56	0	0	8	9	0.00	0.00	5097	6
1	57	0	1	4	67	-149.84	-370.87	3988	7
1	58	0	0	8	13	0.00	0.00	4312	6
1	59	0	0	12	14	0.00	0.00	6539	6
1	60	0	0	12	18	0.00	0.00	8031	6
1	61	0	1	8	1	-292.54	272.80	4162	7
1	62	0	0	12	11	0.00	0.00	7363	6
1	63	0	0	4	86	0.00	0.00	3821	6
1	64	0	0	4	59	0.00	0.00	2207	6
1	65	0	0	12	16	0.00	0.00	4873	6
1	66	0	0	8	24	0.00	0.00	3463	6
1	67	0	0	4	19	0.00	0.00	2050	6
1	68	0	1	4	18	-378.21	-130.23	4969	7
1	69	0	1	8	44	-400.00	0.00	2094	7
1	70	0	0	4	9	0.00	0.00	3092	6
1	71	0	1	4	41	-297.26	-267.65	2065	7
1	72	0	0	12	5	0.00	0.00	6217	6
1	73	0	1	4	54	-229.43	-327.66	4081	7
1	74	0	0	4	71	0.00	0.00	2615	6
1	75	0	0	8	24	0.00	0.00	4949	6
1	76	0	0	12	0	0.00	0.00	7887	6
1	77	0	1	12	29	346.41	-200.00	4655	7
1	78	0	1	12	9	-69.46	393.92	2727	7
1	79	0	1	4	72	-116.95	-382.52	2595	7
1	80	0	1	8	17	356.40	-181.60	4640	7
1	81	0	1	8	9	393.92	69.46	3998	7
1	82	0	1	12	21	-315.20	246.26	1753	7
1	83	0	1	12	2	181.60	356.40	3480	7
1	84	0	1	8	40	-27.90	-399.03	5478	7
1	85	0	1	8	23	-162.69	365.42	2465	7
1	86	0	1	12	25	-399.03	27.90	7200	7
1	87	0	1	4	74	386.37	-103.53	2507	7
1	88	0	1	4	31	-339.22	-211.97	2201	7
1	89	0	0	8	0	0.00	0.00	6743	6
1	90	0	1	12	8	-373.43	143.35	2646	7
1	91	0	0	12	18	0.00	0.00	8505	6
1	92	0	0	4	62	0.00	0.00	3105	6
1	93	0	1	12	9	69.46	-393.92	6652	7
1	94	0	1	12	15	277.86	287.74	8964	7
1	95	0	0	8	16	0.00	0.00	5434	6
1	96	0	1	4	26	356.40	181.60	2839	7
1	97	0	0	12	17	0.00	0.00	8410	6
1	98	0	0	8	31	0.00	0.00	4288	6
1	99	0	0	4	5	0.00	0.00	3014	6
1	100	0	0	12	20	0.00	0.00	9004	6
1	101	0	1	4	4	398.48	34.86	2459	7
1	102	0	0	12	28	0.00	0.00	6380	6
1	103	0	0	12	27	0.00	0.00	6052	6
1	104	0	0	4	31	0.00	0.00	4063	6
1	105	0	1	8	21	149.84	-370.87	4587	7
1	106	0	0	4	37	0.00	0.00	2870	6
1	107	0	0	8	31	0.00	0.00	4878	6
1	108	0	1	8	1	292.54	-272.80	5335	7
1	109	0	1	4	28	349.85	193.92	5063	7
1	110	0	0	12	21	0.00	0.00	9812	6
1	111	0	0	8	31	0.00	0.00	3832	6
1	112	0	0	8	23	0.00	0.00	4270	6
1	113	0	0	8	13	0.00	0.00	4204	6
1	114	0	0	4	69	0.00	0.00	3890	6
1	115	0	1	4	12	-89.98	389.75	3602	7
1	116	0	0	4	58	0.00	0.00	2347	6
1	117	0	0	8	5	0.00	0.00	5260	6
1	118	0	0	4	11	0.00	0.00	2188	6
1	119	0	1	8	12	89.98	-389.75	4787	7
1	120	0	1	12	24	229.43	327.66	4637	7
1	121	2	0	8	31	0.00	0.00	2658	6
1	122	2	1	4	72	116.95	382.52	1641	7
1	123	2	0	4	83	0.00	0.00	1455	6
1	124	2	0	8	11	0.00	0.00	2080	6
1	125	2	0	12	0	0.00	0.00	2662	6
1	126	2	0	4	74	0.00	0.00	1649	6
1	127	2	0	12	24	0.00	0.00	2917	6
1	128	2	0	12	2	0.00	0.00	4406	6
1	129	2	1	4	64	-169.05	-362.52	1919	7
1	130	2	0	12	17	0.00	0.00	3687	6
1	131	2	1	12	5	235.11	-323.61	1990	7
1	132	2	0	8	13	0.00	0.00	2784	6
1	133	2	0	12	4	0.00	0.00	3658	6
1	134	2	1	8	44	-282.84	282.84	2663	7
1	135	2	0	12	25	0.00	0.00	3314	6
1	136	2	0	4	50	0.00	0.00	1510	6
1	137	2	1	8	37	-397.02	48.75	1606	7
1	138	2	1	12	18	378.21	130.23	3051	7
1	139	2	1	8	5	310.86	-251.73	1897	7
1	140	2	0	8	44	0.00	0.00	2381	6
1	141	2	1	4	28	-349.85	-193.92	1520	7
1	142	2	0	12	8	0.00	0.00	3304	6
1	143	2	0	8	37	0.00	0.00	3660	6
1	144	2	1	8	42	272.80	-292.54	1665	7
1	145	2	1	8	25	-175.35	359.52	2204	7
1	146	2	0	4	64	0.00	0.00	1490	6
1	147	2	1	4	7	396.11	55.67	1421	7
1	148	2	1	12	10	378.21	-130.23	1651	7
1	149	2	0	4	57	0.00	0.00	1428	6
1	150	2	1	4	52	240.73	319.45	1128	7
1	151	2	0	8	8	0.00	0.00	2497	6
1	152	2	0	8	37	0.00	0.00	2710	6
1	153	2	0	4	59	0.00	0.00	1121	6
1	154	2	0	8	16	0.00	0.00	2036	6
1	155	2	0	12	12	0.00	0.00	3562	6
1	156	2	0	12	20	0.00	0.00	2974	6
1	157	2	1	8	24	-362.52	-169.05	2576	6
1	158	2	1	12	24	362.52	169.05	3595	7
1	159	2	1	4	14	386.37	103.53	1487	7
1	160	2	0	4	22	0.00	0.00	1447	6
1	161	2	0	12	15	0.00	0.00	4325	6
1	162	2	1	4	42	-292.54	-272.80	1171	7
1	163	2	0	4	37	0.00	0.00	1410	6
1	164	2	0	4	85	0.00	0.00	1678	6
1	165	2	1	4	71	-123.61	-380.42	1184	7
1	166	2	0	4	14	0.00	0.00	1286	6
1	167	2	1	4	77	391.26	-83.16	1405	7
1	168	2	1	8	26	356.40	181.60	2472	7
1	169	2	0	12	18	0.00	0.00	3314	6
1	170	2	0	8	7	0.00	0.00	3000	6
1	171	2	1	12	7	396.11	55.67	2482	7
1	172	2	1	4	19	136.81	-375.88	1042	7
1	173	2	0	12	22	0.00	0.00	3477	6
1	174	2	0	4	79	0.00	0.00	1427	6
1	175	2	1	8	2	20.93	-399.45	1367	7
1	176	2	1	8	37	-315.20	-246.26	1274	7
1	177	2	1	4	52	240.73	319.45	1395	7
1	178	2	0	12	21	0.00	0.00	3654	6
1	179	2	0	8	15	0.00	0.00	2259	6
1	180	2	1	12	12	-389.75	-89.98	1259	7
1	181	2	0	12	2	0.00	0.00	3662	6
1	182	2	1	8	32	391.26	-83.16	2124	7
1	183	2	0	4	11	0.00	0.00	1589	6
1	184	2	0	8	33	0.00	0.00	3742	6
1	185	2	1	8	11	335.47	-217.86	1446	7
1	186	2	1	12	28	342.87	-206.02	1964	7
1	187	2	1	8	38	397.81	-41.81	1830	7
1	188	2	1	12	6	368.20	-156.29	1677	7
1	189	2	0	4	55	0.00	0.00	1461	6
1	190	2	0	4	80	0.00	0.00	1394	6
1	191	2	0	8	42	0.00	0.00	2155	6
1	192	2	1	4	19	136.81	-375.88	1352	7
1	193	2	1	12	21	-246.26	-315.20	2589	7
1	194	2	1	8	21	-368.20	156.29	2545	7
1	195	2	1	4	48	301.88	-262.42	1525	7
1	196	2	1	12	2	399.45	20.93	3262	7
1	197	2	0	12	29	0.00	0.00	3195	6
1	198	2	1	12	6	240.73	-319.45	1794	7
1	199	2	0	12	25	0.00	0.00	4320	6
1	200	2	1	12	10	-262.42	301.88	2989	7
1	201	2	1	8	20	143.35	-373.43	2447	7
1	202	2	1	12	10	-130.23	-378.21	1911	7
1	203	2	0	4	18	0.00	0.00	2156	6
1	204	2	1	8	8	62.57	-395.08	2479	7
1	205	2	0	8	43	0.00	0.00	2512	6
1	206	2	1	12	27	-339.22	211.97	1389	7
1	207	2	1	12	27	-399.76	13.96	1366	7
1	208	2	1	4	77	-391.26	83.16	1381	7
1	209	2	0	8	7	0.00	0.00	3171	6
1	210	2	1	4	4	398.48	34.86	1334	7
1	211	2	1	8	15	349.85	-193.92	1650	7
1	212	2	1	12	5	-323.61	-235.11	2670	6
1	213	2	0	8	29	0.00	0.00	1940	6
1	214	2	0	12	21	0.00	0.00	2333	6
1	215	2	1	12	0	-206.02	342.87	1569	7
1	216	2	0	4	15	0.00	0.00	1527	6
1	217	2	1	12	16	292.54	-272.80	1927	7
1	218	2	1	4	45	-277.86	-287.74	1563	7
1	219	2	1	12	0	6.98	-399.94	2831	7
1	220	2	1	4	49	-257.12	-306.42	1407	7
1	221	2	1	4	17	-123.61	380.42	1691	7
1	222	2	0	12	23	0.00	0.00	2839	6
1	223	2	0	4	14	0.00	0.00	1842	6
1	224	2	1	8	37	315.20	246.26	1602	7
1	225	2	0	8	26	0.00	0.00	2791	6
1	226	2	0	8	0	0.00	0.00	2079	6
1	227	2	1	8	27	-116.95	-382.52	2132	7
1	228	2	1	8	5	310.86	-251.73	1755	7
1	229	2	0	8	37	0.00	0.00	2192	6
1	230	2	1	8	35	62.57	395.08	1349	7
1	231	2	0	4	85	0.00	0.00	1334	6
1	232	2	1	4	84	398.48	-34.86	1330	7
1	233	2	0	12	18	0.00	0.00	4882	6
1	234	2	0	8	43	0.00	0.00	2031	6
1	235	2	1	12	17	-380.42	-123.61	2450	6
1	236	2	0	4	44	0.00	0.00	1609	6
1	237	2	0	4	24	0.00	0.00	1877	6
1	238	2	0	8	40	0.00	0.00	2708	6
1	239	2	1	4	84	-398.48	34.86	1091	7
1	240	2	0	12	11	0.00	0.00	3247	6
1	241	3	0	4	49	0.00	0.00	1757	6
1	242	3	0	12	18	0.00	0.00	5654	6
1	243	3	0	4	60	0.00	0.00	1158	6
1	244	3	1	8	3	-27.90	399.03	1298	7
1	245	3	0	8	30	0.00	0.00	2260	6
1	246	3	1	8	9	-393.92	-69.46	1021	7
1	247	3	1	12	21	149.84	-370.87	2194	7
1	248	3	1	12	25	-331.62	223.68	1015	7
1	249	3	1	8	40	-262.42	301.88	887	7
1	250	3	1	8	18	359.52	-175.35	1758	7
1	251	3	0	8	42	0.00	0.00	2558	6
1	252	3	1	12	8	310.86	251.73	1822	7
1	253	3	1	8	2	-297.26	267.65	1275	7
1	254	3	1	8	0	399.94	6.98	1501	7
1	255	3	1	4	61	353.18	-187.79	1236	7
1	256	3	0	8	19	0.00	0.00	2604	6
1	257	3	1	4	23	-365.42	-162.69	1646	7
1	258	3	0	4	79	0.00	0.00	1900	6
1	259	3	0	4	88	0.00	0.00	2721	6
1	260	3	1	4	83	-41.81	-397.81	1205	6
1	261	3	0	8	16	0.00	0.00	2153	6
1	262	3	1	8	31	-89.98	-389.75	2093	7
1	263	3	1	8	20	-162.69	-365.42	2422	7
1	264	3	0	12	20	0.00	0.00	2639	6
1	265	3	1	8	7	396.11	55.67	1711	7
1	266	3	1	4	3	-27.90	399.03	927	7
1	267	3	1	4	29	-346.41	-200.00	1189	7
1	268	3	1	12	21	-396.11	55.67	1201	7
1	269	3	0	12	2	0.00	0.00	3464	6
1	270	3	1	8	33	-76.32	-392.65	1833	7
1	271	3	1	8	22	156.29	-368.20	2151	7
1	272	3	1	12	13	388.12	96.77	1904	7
1	273	3	0	4	2	0.00	0.00	1684	6
1	274	3	0	12	2	0.00	0.00	2906	6
1	275	3	0	4	31	0.00	0.00	1647	6
1	276	3	1	4	6	-397.02	-48.75	1741	7
1	277	3	1	12	0	-193.92	-349.85	2253	7
1	278	3	0	12	0	0.00	0.00	2374	6
1	279	3	0	8	15	0.00	0.00	2905	6
1	280	3	0	8	29	0.00	0.00	2758	6
1	281	3	0	8	28	0.00	0.00	2078	6
1	282	3	1	4	81	396.11	-55.67	1258	7
1	283	3	1	8	3	301.88	-262.42	1563	7
1	284	3	1	4	71	123.61	380.42	987	7
1	285	3	0	8	21	0.00	0.00	1841	6
1	286	3	1	8	11	217.86	335.47	1287	7
1	287	3	1	8	44	0.00	400.00	1157	7
1	288	3	1	12	21	-55.67	-396.11	1418	7
1	289	3	1	4	51	246.26	315.20	993	7
1	290	3	1	8	4	257.12	306.42	1259	7
1	291	3	1	4	22	-368.20	-156.29	1254	7
1	292	3	0	4	46	0.00	0.00	1240	6
1	293	3	0	4	67	0.00	0.00	1287	6
1	294	3	0	8	14	0.00	0.00	1759	6
1	295	3	1	4	19	375.88	136.81	1196	7
1	296	3	0	4	41	0.00	0.00	1300	6
1	297	3	0	12	3	0.00	0.00	2621	6
1	298	3	1	4	40	-262.42	301.88	1030	7
1	299	3	0	4	20	0.00	0.00	1160	6
1	300	3	1	8	6	-48.75	397.02	844	7
1	301	3	1	12	6	-48.75	397.02	1290	7
1	302	3	0	8	24	0.00	0.00	1983	6
1	303	3	1	4	0	-399.94	-6.98	1034	7
1	304	3	0	4	15	0.00	0.00	1215	6
1	305	3	1	8	15	-110.25	384.50	1109	7
1	306	3	0	12	22	0.00	0.00	2539	6
1	307	3	1	12	25	-27.90	-399.03	1821	7
1	308	3	1	4	15	110.25	-384.50	1825	7
1	309	3	1	4	60	-349.85	193.92	2106	7
1	310	3	1	8	6	-315.20	246.26	1455	7
1	311	3	0	8	11	0.00	0.00	2051	6
1	312	3	0	12	1	0.00	0.00	2263	6
1	313	3	0	8	7	0.00	0.00	2220	6
1	314	3	0	4	34	0.00	0.00	1292	6
1	315	3	0	4	14	0.00	0.00	1124	6
1	316	3	0	4	80	0.00	0.00	1308	6
1	317	3	0	4	49	0.00	0.00	1096	6
1	318	3	1	4	16	-382.52	-116.95	1423	7
1	319	3	1	12	16	272.80	292.54	1498	7
1	320	3	0	8	4	0.00	0.00	2191	6
1	321	3	0	4	34	0.00	0.00	1682	6
1	322	3	1	4	61	353.18	-187.79	1310	7
1	323	3	0	12	15	0.00	0.00	3013	6
1	324	3	1	12	21	370.87	149.84	1646	7
1	325	3	1	12	17	-123.61	380.42	1131	7
1	326	3	0	12	23	0.00	0.00	2794	6
1	327	3	0	8	31	0.00	0.00	2927	6
1	328	3	0	12	12	0.00	0.00	4197	6
1	329	3	0	12	17	0.00	0.00	2766	6
1	330	3	1	12	26	-217.86	-335.47	2594	7
1	331	3	1	4	45	277.86	287.74	1581	7
1	332	3	0	12	21	0.00	0.00	3979	6
1	333	3	0	8	41	0.00	0.00	2100	6
1	334	3	1	12	26	356.40	181.60	1725	7
1	335	3	0	4	65	0.00	0.00	1573	6
1	336	3	0	12	9	0.00	0.00	4351	6
1	337	3	0	8	40	0.00	0.00	2053	6
1	338	3	1	8	22	368.20	156.29	2365	7
1	339	3	0	8	35	0.00	0.00	2550	6
1	340	3	1	4	62	356.40	-181.60	1154	7
1	341	3	1	4	36	240.73	-319.45	1194	7
1	342	3	1	12	15	-277.86	-287.74	1181	7
1	343	3	1	12	19	-69.46	-393.92	1074	7
1	344	3	0	12	9	0.00	0.00	2847	6
1	345	3	0	4	11	0.00	0.00	1099	6
1	346	3	0	12	13	0.00	0.00	2614	6
1	347	3	1	8	10	392.65	76.32	1588	7
1	348	3	0	4	79	0.00	0.00	1044	6
1	349	3	0	12	19	0.00	0.00	3030	6
1	350	3	0	4	73	0.00	0.00	1730	6
1	351	3	0	8	36	0.00	0.00	2862	6
1	352	3	1	12	14	282.84	-282.84	1674	7
1	353	3	1	12	11	-267.65	297.26	1007	7
1	354	3	0	12	22	0.00	0.00	2708	6
1	355	3	0	12	29	0.00	0.00	3386	6
1	356	3	0	12	3	0.00	0.00	2698	6
1	357	3	1	12	27	-353.18	-187.79	1441	7
1	358	3	0	8	0	0.00	0.00	1882	6
1	359	3	0	8	26	0.00	0.00	2244	6
1	360	3	1	12	7	315.20	246.26	1916	7
1	361	1	1	8	17	-123.61	380.42	2038	7
1	362	1	1	8	43	-277.86	287.74	1448	7
1	363	1	1	12	19	-257.12	-306.42	4556	7
1	364	1	1	8	7	319.45	-240.73	2710	7
1	365	1	0	12	6	0.00	0.00	4166	6
1	366	1	1	4	46	-272.80	-292.54	2464	7
1	367	1	1	12	18	-262.42	-301.88	1461	7
1	368	1	1	4	69	136.81	375.88	2143	7
1	369	1	0	12	7	0.00	0.00	3730	6
1	370	1	1	8	13	206.02	342.87	2985	7
1	371	1	0	12	7	0.00	0.00	3928	6
1	372	1	1	12	11	-267.65	297.26	6011	7
1	373	1	1	4	0	-399.94	-6.98	2259	7
1	374	1	0	12	28	0.00	0.00	3774	6
1	375	1	1	4	22	-156.29	368.20	1534	7
1	376	1	1	8	17	380.42	123.61	2041	7
1	377	1	0	4	27	0.00	0.00	1760	6
1	378	1	0	12	26	0.00	0.00	3812	6
1	379	1	0	12	5	0.00	0.00	4737	6
1	380	1	0	12	25	0.00	0.00	4058	6
1	381	1	0	4	69	0.00	0.00	2003	6
1	382	1	1	12	14	-103.53	-386.37	3931	7
1	383	1	0	8	30	0.00	0.00	2923	6
1	384	1	0	12	22	0.00	0.00	3491	6
1	385	1	1	4	18	-378.21	-130.23	1635	7
1	386	1	0	8	26	0.00	0.00	2351	6
1	387	1	1	4	35	-235.11	323.61	1469	7
1	388	1	1	12	8	-62.57	395.08	2173	7
1	389	1	0	12	7	0.00	0.00	3911	6
1	390	1	1	4	35	235.11	-323.61	1854	7
1	391	1	0	12	28	0.00	0.00	3971	6
1	392	1	1	8	23	-373.43	143.35	1341	7
1	393	1	1	8	26	181.60	-356.40	3222	7
1	394	1	1	12	14	282.84	-282.84	2137	7
1	395	1	1	12	15	96.77	388.12	4064	7
1	396	1	1	4	6	-397.02	-48.75	1411	7
1	397	1	1	12	26	-356.40	-181.60	1811	7
1	398	1	0	4	77	0.00	0.00	2225	6
1	399	1	0	4	36	0.00	0.00	1778	6
1	400	1	1	12	13	-277.86	287.74	4787	7
1	401	1	0	4	24	0.00	0.00	2458	6
1	402	1	1	12	2	356.40	-181.60	3293	7
1	403	1	1	4	11	83.16	-391.26	1411	7
1	404	1	0	12	7	0.00	0.00	3740	6
1	405	1	1	8	10	392.65	76.32	2726	7
1	406	1	0	8	12	0.00	0.00	3723	6
1	407	1	0	12	16	0.00	0.00	4925	6
1	408	1	0	8	11	0.00	0.00	2449	6
1	409	1	1	12	0	6.98	-399.94	2108	7
1	410	1	0	12	0	0.00	0.00	3796	6
1	411	1	0	12	20	0.00	0.00	3757	6
1	412	1	1	8	38	-310.86	-251.73	1239	7
1	413	1	0	4	14	0.00	0.00	1614	6
1	414	1	0	8	14	0.00	0.00	2428	6
1	415	1	0	8	14	0.00	0.00	2933	6
1	416	1	0	4	64	0.00	0.00	1963	6
1	417	1	0	8	40	0.00	0.00	2639	6
1	418	1	1	12	17	83.16	391.26	4040	7
1	419	1	0	4	51	0.00	0.00	1547	6
1	420	1	0	12	6	0.00	0.00	5666	6
1	421	1	1	4	28	193.92	-349.85	2129	7
1	422	1	1	12	0	349.85	-193.92	2394	7
1	423	1	1	8	36	-240.73	319.45	3604	7
1	424	1	0	4	43	0.00	0.00	1896	6
1	425	1	0	8	41	0.00	0.00	2709	6
1	426	1	0	8	35	0.00	0.00	2761	6
1	427	1	1	4	33	223.68	-331.62	1463	7
1	428	1	0	12	23	0.00	0.00	3576	6
1	429	1	1	8	14	-386.37	-103.53	1718	7
1	430	1	0	8	25	0.00	0.00	3212	6
1	431	1	0	4	27	0.00	0.00	1592	6
1	432	1	1	8	9	229.43	327.66	2558	7
1	433	1	1	4	59	-200.00	-346.41	2193	7
1	434	1	0	8	19	0.00	0.00	4558	6
1	435	1	1	8	39	398.48	-34.86	1991	7
1	436	1	1	8	23	-365.42	-162.69	1440	7
1	437	1	0	8	44	0.00	0.00	3197	6
1	438	1	0	4	10	0.00	0.00	1945	6
1	439	1	0	8	16	0.00	0.00	2613	6
1	440	1	0	4	22	0.00	0.00	2055	6
1	441	1	1	4	35	-323.61	-235.11	1761	7
1	442	1	0	8	14	0.00	0.00	2681	6
1	443	1	0	12	16	0.00	0.00	3601	6
1	444	1	0	8	3	0.00	0.00	2142	6
1	445	1	1	8	23	-365.42	-162.69	1489	7
1	446	1	1	8	15	110.25	-384.50	1586	7
1	447	1	0	4	3	0.00	0.00	1569	6
1	448	1	1	12	14	386.37	-103.53	2246	7
1	449	1	0	8	40	0.00	0.00	2679	6
1	450	1	0	12	25	0.00	0.00	3859	6
1	451	1	1	4	78	-392.65	76.32	2616	7
1	452	1	0	12	5	0.00	0.00	3707	6
1	453	1	0	4	6	0.00	0.00	1831	6
1	454	1	0	8	25	0.00	0.00	2623	6
1	455	1	0	4	10	0.00	0.00	1565	6
1	456	1	1	4	7	396.11	55.67	1612	7
1	457	1	0	8	15	0.00	0.00	2747	6
1	458	1	0	4	38	0.00	0.00	1662	6
1	459	1	1	4	27	-187.79	353.18	1566	7
1	460	1	1	12	25	223.68	331.62	4131	7
1	461	1	0	4	11	0.00	0.00	2962	6
1	462	1	1	12	23	162.69	-365.42	1909	7
1	463	1	0	4	29	0.00	0.00	2058	6
1	464	1	1	8	35	-323.61	-235.11	1363	7
1	465	1	0	4	42	0.00	0.00	1339	6
1	466	1	1	4	23	162.69	-365.42	1692	7
1	467	1	1	12	23	-397.81	41.81	4485	7
1	468	1	1	12	18	-301.88	262.42	1686	7
1	469	1	0	8	11	0.00	0.00	2974	6
1	470	1	1	4	85	27.90	399.03	1639	7
1	471	1	1	8	24	-375.88	136.81	1667	7
1	472	1	1	12	11	123.61	380.42	2003	7
1	473	1	1	8	32	-391.26	83.16	1392	7
1	474	1	1	8	29	200.00	-346.41	2791	7
1	475	1	1	4	8	-62.57	395.08	1522	7
1	476	1	0	8	33	0.00	0.00	3136	6
1	477	1	0	12	28	0.00	0.00	4048	6
1	478	1	1	4	35	-235.11	323.61	2529	7
1	479	1	0	4	71	0.00	0.00	1897	6
1	480	1	1	12	17	-380.42	-123.61	5046	7
