blk	trl	target	search	nitems	rot_offset	tpos_x	tpos_y	rt	button
4	1	2	0	8	36	0.00	0.00	3000	6
4	2	2	1	12	24	-362.52	-169.05	956	7
4	3	2	0	12	14	0.00	0.00	2801	6
4	4	2	1	12	15	388.12	-96.77	1219	7
4	5	2	0	8	6	0.00	0.00	2745	6
4	6	2	0	4	57	0.00	0.00	1340	6
4	7	2	0	4	61	0.00	0.00	1776	6
4	8	2	1	8	12	339.22	-211.97	1872	7
4	9	2	0	8	30	0.00	0.00	2515	6
4	10	2	1	12	18	-378.21	-130.23	982	7
4	11	2	0	12	12	0.00	0.00	2766	6
4	12	2	0	8	18	0.00	0.00	2134	6
4	13	2	1	12	28	6.98	399.94	2749	7
4	14	2	1	8	24	136.81	375.88	2444	7
4	15	2	0	4	20	0.00	0.00	1671	6
4	16	2	1	12	8	-310.86	-251.73	1136	7
4	17	2	0	4	30	0.00	0.00	1291	6
4	18	2	0	12	11	0.00	0.00	2689	6
4	19	2	1	8	31	-89.98	-389.75	1385	7
4	20	2	1	4	67	-370.87	149.84	1203	7
4	21	2	1	4	7	-55.67	396.11	777	7
4	22	2	0	4	3	0.00	0.00	1351	6
4	23	2	1	8	10	331.62	-223.68	1237	7
4	24	2	0	12	28	0.00	0.00	2631	6
4	25	2	0	12	24	0.00	0.00	2344	6
4	26	2	0	8	20	0.00	0.00	2126	6
4	27	2	0	4	22	0.00	0.00	1180	6
4	28	2	1	8	2	399.45	20.93	1806	7
4	29	2	1	8	30	96.77	388.12	2287	7
4	30	2	1	12	28	-342.87	206.02	1077	7
4	31	2	1	8	3	-262.42	-301.88	1084	7
4	32	2	0	8	41	0.00	0.00	2146	6
4	33	2	0	4	6	0.00	0.00	1573	6
4	34	2	0	8	17	0.00	0.00	2140	6
4	35	2	1	12	19	393.92	-69.46	1039	7
4	36	2	0	4	14	0.00	0.00	1389	6
4	37	2	1	8	0	-6.98	399.94	2217	7
4	38	2	0	8	0	0.00	0.00	2053	6
4	39	2	0	8	24	0.00	0.00	2213	6
4	40	2	1	4	24	-362.52	-169.05	1231	7
4	41	2	1	12	10	130.23	378.21	2403	7
4	42	2	1	4	7	396.11	55.67	1858	7
4	43	2	0	4	51	0.00	0.00	1948	6
4	44	2	1	4	58	206.02	342.87	1611	7
4	45	2	0	12	19	0.00	0.00	2832	6
4	46	2	1	4	33	331.62	223.68	1362	7
4	47	2	0	12	14	0.00	0.00	3164	6
4	48	2	1	8	6	315.20	-246.26	2006	7
4	49	2	0	12	4	0.00	0.00	3025	6
4	50	2	0	4	51	0.00	0.00	1274	6
4	51	2	0	8	32	0.00	0.00	2438	6
4	52	2	0	12	1	0.00	0.00	2890	6
4	53	2	0	12	9	0.00	0.00	3694	6
4	54	2	0	8	33	0.00	0.00	2057	6
4	55	2	0	8	12	0.00	0.00	2260	6
4	56	2	0	4	50	0.00	0.00	1466	6
4	57	2	0	4	27	0.00	0.00	1525	6
4	58	2	0	4	5	0.00	0.00	1602	6
4	59	2	1	4	77	-83.16	-391.26	1074	7
4	60	2	0	4	16	0.00	0.00	2038	6
4	61	2	0	8	2	0.00	0.00	2392	6
4	62	2	0	12	11	0.00	0.00	2592	6
4	63	2	1	8	16	353.18	-187.79	1824	7
4	64	2	1	8	39	398.48	-34.86	1548	7
4	65	2	1	8	15	-110.25	384.50	1471	7
4	66	2	0	4	4	0.00	0.00	1291	6
4	67	2	0	12	0	0.00	0.00	2893	6
4	68	2	1	12	13	388.12	96.77	1385	7
4	69	2	1	4	11	83.16	-391.26	1244	7
4	70	2	1	12	8	-62.57	395.08	3393	7
4	71	2	1	12	18	392.65	-76.32	1136	7
4	72	2	0	4	82	0.00	0.00	1476	6
4	73	2	1	4	31	339.22	211.97	1163	7
4	74	2	0	8	39	0.00	0.00	2080	6
4	75	2	0	12	24	0.00	0.00	2455	6
4	76	2	1	4	13	-388.12	-96.77	1113	7
4	77	2	1	8	31	389.75	-89.98	1004	7
4	78	2	1	12	16	292.54	-272.80	1212	7
4	79	2	0	12	29	0.00	0.00	2822	6
4	80	2	1	4	87	-13.96	-399.76	1568	7
4	81	2	1	8	1	-399.76	-13.96	965	7
4	82	2	1	4	6	-48.75	397.02	936	7
4	83	2	1	4	14	386.37	103.53	1358	7
4	84	2	1	4	7	-55.67	396.11	1046	7
4	85	2	1	12	0	6.98	-399.94	2758	7
4	86	2	0	8	17	0.00	0.00	2107	6
4	87	2	0	12	5	0.00	0.00	3228	6
4	88	2	1	8	32	83.16	391.26	1262	7
4	89	2	1	8	7	55.67	-396.11	2084	7
4	90	2	1	8	4	34.86	-398.48	1776	7
4	91	2	1	4	47	-297.26	267.65	1120	7
4	92	2	1	12	23	-235.11	-323.61	1208	7
4	93	2	0	8	13	0.00	0.00	2019	6
4	94	2	1	8	39	-398.48	34.86	1150	7
4	95	2	0	8	42	0.00	0.00	2236	6
4	96	2	0	4	45	0.00	0.00	1107	6
4	97	2	1	12	12	272.80	-292.54	1810	7
4	98	2	1	8	10	-76.32	392.65	3123	7
4	99	2	0	4	60	0.00	0.00	1841	6
4	100	2	0	4	48	0.00	0.00	1241	6
4	101	2	1	4	21	-149.84	370.87	1265	7
4	102	2	1	4	29	346.41	200.00	1460	7
4	103	2	0	12	5	0.00	0.00	3055	6
4	104	2	1	12	11	123.61	380.42	1345	7
4	105	2	0	12	16	0.00	0.00	2695	6
4	106	2	1	4	80	62.57	395.08	1740	7
4	107	2	1	8	41	-297.26	-267.65	1325	7
4	108	2	1	12	28	-399.94	6.98	867	7
4	109	2	0	12	0	0.00	0.00	2734	6
4	110	2	0	8	34	0.00	0.00	2122	6
4	111	2	1	12	16	-89.98	-389.75	1174	7
4	112	2	0	4	67	0.00	0.00	1544	6
4	113	2	0	12	10	0.00	0.00	2817	6
4	114	2	1	12	6	48.75	-397.02	1407	7
4	115	2	1	4	53	235.11	323.61	1507	7
4	116	2	0	12	25	0.00	0.00	2881	6
4	117	2	0	8	19	0.00	0.00	2369	6
4	118	2	1	12	8	-395.08	-62.57	1065	7
4	119	2	0	8	32	0.00	0.00	1946	6
4	120	2	1	4	39	-306.42	-257.12	1147	7
4	121	0	1	4	22	-368.20	-156.29	3091	7
4	122	0	1	8	42	-399.76	13.96	1480	7
4	123	0	0	8	29	0.00	0.00	3907	6
4	124	0	1	12	27	13.96	399.76	2793	7
4	125	0	1	12	29	346.41	200.00	4365	7
4	126	0	0	8	20	0.00	0.00	4646	6
4	127	0	1	12	26	-356.40	-181.60	7260	7
4	128	0	1	12	0	-399.94	-6.98	1496	7
4	129	0	0	4	53	0.00	0.00	2899	6
4	130	0	1	8	44	-400.00	0.00	2960	7
4	131	0	0	12	1	0.00	0.00	10838	6
4	132	0	1	8	23	-162.69	365.42	2091	7
4	133	0	1	4	33	331.62	223.68	2097	7
4	134	0	0	4	61	0.00	0.00	2548	6
4	135	0	0	8	17	0.00	0.00	3554	6
4	136	0	0	4	20	0.00	0.00	1883	6
4	137	0	0	8	9	0.00	0.00	4242	6
4	138	0	0	8	14	0.00	0.00	3852	6
4	139	0	0	4	32	0.00	0.00	2434	6
4	140	0	0	12	14	0.00	0.00	5421	6
4	141	0	1	8	17	380.42	123.61	3358	7
4	142	0	1	8	11	-217.86	-335.47	6152	7
4	143	0	0	4	70	0.00	0.00	2444	6
4	144	0	0	12	0	0.00	0.00	7103	6
4	145	0	1	8	18	130.23	-378.21	4842	7
4	146	0	0	8	43	0.00	0.00	3735	6
4	147	0	1	12	24	-398.48	34.86	1564	7
4	148	0	0	8	25	0.00	0.00	4412	6
4	149	0	1	8	35	-62.57	-395.08	4081	7
4	501	0	0	12	19	0.00	0.00	6267	6
4	150	0	1	12	9	393.92	69.46	3818	7
4	151	0	1	12	16	-382.52	-116.95	1430	7
4	152	0	0	4	82	0.00	0.00	2550	6
4	153	0	0	8	7	0.00	0.00	3942	6
4	154	0	1	4	11	83.16	-391.26	2196	7
4	155	0	1	4	10	392.65	76.32	1786	7
4	156	0	1	4	7	396.11	55.67	2021	7
4	157	0	0	8	38	0.00	0.00	4348	6
4	158	0	1	12	14	-103.53	-386.37	6100	7
4	159	0	1	8	11	-391.26	-83.16	1530	7
4	160	0	1	8	8	-235.11	-323.61	4192	7
4	161	0	0	4	79	0.00	0.00	2097	6
4	162	0	0	8	44	0.00	0.00	4059	6
4	163	0	1	4	78	392.65	-76.32	1970	7
4	164	0	0	4	72	0.00	0.00	2109	6
4	701	0	1	8	16	353.18	-187.79	3105	7
4	165	0	0	12	8	0.00	0.00	5455	6
4	166	0	1	8	25	-175.35	359.52	2001	7
4	167	0	1	4	11	83.16	-391.26	2189	7
4	168	0	0	4	49	0.00	0.00	2356	6
4	169	0	1	4	73	110.25	384.50	3683	7
4	170	0	1	8	37	-48.75	-397.02	4604	7
4	171	0	1	12	16	89.98	389.75	3075	7
4	172	0	1	12	6	-240.73	319.45	2296	7
4	173	0	0	8	7	0.00	0.00	4160	6
4	174	0	0	8	35	0.00	0.00	4116	6
4	175	0	0	12	27	0.00	0.00	5813	6
4	176	0	0	8	35	0.00	0.00	3494	6
4	177	0	0	12	27	0.00	0.00	5149	6
4	178	0	0	4	79	0.00	0.00	2060	6
4	179	0	1	8	25	-378.21	130.23	2838	7
4	180	0	1	12	6	-319.45	-240.73	7136	7
4	181	0	0	4	36	0.00	0.00	2360	6
4	182	0	1	4	81	-55.67	-396.11	2827	7
4	183	0	1	8	11	-83.16	391.26	1747	7
4	184	0	1	4	57	-211.97	-339.22	2428	7
4	185	0	0	8	8	0.00	0.00	3190	6
4	186	0	1	8	5	41.81	-397.81	4095	7
4	187	0	0	8	9	0.00	0.00	3635	6
4	188	0	1	8	33	-223.68	331.62	1735	7
4	189	0	0	4	9	0.00	0.00	2182	6
4	190	0	1	4	79	393.92	-69.46	3848	7
4	191	0	0	8	23	0.00	0.00	3499	6
4	192	0	0	4	22	0.00	0.00	2529	6
4	193	0	1	4	7	-55.67	396.11	1985	7
4	194	0	1	12	9	-393.92	-69.46	1908	7
4	195	0	1	4	76	89.98	389.75	1994	7
4	196	0	0	12	23	0.00	0.00	5669	6
4	197	0	1	8	8	-235.11	-323.61	5869	7
4	198	0	1	8	33	331.62	223.68	3494	7
4	199	0	1	8	33	331.62	223.68	2382	7
4	200	0	0	4	28	0.00	0.00	2797	6
4	201	0	0	8	38	0.00	0.00	4006	6
4	202	0	1	12	23	-235.11	-323.61	6705	7
4	203	0	0	12	12	0.00	0.00	6061	6
4	204	0	0	8	6	0.00	0.00	4166	6
4	205	0	0	4	66	0.00	0.00	2870	6
4	206	0	0	12	27	0.00	0.00	5520	6
4	207	0	0	12	16	0.00	0.00	5346	6
4	208	0	0	12	11	0.00	0.00	5778	6
4	209	0	1	12	10	-262.42	301.88	2170	7
4	210	0	1	12	26	399.45	-20.93	6046	7
4	211	0	0	8	9	0.00	0.00	4316	6
4	212	0	1	12	6	-240.73	319.45	2209	7
4	213	0	0	4	70	0.00	0.00	2311	6
4	214	0	1	4	29	-200.00	346.41	2788	7
4	215	0	0	4	49	0.00	0.00	2661	6
4	216	0	1	8	17	181.60	356.40	4139	7
4	217	0	1	4	39	-306.42	-257.12	2023	7
4	218	0	1	4	0	6.98	-399.94	2597	7
4	219	0	1	12	11	-123.61	-380.42	5482	6
4	220	0	0	12	18	0.00	0.00	6785	6
4	221	0	0	12	0	0.00	0.00	6416	6
4	222	0	0	8	9	0.00	0.00	4242	6
4	223	0	0	12	3	0.00	0.00	6666	6
4	224	0	1	4	46	292.54	-272.80	3447	7
4	225	0	1	12	20	143.35	-373.43	6495	7
4	226	0	0	4	48	0.00	0.00	2463	6
4	227	0	1	12	6	-397.02	-48.75	2074	7
4	228	0	0	4	15	0.00	0.00	3730	6
4	229	0	0	12	23	0.00	0.00	5717	6
4	230	0	1	4	7	-55.67	396.11	1735	7
4	231	0	1	4	56	-335.47	217.86	3299	7
4	232	0	0	4	22	0.00	0.00	2131	6
4	233	0	0	12	0	0.00	0.00	5717	6
4	234	0	1	4	80	62.57	395.08	1826	7
4	235	0	0	12	10	0.00	0.00	5939	6
4	236	0	1	12	21	-246.26	-315.20	8372	7
4	237	0	0	12	7	0.00	0.00	7267	6
4	238	0	0	12	11	0.00	0.00	6128	6
4	239	0	1	8	23	373.43	-143.35	4553	7
4	240	0	0	12	17	0.00	0.00	5881	6
4	241	3	1	8	4	306.42	-257.12	1836	7
4	242	3	1	12	14	-386.37	-103.53	4563	7
4	243	3	0	4	69	0.00	0.00	1260	6
4	244	3	1	8	28	349.85	193.92	1115	7
4	245	3	1	4	60	349.85	-193.92	872	7
4	246	3	0	4	41	0.00	0.00	1019	6
4	247	3	0	8	34	0.00	0.00	1570	6
4	248	3	1	12	16	272.80	292.54	2004	7
4	249	3	1	4	12	-89.98	389.75	936	7
4	250	3	0	4	72	0.00	0.00	1210	6
4	251	3	1	12	23	-365.42	-162.69	1417	7
4	252	3	0	8	44	0.00	0.00	1831	6
4	253	3	0	12	21	0.00	0.00	2101	6
4	254	3	1	8	8	-323.61	235.11	961	7
4	255	3	0	4	2	0.00	0.00	1385	6
4	256	3	1	4	4	-34.86	398.48	1259	7
4	257	3	0	4	67	0.00	0.00	1090	6
4	258	3	1	4	71	123.61	380.42	1594	7
4	259	3	0	12	27	0.00	0.00	2270	6
4	260	3	1	8	6	397.02	48.75	1481	7
4	261	3	0	8	34	0.00	0.00	1774	6
4	262	3	1	8	0	-287.74	277.86	2220	7
4	263	3	1	12	27	13.96	399.76	1165	7
4	264	3	0	4	23	0.00	0.00	1241	6
4	265	3	0	8	32	0.00	0.00	1875	6
4	266	3	1	12	26	181.60	-356.40	1850	7
4	267	3	0	12	6	0.00	0.00	2455	6
4	268	3	0	8	1	0.00	0.00	1775	6
4	269	3	1	4	17	-380.42	-123.61	1693	7
4	270	3	0	4	7	0.00	0.00	1119	6
4	271	3	0	12	11	0.00	0.00	2222	6
4	272	3	0	12	14	0.00	0.00	2313	6
4	273	3	1	12	14	282.84	282.84	2058	7
4	274	3	1	8	34	327.66	229.43	1323	7
4	275	3	0	4	46	0.00	0.00	1115	6
4	276	3	1	4	6	-48.75	397.02	872	7
4	277	3	0	8	36	0.00	0.00	1671	6
4	601	3	1	8	41	-267.65	297.26	995	7
4	278	3	0	4	17	0.00	0.00	882	6
4	279	3	1	12	14	-282.84	282.84	814	7
4	280	3	0	8	43	0.00	0.00	1615	6
4	281	3	1	12	19	136.81	-375.88	1554	7
4	282	3	0	12	18	0.00	0.00	2516	6
4	283	3	1	12	3	-27.90	399.03	941	7
4	284	3	0	4	23	0.00	0.00	1258	6
4	285	3	0	8	32	0.00	0.00	1504	6
4	286	3	1	12	14	386.37	-103.53	1421	7
4	287	3	0	12	0	0.00	0.00	2106	6
4	288	3	1	12	26	-356.40	-181.60	1849	7
4	289	3	0	12	29	0.00	0.00	1881	6
4	290	3	1	4	26	181.60	-356.40	1080	7
4	291	3	1	4	56	217.86	335.47	905	7
4	292	3	0	8	28	0.00	0.00	1701	6
4	293	3	0	12	28	0.00	0.00	2419	6
4	294	3	0	8	13	0.00	0.00	1686	6
4	295	3	0	4	87	0.00	0.00	1026	6
4	296	3	0	8	28	0.00	0.00	1520	6
4	297	3	1	4	49	-306.42	257.12	1190	7
4	298	3	1	4	40	301.88	262.42	1434	7
4	299	3	0	12	6	0.00	0.00	2076	6
4	300	3	1	8	37	-246.26	315.20	882	7
4	301	3	0	12	23	0.00	0.00	4448	6
4	302	3	1	4	79	393.92	-69.46	1117	7
4	303	3	0	12	9	0.00	0.00	2631	6
4	304	3	0	8	9	0.00	0.00	2428	6
4	305	3	1	4	49	-257.12	-306.42	1581	7
4	306	3	0	12	22	0.00	0.00	3558	6
4	307	3	1	12	8	-395.08	-62.57	1310	7
4	308	3	1	8	34	-327.66	-229.43	1022	7
4	309	3	0	4	34	0.00	0.00	1360	6
4	310	3	0	4	79	0.00	0.00	1041	6
4	311	3	1	4	41	267.65	-297.26	1047	7
4	312	3	1	8	12	-211.97	-339.22	1015	7
4	313	3	1	8	32	-391.26	83.16	2034	7
4	314	3	1	8	1	292.54	-272.80	1126	7
4	315	3	1	4	57	-211.97	-339.22	1913	7
4	316	3	1	4	75	-96.77	-388.12	2308	7
4	317	3	0	8	24	0.00	0.00	1797	6
4	318	3	0	8	6	0.00	0.00	1609	6
4	319	3	0	8	19	0.00	0.00	1497	6
4	320	3	0	12	15	0.00	0.00	1762	6
4	321	3	0	12	21	0.00	0.00	2086	6
4	322	3	0	8	4	0.00	0.00	1567	6
4	323	3	1	12	24	229.43	327.66	1368	7
4	324	3	1	4	44	-282.84	282.84	1099	7
4	325	3	1	4	11	391.26	83.16	930	7
4	326	3	0	12	23	0.00	0.00	2239	6
4	327	3	1	12	17	380.42	123.61	1813	7
4	328	3	0	12	5	0.00	0.00	2090	6
4	329	3	0	8	5	0.00	0.00	1729	6
4	330	3	0	8	20	0.00	0.00	1850	6
4	331	3	1	12	17	267.65	297.26	1057	7
4	332	3	0	12	18	0.00	0.00	1719	6
4	333	3	0	4	77	0.00	0.00	789	6
4	334	3	1	12	27	-339.22	211.97	1094	7
4	335	3	0	4	69	0.00	0.00	840	6
4	336	3	0	8	2	0.00	0.00	1674	6
4	337	3	0	4	34	0.00	0.00	1065	6
4	338	3	1	8	41	-267.65	297.26	1139	7
4	339	3	1	8	27	353.18	187.79	926	7
4	340	3	0	4	47	0.00	0.00	873	6
4	341	3	0	4	17	0.00	0.00	886	6
4	342	3	1	4	1	-13.96	399.76	1227	7
4	343	3	1	12	14	-103.53	386.37	767	7
4	344	3	0	4	44	0.00	0.00	741	6
4	345	3	0	4	36	0.00	0.00	1233	6
4	346	3	1	8	4	34.86	-398.48	1855	7
4	347	3	1	8	30	96.77	388.12	1431	7
4	348	3	0	12	17	0.00	0.00	1852	6
4	349	3	1	8	3	27.90	-399.03	1215	7
4	350	3	1	4	28	-349.85	-193.92	877	7
4	351	3	0	12	10	0.00	0.00	1786	6
4	352	3	1	4	6	-48.75	397.02	941	7
4	353	3	1	12	26	217.86	335.47	1983	7
4	354	3	1	8	9	327.66	-229.43	1321	7
4	355	3	1	12	15	-388.12	96.77	997	7
4	356	3	1	12	16	-292.54	272.80	1529	7
4	357	3	0	8	40	0.00	0.00	1730	6
4	358	3	1	8	38	397.81	-41.81	1505	7
4	359	3	1	8	30	342.87	206.02	976	7
4	360	3	1	8	3	262.42	301.88	909	7
4	361	1	0	12	5	0.00	0.00	3957	6
4	362	1	1	12	28	342.87	-206.02	4611	7
4	363	1	1	8	15	-193.92	-349.85	2895	7
4	364	1	1	12	10	262.42	-301.88	2696	7
4	365	1	1	12	5	397.81	41.81	2699	7
4	366	1	1	4	27	187.79	-353.18	1874	7
4	367	1	0	12	21	0.00	0.00	3872	6
4	368	1	1	12	25	-223.68	-331.62	3466	7
4	369	1	0	4	44	0.00	0.00	1373	6
4	370	1	0	12	27	0.00	0.00	3121	6
4	371	1	0	4	53	0.00	0.00	1299	6
4	372	1	0	4	44	0.00	0.00	1719	6
4	373	1	0	8	32	0.00	0.00	2376	6
4	374	1	1	4	4	398.48	34.86	2767	7
4	375	1	0	12	22	0.00	0.00	3324	6
4	376	1	1	4	65	162.69	365.42	2121	7
4	377	1	1	4	29	346.41	200.00	1902	7
4	378	1	1	8	16	-116.95	382.52	1414	7
4	379	1	1	4	23	-365.42	-162.69	1335	7
4	380	1	0	8	13	0.00	0.00	2257	6
4	381	1	0	12	20	0.00	0.00	4198	6
4	382	1	1	12	26	-181.60	356.40	1295	7
4	383	1	1	4	67	-149.84	-370.87	1707	7
4	384	1	1	4	37	-246.26	315.20	1589	7
4	385	1	0	4	67	0.00	0.00	1748	6
4	386	1	1	8	30	96.77	388.12	2916	7
4	387	1	1	12	16	-389.75	89.98	3071	7
4	388	1	1	12	7	246.26	-315.20	3115	7
4	389	1	0	8	40	0.00	0.00	2830	6
4	390	1	1	12	6	368.20	-156.29	3340	7
4	391	1	0	4	38	0.00	0.00	1818	6
4	392	1	1	4	82	397.02	-48.75	1465	7
4	393	1	1	12	22	319.45	-240.73	2796	7
4	394	1	0	4	18	0.00	0.00	1399	6
4	395	1	1	4	37	246.26	-315.20	1682	7
4	396	1	1	8	22	-149.84	-370.87	2927	7
4	397	1	0	8	8	0.00	0.00	2776	6
4	398	1	0	4	63	0.00	0.00	1492	6
4	399	1	0	8	10	0.00	0.00	2349	6
4	400	1	0	12	29	0.00	0.00	3804	6
4	401	1	0	12	25	0.00	0.00	3934	6
4	402	1	1	12	9	-69.46	393.92	2068	7
4	403	1	0	12	3	0.00	0.00	3523	6
4	404	1	1	8	39	-306.42	-257.12	2714	7
4	405	1	1	4	7	396.11	55.67	1325	7
4	406	1	1	8	16	187.79	353.18	1912	7
4	407	1	0	8	31	0.00	0.00	2336	6
4	408	1	0	4	41	0.00	0.00	1498	6
4	409	1	0	4	9	0.00	0.00	1688	6
4	410	1	1	12	16	-116.95	382.52	1490	7
4	411	1	0	12	24	0.00	0.00	3579	6
4	412	1	0	8	33	0.00	0.00	2850	6
4	413	1	0	4	62	0.00	0.00	1672	6
4	414	1	0	12	20	0.00	0.00	3291	6
4	415	1	1	4	13	388.12	96.77	1414	7
4	416	1	0	12	16	0.00	0.00	3596	6
4	417	1	0	12	10	0.00	0.00	4040	6
4	418	1	0	8	15	0.00	0.00	2372	6
4	419	1	1	4	30	206.02	-342.87	1762	7
4	420	1	1	8	5	-310.86	251.73	1568	7
4	421	1	1	12	13	388.12	96.77	2698	7
4	422	1	0	4	29	0.00	0.00	1824	6
4	423	1	0	12	21	0.00	0.00	3626	6
4	424	1	1	4	5	397.81	41.81	1558	7
4	425	1	1	12	22	-397.02	48.75	1229	7
4	426	1	1	12	8	-251.73	310.86	1413	7
4	427	1	1	12	16	272.80	292.54	1856	7
4	428	1	1	4	59	200.00	346.41	1124	7
4	429	1	1	8	16	353.18	-187.79	2651	7
4	430	1	0	8	24	0.00	0.00	2538	6
4	431	1	1	4	4	-398.48	-34.86	1072	7
4	432	1	1	8	30	-96.77	-388.12	2375	7
4	433	1	1	4	31	339.22	211.97	1735	7
4	434	1	0	8	12	0.00	0.00	2521	6
4	435	1	1	8	14	-200.00	-346.41	3029	7
4	436	1	1	8	18	175.35	359.52	2172	7
4	437	1	1	4	52	319.45	-240.73	1407	7
4	438	1	1	4	80	62.57	395.08	1207	7
4	439	1	1	8	18	130.23	-378.21	2356	7
4	440	1	1	12	23	365.42	162.69	2255	7
4	441	1	0	12	28	0.00	0.00	3658	6
4	442	1	0	4	60	0.00	0.00	1562	6
4	443	1	1	8	4	-306.42	257.12	1573	7
4	444	1	1	4	11	-391.26	-83.16	1094	7
4	445	1	1	12	7	-149.84	-370.87	4173	7
4	446	1	1	8	23	-365.42	-162.69	4451	7
4	447	1	0	4	68	0.00	0.00	1614	6
4	448	1	0	4	71	0.00	0.00	1329	6
4	449	1	0	12	21	0.00	0.00	4323	6
4	450	1	1	12	14	282.84	-282.84	3199	7
4	451	1	0	8	26	0.00	0.00	2605	6
4	452	1	0	12	8	0.00	0.00	3411	6
4	453	1	0	8	10	0.00	0.00	2547	6
4	454	1	1	8	38	-41.81	-397.81	3510	7
4	455	1	1	12	23	-397.81	41.81	1313	7
4	456	1	0	12	3	0.00	0.00	4131	6
4	457	1	0	4	24	0.00	0.00	1455	6
4	458	1	1	8	44	-0.00	-400.00	2743	7
4	459	1	1	8	9	393.92	69.46	2028	7
4	460	1	0	12	9	0.00	0.00	3229	6
4	461	1	0	4	14	0.00	0.00	1636	6
4	462	1	1	8	25	-378.21	130.23	1220	7
4	463	1	0	4	86	0.00	0.00	1657	6
4	464	1	0	8	24	0.00	0.00	2384	6
4	465	1	0	8	21	0.00	0.00	2648	6
4	466	1	0	8	28	0.00	0.00	2445	6
4	467	1	1	8	43	-277.86	287.74	3058	7
4	468	1	0	12	3	0.00	0.00	4071	6
4	469	1	0	8	44	0.00	0.00	2545	6
4	470	1	1	4	21	-149.84	370.87	1201	7
4	471	1	0	4	53	0.00	0.00	1503	6
4	472	1	0	8	33	0.00	0.00	2794	6
4	473	1	0	8	41	0.00	0.00	2923	6
4	474	1	0	8	19	0.00	0.00	2792	6
4	475	1	0	4	49	0.00	0.00	1704	6
4	476	1	0	8	16	0.00	0.00	3064	6
4	477	1	1	8	12	-389.75	-89.98	1449	7
4	478	1	0	4	37	0.00	0.00	1597	6
4	479	1	0	12	28	0.00	0.00	3880	6
4	480	1	1	12	21	315.20	-246.26	3035	7
