blk	trl	target	search	nitems	rot_offset	tpos_x	tpos_y	rt	button
2	2	3	0	12	20	0.00	0.00	5261	6
2	3	3	1	4	34	-229.43	327.66	1431	7
2	4	3	1	12	22	368.20	156.29	1708	7
2	5	3	1	4	32	217.86	-335.47	1168	7
2	6	3	1	8	38	41.81	397.81	1874	7
2	7	3	1	12	2	181.60	356.40	1496	7
2	8	3	0	8	38	0.00	0.00	3381	6
2	9	3	1	8	26	-356.40	-181.60	1137	7
2	10	3	0	4	21	0.00	0.00	2617	6
2	11	3	0	4	61	0.00	0.00	2492	6
2	12	3	1	4	65	365.42	-162.69	1359	7
2	13	3	0	8	18	0.00	0.00	2975	6
2	14	3	1	12	5	-397.81	-41.81	1055	7
2	15	3	1	4	49	-306.42	257.12	1389	7
2	16	3	0	4	1	0.00	0.00	1884	6
2	17	3	0	4	71	0.00	0.00	1578	6
2	18	3	0	12	9	0.00	0.00	4614	6
2	19	3	1	8	43	287.74	277.86	1566	7
2	20	3	1	12	7	-246.26	315.20	1218	7
2	21	3	1	8	37	48.75	397.02	1243	7
2	22	3	0	12	9	0.00	0.00	3202	6
2	23	3	0	8	2	0.00	0.00	2201	6
2	24	3	1	8	28	-384.50	110.25	897	7
2	25	3	1	8	41	267.65	-297.26	1654	7
2	26	3	0	12	14	0.00	0.00	3271	6
2	27	3	1	12	23	-235.11	-323.61	2509	7
2	28	3	1	4	5	397.81	41.81	1180	7
2	29	3	1	8	5	310.86	-251.73	1517	7
2	30	3	0	4	67	0.00	0.00	1966	6
2	31	3	0	4	27	0.00	0.00	1536	6
2	32	3	0	12	13	0.00	0.00	3895	6
2	33	3	1	8	3	399.03	27.90	1624	7
2	34	3	1	4	54	-327.66	229.43	1824	7
2	35	3	1	12	23	-397.81	41.81	1296	7
2	36	3	0	8	18	0.00	0.00	2194	6
2	37	3	0	12	11	0.00	0.00	3516	6
2	38	3	0	8	5	0.00	0.00	2651	6
2	39	3	1	4	47	297.26	-267.65	1302	7
2	40	3	0	4	71	0.00	0.00	1500	6
2	41	3	1	4	69	375.88	-136.81	1266	7
2	42	3	1	8	2	-399.45	-20.93	1106	7
2	43	3	1	12	9	136.81	375.88	2687	7
2	44	3	1	4	61	-353.18	187.79	1336	7
2	45	3	0	8	42	0.00	0.00	2388	6
2	46	3	0	4	57	0.00	0.00	1397	6
2	47	3	0	12	2	0.00	0.00	3340	6
2	48	3	0	12	19	0.00	0.00	3266	6
2	49	3	1	12	12	-389.75	-89.98	1247	7
2	50	3	1	4	76	-389.75	89.98	1008	7
2	51	3	1	4	30	342.87	206.02	1344	7
2	52	3	1	8	26	-356.40	-181.60	824	7
2	53	3	1	8	41	267.65	-297.26	1491	7
2	54	3	1	4	30	-342.87	-206.02	1405	7
2	55	3	0	8	16	0.00	0.00	2268	6
2	56	3	0	12	15	0.00	0.00	2813	6
2	57	3	1	8	10	331.62	-223.68	1393	7
2	58	3	0	8	44	0.00	0.00	2104	6
2	59	3	1	4	28	-349.85	-193.92	1100	7
2	60	3	1	4	77	-83.16	-391.26	963	7
2	61	3	1	8	18	-175.35	-359.52	953	7
2	62	3	0	12	0	0.00	0.00	3061	6
2	63	3	0	12	19	0.00	0.00	2866	6
2	64	3	1	4	67	370.87	-149.84	931	7
2	65	3	0	8	7	0.00	0.00	1724	6
2	66	3	1	4	9	-393.92	-69.46	721	7
2	67	3	1	4	60	-349.85	193.92	935	7
2	68	3	1	4	26	356.40	181.60	996	7
2	69	3	0	8	5	0.00	0.00	2265	6
2	70	3	1	4	63	175.35	359.52	1474	7
2	71	3	0	8	14	0.00	0.00	2248	6
2	72	3	1	12	9	257.12	-306.42	1363	7
2	73	3	0	8	33	0.00	0.00	2335	6
2	74	3	0	4	89	0.00	0.00	931	6
2	75	3	0	8	25	0.00	0.00	2378	6
2	76	3	0	8	26	0.00	0.00	1990	6
2	77	3	1	8	27	382.52	-116.95	1432	7
2	78	3	1	8	22	156.29	-368.20	1133	7
2	79	3	0	4	31	0.00	0.00	1203	6
2	80	3	0	12	27	0.00	0.00	3225	6
2	81	3	0	4	69	0.00	0.00	1389	6
2	82	3	1	12	25	27.90	399.03	2650	7
2	83	3	0	4	68	0.00	0.00	1098	6
2	84	3	1	12	23	162.69	-365.42	1175	7
2	85	3	1	12	4	34.86	-398.48	1088	7
2	86	3	0	4	81	0.00	0.00	1337	6
2	87	3	1	8	37	397.02	-48.75	1475	7
2	88	3	1	12	10	-392.65	-76.32	2244	7
2	89	3	1	12	0	-342.87	-206.02	859	7
2	90	3	1	12	15	287.74	-277.86	2174	7
2	91	3	1	12	21	-370.87	-149.84	1320	7
2	92	3	1	12	25	223.68	331.62	2070	7
2	93	3	1	8	38	-251.73	310.86	948	7
2	94	3	0	12	1	0.00	0.00	2860	6
2	95	3	0	8	28	0.00	0.00	1956	6
2	96	3	0	4	6	0.00	0.00	1258	6
2	97	3	0	8	27	0.00	0.00	1833	6
2	98	3	0	4	16	0.00	0.00	975	6
2	99	3	0	4	44	0.00	0.00	1305	6
2	100	3	1	12	23	323.61	-235.11	1874	7
2	101	3	0	12	11	0.00	0.00	2645	6
2	102	3	0	4	68	0.00	0.00	1209	6
2	103	3	1	8	43	-277.86	287.74	1167	7
2	104	3	0	8	37	0.00	0.00	1626	6
2	105	3	0	4	80	0.00	0.00	1369	6
2	106	3	0	12	28	0.00	0.00	2724	6
2	107	3	0	12	5	0.00	0.00	2490	6
2	108	3	0	12	23	0.00	0.00	2389	6
2	109	3	0	8	0	0.00	0.00	1359	6
2	110	3	0	12	23	0.00	0.00	3116	6
2	111	3	0	4	64	0.00	0.00	1485	6
2	112	3	0	4	67	0.00	0.00	1174	6
2	113	3	1	12	27	-13.96	-399.76	1177	7
2	114	3	0	12	14	0.00	0.00	2504	6
2	115	3	1	12	9	306.42	257.12	1436	7
2	116	3	0	8	14	0.00	0.00	1702	6
2	117	3	0	12	15	0.00	0.00	2344	6
2	118	3	0	8	7	0.00	0.00	1824	6
2	119	3	1	4	42	272.80	-292.54	839	7
2	120	3	1	8	17	380.42	123.61	1138	7
2	121	2	0	12	24	0.00	0.00	3708	6
2	122	2	1	8	20	373.43	143.35	3055	7
2	123	2	1	12	1	13.96	-399.76	1426	7
2	124	2	0	12	6	0.00	0.00	2604	6
2	125	2	1	12	0	349.85	-193.92	1680	7
2	126	2	0	8	31	0.00	0.00	2781	6
2	127	2	1	4	30	-206.02	342.87	1616	7
2	128	2	1	8	37	246.26	-315.20	1204	7
2	129	2	0	4	60	0.00	0.00	1493	6
2	130	2	0	12	17	0.00	0.00	2994	6
2	131	2	1	4	62	356.40	-181.60	2100	7
2	132	2	0	12	0	0.00	0.00	2914	6
2	133	2	0	4	44	0.00	0.00	1113	6
2	134	2	1	12	11	123.61	380.42	3140	7
2	135	2	0	8	11	0.00	0.00	1996	6
2	136	2	1	8	15	-349.85	193.92	1932	6
2	137	2	0	4	36	0.00	0.00	2669	6
2	138	2	0	12	15	0.00	0.00	4459	6
2	139	2	0	12	12	0.00	0.00	2994	6
2	140	2	0	8	41	0.00	0.00	2089	6
2	141	2	0	8	29	0.00	0.00	2380	6
2	142	2	1	8	21	-368.20	156.29	2826	7
2	143	2	0	8	17	0.00	0.00	2616	6
2	144	2	0	8	5	0.00	0.00	2345	6
2	145	2	0	4	43	0.00	0.00	1676	6
2	146	2	0	12	22	0.00	0.00	2972	6
2	147	2	1	8	4	257.12	306.42	2063	7
2	148	2	1	12	25	-27.90	-399.03	1092	7
2	149	2	1	4	87	399.76	-13.96	1453	7
2	150	2	0	4	4	0.00	0.00	1305	6
2	151	2	1	4	24	-362.52	-169.05	987	7
2	152	2	1	4	83	-41.81	-397.81	1081	7
2	153	2	1	4	69	136.81	375.88	1427	7
2	154	2	0	4	37	0.00	0.00	1542	6
2	155	2	0	12	26	0.00	0.00	3886	6
2	156	2	1	12	14	-103.53	386.37	3235	7
2	157	2	1	12	9	-136.81	-375.88	1131	7
2	158	2	1	8	35	323.61	235.11	1922	7
2	159	2	1	8	28	384.50	-110.25	1491	7
2	160	2	0	4	27	0.00	0.00	1524	6
2	161	2	1	4	41	-267.65	297.26	1549	7
2	162	2	0	4	19	0.00	0.00	1515	6
2	163	2	1	8	5	41.81	-397.81	1402	7
2	164	2	0	4	75	0.00	0.00	1328	6
2	165	2	1	8	5	251.73	310.86	1919	7
2	166	2	0	4	45	0.00	0.00	1339	6
2	167	2	0	4	54	0.00	0.00	1503	6
2	168	2	1	8	38	397.81	-41.81	1452	7
2	169	2	0	8	6	0.00	0.00	2932	6
2	170	2	1	12	2	-181.60	-356.40	1341	7
2	171	2	1	4	24	-362.52	-169.05	2008	7
2	172	2	0	4	25	0.00	0.00	1782	6
2	173	2	0	8	26	0.00	0.00	2228	6
2	174	2	1	8	35	235.11	-323.61	1238	7
2	175	2	1	8	4	306.42	-257.12	1578	7
2	176	2	1	12	27	399.76	-13.96	2059	7
2	177	2	0	12	20	0.00	0.00	2736	6
2	178	2	1	12	1	-187.79	-353.18	1029	7
2	179	2	0	12	8	0.00	0.00	3525	6
2	180	2	0	8	21	0.00	0.00	2060	6
2	181	2	1	4	63	175.35	359.52	1485	7
2	182	2	1	4	21	149.84	-370.87	1166	7
2	183	2	1	4	9	-393.92	-69.46	1044	7
2	184	2	0	12	22	0.00	0.00	2964	6
2	185	2	1	4	76	89.98	389.75	1400	7
2	186	2	1	12	7	-315.20	-246.26	1425	7
2	187	2	1	8	2	-267.65	-297.26	1228	7
2	188	2	0	12	17	0.00	0.00	2741	6
2	189	2	0	8	6	0.00	0.00	2143	6
2	190	2	0	12	0	0.00	0.00	2639	6
2	191	2	0	4	59	0.00	0.00	2388	6
2	192	2	0	8	42	0.00	0.00	2190	6
2	193	2	0	12	23	0.00	0.00	3057	6
2	194	2	1	12	8	-143.35	-373.43	1142	7
2	195	2	0	8	15	0.00	0.00	2391	6
2	196	2	1	8	20	143.35	-373.43	1068	7
2	197	2	1	12	2	-217.86	335.47	3179	7
2	198	2	1	8	28	193.92	-349.85	1368	7
2	199	2	1	4	24	362.52	169.05	1409	7
2	200	2	0	12	1	0.00	0.00	3190	6
2	201	2	1	4	23	-162.69	365.42	1768	7
2	202	2	1	8	20	-162.69	-365.42	1251	7
2	203	2	0	8	39	0.00	0.00	2721	6
2	204	2	0	12	1	0.00	0.00	3227	6
2	205	2	1	4	75	-388.12	96.77	1075	7
2	206	2	0	12	0	0.00	0.00	2488	6
2	207	2	1	8	35	395.08	-62.57	1541	7
2	208	2	0	8	34	0.00	0.00	1924	6
2	209	2	0	8	30	0.00	0.00	2251	6
2	210	2	0	12	29	0.00	0.00	2730	6
2	211	2	0	4	63	0.00	0.00	1870	6
2	212	2	0	4	78	0.00	0.00	1107	6
2	213	2	0	8	36	0.00	0.00	2040	6
2	214	2	1	12	17	-267.65	-297.26	1100	7
2	215	2	0	8	28	0.00	0.00	1793	6
2	216	2	1	12	8	-373.43	143.35	3394	7
2	217	2	0	12	28	0.00	0.00	3091	6
2	218	2	0	8	0	0.00	0.00	1914	6
2	219	2	0	4	2	0.00	0.00	1404	6
2	220	2	1	12	5	-365.42	162.69	1149	7
2	221	2	1	12	20	373.43	143.35	2006	7
2	222	2	1	8	5	397.81	41.81	1706	7
2	223	2	0	4	14	0.00	0.00	1260	6
2	224	2	0	8	39	0.00	0.00	2377	6
2	225	2	0	4	1	0.00	0.00	1221	6
2	226	2	1	12	13	384.50	-110.25	1769	7
2	227	2	1	12	9	306.42	257.12	2351	7
2	228	2	1	8	6	-246.26	-315.20	1208	7
2	229	2	1	4	52	-319.45	240.73	1022	7
2	230	2	0	8	18	0.00	0.00	1998	6
2	231	2	1	8	20	373.43	143.35	1037	7
2	232	2	1	4	44	-282.84	282.84	1357	7
2	233	2	0	4	52	0.00	0.00	1249	6
2	234	2	1	4	48	-301.88	262.42	1045	7
2	235	2	1	4	86	20.93	399.45	1233	6
2	236	2	1	12	0	206.02	-342.87	3374	7
2	237	2	1	12	6	368.20	-156.29	2327	7
2	238	2	0	4	3	0.00	0.00	1176	6
2	239	2	1	4	51	-246.26	-315.20	1251	7
2	240	2	0	12	19	0.00	0.00	2438	6
2	241	1	0	12	15	0.00	0.00	4838	6
2	242	1	1	12	22	-240.73	-319.45	4171	6
2	243	1	0	4	68	0.00	0.00	1820	6
2	244	1	1	12	11	391.26	83.16	2526	7
2	245	1	1	12	14	-282.84	282.84	1327	7
2	246	1	1	4	32	-217.86	335.47	1257	7
2	247	1	0	12	5	0.00	0.00	4989	6
2	248	1	1	8	40	-262.42	301.88	1563	7
2	249	1	0	4	47	0.00	0.00	1983	6
2	250	1	0	12	21	0.00	0.00	3648	6
2	251	1	0	8	0	0.00	0.00	2894	6
2	252	1	0	4	21	0.00	0.00	1681	6
2	253	1	1	8	20	-365.42	162.69	1460	7
2	254	1	0	12	9	0.00	0.00	3887	6
2	255	1	1	12	5	397.81	41.81	2438	7
2	256	1	1	8	12	-389.75	-89.98	1170	7
2	257	1	0	8	43	0.00	0.00	2946	6
2	258	1	0	12	25	0.00	0.00	4042	6
2	259	1	0	8	14	0.00	0.00	3051	6
2	260	1	1	4	67	370.87	-149.84	1802	7
2	261	1	1	8	23	-162.69	365.42	3294	7
2	262	1	1	8	13	342.87	-206.02	2938	7
2	263	1	1	12	9	-306.42	-257.12	5087	7
2	264	1	0	12	3	0.00	0.00	4624	6
2	265	1	0	8	36	0.00	0.00	3580	6
2	266	1	1	8	6	48.75	-397.02	2998	7
2	267	1	0	4	37	0.00	0.00	1560	6
2	268	1	1	12	29	-346.41	200.00	1391	7
2	269	1	0	8	28	0.00	0.00	3008	6
2	270	1	1	12	7	-149.84	-370.87	3826	7
2	271	1	1	8	25	175.35	-359.52	2649	7
2	272	1	1	4	20	-373.43	-143.35	1348	7
2	273	1	0	8	30	0.00	0.00	3146	6
2	274	1	0	8	32	0.00	0.00	2740	6
2	275	1	1	12	12	-292.54	-272.80	4399	7
2	276	1	1	4	31	339.22	211.97	1961	7
2	277	1	1	8	13	-96.77	388.12	1729	7
2	278	1	1	12	0	349.85	-193.92	3177	7
2	279	1	1	8	17	-380.42	-123.61	2022	7
2	280	1	0	12	15	0.00	0.00	4088	6
2	281	1	0	4	48	0.00	0.00	1761	6
2	282	1	0	12	28	0.00	0.00	5279	6
2	283	1	0	8	29	0.00	0.00	3119	6
2	284	1	0	4	22	0.00	0.00	1582	6
2	285	1	1	12	13	-277.86	287.74	1817	7
2	286	1	1	8	10	223.68	331.62	1752	7
2	287	1	0	12	4	0.00	0.00	4172	6
2	288	1	1	4	30	206.02	-342.87	1579	7
2	289	1	1	4	70	-378.21	130.23	1666	7
2	290	1	1	4	33	331.62	223.68	1402	7
2	291	1	0	4	44	0.00	0.00	1708	6
2	292	1	0	4	36	0.00	0.00	1994	6
2	293	1	0	4	82	0.00	0.00	1979	6
2	294	1	0	4	89	0.00	0.00	1782	6
2	295	1	1	8	42	292.54	272.80	2409	7
2	296	1	1	12	19	136.81	-375.88	1854	7
2	297	1	1	8	20	-143.35	373.43	2692	7
2	298	1	0	12	14	0.00	0.00	3783	6
2	299	1	1	4	29	-346.41	-200.00	1976	7
2	300	1	0	8	6	0.00	0.00	2739	6
2	301	1	1	8	5	-41.81	397.81	2083	7
2	302	1	1	12	24	-362.52	-169.05	4310	7
2	303	1	0	8	36	0.00	0.00	2864	6
2	304	1	1	4	26	356.40	181.60	1459	7
2	305	1	1	4	3	-399.03	-27.90	1228	7
2	306	1	1	12	13	-388.12	-96.77	1349	7
2	307	1	0	12	1	0.00	0.00	3468	6
2	308	1	1	12	26	399.45	-20.93	2675	7
2	309	1	0	4	35	0.00	0.00	1713	6
2	310	1	1	12	11	297.26	267.65	2066	7
2	311	1	0	4	83	0.00	0.00	1520	6
2	312	1	1	8	2	-399.45	-20.93	1144	7
2	313	1	0	12	10	0.00	0.00	3633	6
2	314	1	0	4	75	0.00	0.00	1318	6
2	315	1	0	4	86	0.00	0.00	1559	6
2	316	1	0	8	27	0.00	0.00	2631	6
2	317	1	0	8	24	0.00	0.00	2272	6
2	318	1	1	8	7	-240.73	-319.45	2815	7
2	319	1	0	8	34	0.00	0.00	3597	6
2	320	1	0	12	29	0.00	0.00	3937	6
2	321	1	0	4	11	0.00	0.00	1612	6
2	322	1	0	12	29	0.00	0.00	4243	6
2	323	1	0	12	29	0.00	0.00	3759	6
2	324	1	1	4	24	-169.05	362.52	1484	7
2	325	1	0	12	26	0.00	0.00	3890	6
2	326	1	1	8	35	-235.11	323.61	1282	7
2	327	1	0	8	39	0.00	0.00	3578	6
2	328	1	0	8	34	0.00	0.00	2482	6
2	329	1	0	8	25	0.00	0.00	2829	6
2	330	1	1	4	61	-187.79	-353.18	1803	7
2	331	1	1	4	56	-217.86	-335.47	1701	6
2	332	1	1	12	28	-193.92	349.85	1847	7
2	333	1	1	8	29	-386.37	103.53	1389	7
2	334	1	1	12	17	391.26	-83.16	3693	7
2	335	1	1	4	51	246.26	315.20	2260	7
2	336	1	0	8	7	0.00	0.00	2966	6
2	337	1	0	4	28	0.00	0.00	1503	6
2	338	1	0	4	53	0.00	0.00	2134	6
2	339	1	1	12	19	306.42	-257.12	3394	7
2	340	1	1	12	6	-48.75	397.02	2032	7
2	341	1	0	8	14	0.00	0.00	2722	6
2	342	1	0	12	23	0.00	0.00	3750	6
2	343	1	1	8	28	-349.85	-193.92	3588	7
2	344	1	1	4	39	257.12	-306.42	1707	7
2	345	1	1	8	21	368.20	-156.29	1824	7
2	346	1	0	4	78	0.00	0.00	1438	6
2	347	1	0	4	50	0.00	0.00	1769	6
2	348	1	1	4	62	-181.60	-356.40	1971	7
2	349	1	0	12	21	0.00	0.00	3622	6
2	350	1	1	4	28	349.85	193.92	1704	7
2	351	1	0	4	48	0.00	0.00	1466	6
2	352	1	0	12	13	0.00	0.00	3062	6
2	353	1	1	4	7	-396.11	-55.67	1120	7
2	354	1	1	12	3	-331.62	-223.68	3468	6
2	355	1	0	8	32	0.00	0.00	2729	6
2	356	1	1	4	29	-200.00	346.41	2076	7
2	357	1	0	12	6	0.00	0.00	4001	6
2	358	1	1	4	31	-211.97	339.22	1925	7
2	359	1	0	8	39	0.00	0.00	3378	6
2	360	1	1	8	31	89.98	389.75	2606	7
2	361	0	1	12	13	96.77	-388.12	7535	7
2	362	0	1	8	35	-323.61	-235.11	7830	7
2	363	0	0	12	1	0.00	0.00	7798	6
2	364	0	1	4	79	-393.92	69.46	5779	7
2	365	0	1	8	31	339.22	211.97	3495	7
2	366	0	0	12	25	0.00	0.00	7536	6
2	367	0	0	8	1	0.00	0.00	6362	6
2	368	0	0	12	14	0.00	0.00	7083	6
2	369	0	0	4	36	0.00	0.00	3463	6
2	370	0	1	12	29	0.00	400.00	3456	7
2	371	0	1	8	2	399.45	20.93	3741	7
2	372	0	0	8	34	0.00	0.00	3799	6
2	373	0	1	8	24	-136.81	-375.88	4096	7
2	374	0	1	8	26	-181.60	356.40	1944	7
2	375	0	0	12	5	0.00	0.00	6403	6
2	376	0	1	4	28	193.92	-349.85	2388	7
2	377	0	1	4	52	-240.73	-319.45	3115	7
2	378	0	1	4	87	-13.96	-399.76	2411	7
2	379	0	0	8	2	0.00	0.00	3842	6
2	380	0	1	4	81	55.67	396.11	1875	7
2	381	0	0	4	72	0.00	0.00	2795	6
2	382	0	1	8	19	169.05	362.52	5974	7
2	383	0	0	4	23	0.00	0.00	3694	6
2	384	0	1	8	21	370.87	149.84	5042	7
2	385	0	0	12	13	0.00	0.00	6502	6
2	386	0	1	8	42	-399.76	13.96	2250	7
2	387	0	1	8	28	-349.85	-193.92	2087	7
2	388	0	0	4	23	0.00	0.00	2124	6
2	389	0	1	12	4	169.05	362.52	3612	7
2	390	0	0	12	15	0.00	0.00	11136	6
2	391	0	0	12	7	0.00	0.00	6306	6
2	392	0	0	12	16	0.00	0.00	6115	6
2	393	0	0	8	21	0.00	0.00	3961	6
2	394	0	0	4	17	0.00	0.00	3242	6
2	395	0	0	12	27	0.00	0.00	5172	6
2	396	0	1	4	66	156.29	368.20	5342	7
2	397	0	0	4	65	0.00	0.00	2908	6
2	398	0	1	12	5	162.69	365.42	3761	7
2	399	0	1	4	2	-399.45	-20.93	2300	7
2	400	0	0	4	20	0.00	0.00	3619	6
2	401	0	1	4	86	20.93	399.45	1705	7
2	402	0	1	8	40	-301.88	-262.42	2377	7
2	403	0	1	4	85	-399.03	27.90	1541	7
2	404	0	0	12	7	0.00	0.00	5114	6
2	405	0	0	8	4	0.00	0.00	3901	6
2	406	0	0	12	20	0.00	0.00	6432	6
2	407	0	1	12	8	-143.35	-373.43	5421	6
2	408	0	1	12	22	-397.02	48.75	1728	7
2	409	0	0	4	56	0.00	0.00	3686	6
2	410	0	0	12	9	0.00	0.00	5874	6
2	411	0	1	8	13	-206.02	-342.87	4149	7
2	412	0	1	4	9	-69.46	393.92	1933	7
2	413	0	1	12	28	342.87	-206.02	6415	7
2	414	0	1	4	45	277.86	287.74	2636	7
2	415	0	0	4	24	0.00	0.00	3195	6
2	416	0	0	8	16	0.00	0.00	3744	6
2	417	0	0	12	6	0.00	0.00	5808	6
2	418	0	1	12	23	397.81	-41.81	5698	7
2	419	0	0	8	19	0.00	0.00	4774	6
2	420	0	0	8	31	0.00	0.00	4441	6
2	421	0	1	8	8	62.57	-395.08	4327	7
2	422	0	0	4	11	0.00	0.00	2728	6
2	423	0	1	4	25	-359.52	-175.35	2551	7
2	424	0	1	8	5	-41.81	397.81	2167	7
2	425	0	1	4	81	-55.67	-396.11	2367	6
2	426	0	1	12	24	-362.52	-169.05	7748	6
2	427	0	1	12	18	-392.65	76.32	2158	7
2	428	0	1	12	18	262.42	301.88	4574	7
2	429	0	0	8	18	0.00	0.00	5613	6
2	430	0	1	8	29	-346.41	-200.00	5111	7
2	431	0	1	4	7	396.11	55.67	2298	7
2	432	0	1	4	6	397.02	48.75	2168	7
2	433	0	0	12	25	0.00	0.00	7224	6
2	434	0	0	8	12	0.00	0.00	8668	6
2	435	0	0	8	13	0.00	0.00	4740	6
2	436	0	0	8	17	0.00	0.00	4107	6
2	437	0	0	4	71	0.00	0.00	3394	6
2	438	0	0	8	37	0.00	0.00	5729	6
2	439	0	1	4	36	-319.45	-240.73	4734	7
2	440	0	1	8	38	397.81	-41.81	3253	7
2	441	0	1	8	11	-391.26	-83.16	1731	7
2	442	0	1	8	40	-399.03	27.90	2233	7
2	443	0	0	12	27	0.00	0.00	7587	6
2	444	0	1	12	14	103.53	-386.37	5615	7
2	445	0	1	4	4	34.86	-398.48	2855	7
2	446	0	1	8	40	301.88	262.42	3549	7
2	447	0	0	12	13	0.00	0.00	6431	6
2	448	0	1	12	23	-162.69	365.42	3615	7
2	449	0	0	12	21	0.00	0.00	6147	6
2	450	0	0	12	22	0.00	0.00	5986	6
2	451	0	0	4	46	0.00	0.00	3147	6
2	452	0	0	4	23	0.00	0.00	2596	6
2	453	0	0	8	1	0.00	0.00	4237	6
2	454	0	0	4	27	0.00	0.00	2247	6
2	455	0	0	4	14	0.00	0.00	3505	6
2	456	0	0	4	26	0.00	0.00	2313	6
2	457	0	0	8	44	0.00	0.00	6146	6
2	458	0	1	12	0	399.94	6.98	5283	7
2	459	0	0	8	12	0.00	0.00	4455	6
2	460	0	1	8	12	89.98	-389.75	4618	7
2	461	0	0	8	27	0.00	0.00	5714	6
2	462	0	1	8	32	-83.16	-391.26	5621	7
2	463	0	1	12	3	175.35	359.52	4154	7
2	464	0	0	4	0	0.00	0.00	2820	6
2	465	0	0	8	32	0.00	0.00	4264	6
2	466	0	1	12	18	-378.21	-130.23	9082	7
2	467	0	0	8	12	0.00	0.00	6459	6
2	468	0	1	12	4	398.48	34.86	5232	7
2	469	0	1	4	26	-181.60	356.40	1686	7
2	470	0	0	8	4	0.00	0.00	8144	6
2	471	0	0	4	35	0.00	0.00	2520	6
2	472	0	0	4	87	0.00	0.00	2278	6
2	473	0	1	12	10	130.23	378.21	4889	7
2	474	0	0	4	72	0.00	0.00	3056	6
2	475	0	1	4	70	378.21	-130.23	2956	6
2	476	0	1	12	15	-388.12	96.77	3159	7
2	477	0	0	12	26	0.00	0.00	10060	6
2	478	0	1	12	3	-223.68	331.62	3303	7
2	479	0	1	4	17	-123.61	380.42	1645	7
2	480	0	0	12	8	0.00	0.00	6199	6
