blk	trl	target	search	nitems	rot_offset	tpos_x	tpos_y	rt	button
1	2	0	0	4	75	0.00	0.00	6931	7
1	3	0	0	12	14	0.00	0.00	19812	6
1	4	0	1	8	35	-395.08	62.57	3168	7
1	5	0	0	4	54	0.00	0.00	3466	6
1	6	0	1	12	6	-48.75	397.02	2490	7
1	7	0	1	12	7	-246.26	315.20	3049	7
1	8	0	0	4	51	0.00	0.00	2231	6
1	9	0	0	8	22	0.00	0.00	8785	6
1	10	0	1	12	2	217.86	-335.47	4168	7
1	11	0	1	12	16	389.75	-89.98	5288	7
1	12	0	1	4	83	397.81	-41.81	3651	7
1	13	0	1	4	59	346.41	-200.00	3439	7
1	14	0	1	12	8	395.08	62.57	4169	7
1	15	0	1	8	42	272.80	-292.54	4637	7
1	16	0	1	4	15	-110.25	384.50	2568	7
1	17	0	1	12	15	-277.86	-287.74	5953	7
1	18	0	0	8	20	0.00	0.00	4573	6
1	19	0	0	12	29	0.00	0.00	7778	6
1	20	0	1	8	20	-373.43	-143.35	5983	7
1	21	0	0	8	36	0.00	0.00	7733	6
1	22	0	0	8	37	0.00	0.00	5370	6
1	23	0	0	12	15	0.00	0.00	9833	6
1	24	0	0	12	14	0.00	0.00	10773	6
1	25	0	1	8	4	-398.48	-34.86	6625	7
1	26	0	1	8	43	287.74	277.86	4235	7
1	27	0	1	8	6	-397.02	-48.75	5882	7
1	28	0	0	8	36	0.00	0.00	7309	6
1	29	0	1	8	10	-331.62	223.68	5165	7
1	30	0	1	8	4	-398.48	-34.86	2768	7
1	31	0	0	8	10	0.00	0.00	9810	6
1	32	0	1	8	19	169.05	362.52	2491	7
1	33	0	1	12	25	359.52	175.35	4460	7
1	34	0	0	12	27	0.00	0.00	9109	6
1	35	0	0	8	26	0.00	0.00	7868	6
1	36	0	1	4	65	-162.69	-365.42	3066	7
1	37	0	1	8	18	-130.23	378.21	1943	7
1	38	0	1	12	22	-48.75	-397.02	6710	7
1	39	0	0	4	49	0.00	0.00	5043	6
1	40	0	0	8	30	0.00	0.00	10536	6
1	41	0	0	4	45	0.00	0.00	3996	6
1	42	0	0	4	52	0.00	0.00	3604	6
1	43	0	0	4	48	0.00	0.00	6372	6
1	44	0	1	8	38	251.73	-310.86	3519	7
1	45	0	1	8	16	353.18	-187.79	3499	7
1	46	0	0	12	22	0.00	0.00	11871	6
1	47	0	0	4	62	0.00	0.00	6664	6
1	48	0	1	4	77	83.16	391.26	4207	7
1	49	0	1	4	4	398.48	34.86	3205	7
1	50	0	1	12	9	69.46	-393.92	9566	7
1	51	0	1	4	16	116.95	-382.52	2524	7
1	52	0	0	12	15	0.00	0.00	7741	6
1	53	0	0	4	33	0.00	0.00	6728	6
1	54	0	1	12	23	-235.11	-323.61	7831	7
1	55	0	1	8	11	-335.47	217.86	2073	7
1	56	0	0	4	12	0.00	0.00	2926	6
1	57	0	1	12	4	327.66	229.43	8385	6
1	58	0	0	4	84	0.00	0.00	3101	6
1	59	0	1	4	34	229.43	-327.66	11621	7
1	60	0	0	12	20	0.00	0.00	12835	6
1	61	0	0	8	39	0.00	0.00	9010	6
1	62	0	1	4	31	211.97	-339.22	3048	7
1	63	0	1	8	21	-370.87	-149.84	4960	7
1	64	0	0	4	7	0.00	0.00	2986	6
1	65	0	1	8	18	-378.21	-130.23	5396	7
1	66	0	1	8	7	-396.11	-55.67	6086	7
1	67	0	0	8	39	0.00	0.00	6575	6
1	68	0	0	12	28	0.00	0.00	11010	6
1	69	0	0	12	8	0.00	0.00	12731	6
1	70	0	0	12	27	0.00	0.00	7656	6
1	71	0	0	4	48	0.00	0.00	2438	6
1	72	0	1	12	26	-20.93	-399.45	4604	7
1	73	0	1	4	52	-319.45	240.73	2582	7
1	74	0	0	12	17	0.00	0.00	11861	6
1	75	0	0	12	27	0.00	0.00	8834	6
1	76	0	0	4	10	0.00	0.00	4899	7
1	77	0	1	4	69	136.81	375.88	6404	6
1	78	0	0	12	28	0.00	0.00	18070	6
1	79	0	1	8	44	282.84	-282.84	4713	7
1	80	0	1	8	33	-223.68	331.62	1886	7
1	81	0	0	8	18	0.00	0.00	10387	6
1	82	0	0	8	36	0.00	0.00	5344	6
1	83	0	0	8	13	0.00	0.00	5792	6
1	84	0	0	4	56	0.00	0.00	2743	6
1	85	0	1	4	63	175.35	359.52	2092	7
1	86	0	1	12	22	-368.20	-156.29	7115	7
1	87	0	1	8	8	395.08	62.57	4743	7
1	88	0	1	4	70	378.21	-130.23	3641	7
1	89	0	0	8	34	0.00	0.00	8755	6
1	90	0	1	4	32	217.86	-335.47	4440	7
1	91	0	1	4	84	-398.48	34.86	2372	7
1	92	0	0	4	72	0.00	0.00	3911	6
1	93	0	0	4	85	0.00	0.00	5291	6
1	94	0	1	12	21	370.87	149.84	4940	7
1	95	0	1	8	19	136.81	-375.88	5438	7
1	96	0	1	12	14	-386.37	-103.53	8016	7
1	97	0	1	12	14	-103.53	-386.37	6909	7
1	98	0	0	4	87	0.00	0.00	6526	6
1	99	0	0	12	18	0.00	0.00	7887	6
1	100	0	0	12	28	0.00	0.00	9692	6
1	101	0	0	8	34	0.00	0.00	9307	6
1	102	0	0	12	14	0.00	0.00	10966	6
1	103	0	0	12	9	0.00	0.00	11096	6
1	104	0	1	12	17	-297.26	267.65	3812	7
1	105	0	1	12	23	-41.81	-397.81	7270	7
1	106	0	1	12	2	-217.86	335.47	3752	7
1	107	0	0	8	19	0.00	0.00	8989	6
1	108	0	1	4	87	399.76	-13.96	2511	7
1	109	0	1	4	21	370.87	149.84	2033	7
1	110	0	0	8	31	0.00	0.00	4966	6
1	111	0	0	8	15	0.00	0.00	5268	6
1	112	0	0	4	31	0.00	0.00	5146	6
1	113	0	1	4	32	335.47	217.86	2124	7
1	114	0	1	12	19	306.42	-257.12	6058	7
1	115	0	1	4	63	-175.35	-359.52	6749	7
1	116	0	0	12	2	0.00	0.00	13145	6
1	117	0	0	12	3	0.00	0.00	15020	6
1	118	0	1	4	14	-103.53	386.37	4267	7
1	119	0	0	4	43	0.00	0.00	7337	6
1	120	0	0	8	24	0.00	0.00	8250	6
1	121	2	0	8	15	0.00	0.00	4218	6
1	122	2	1	12	27	-399.76	13.96	1906	7
1	123	2	1	8	29	-103.53	-386.37	2275	7
1	124	2	0	8	41	0.00	0.00	2409	6
1	125	2	1	12	18	301.88	-262.42	2323	7
1	126	2	1	8	35	235.11	-323.61	2601	7
1	127	2	0	4	88	0.00	0.00	1978	6
1	128	2	0	4	24	0.00	0.00	1498	6
1	129	2	0	12	1	0.00	0.00	2451	6
1	130	2	0	12	6	0.00	0.00	2728	6
1	131	2	0	4	79	0.00	0.00	2293	6
1	132	2	1	4	62	-181.60	-356.40	1501	7
1	133	2	1	8	0	-287.74	277.86	1753	7
1	134	2	1	4	70	130.23	378.21	1895	7
1	135	2	0	4	17	0.00	0.00	2226	6
1	136	2	1	4	70	378.21	-130.23	1642	7
1	137	2	1	12	7	396.11	55.67	1897	7
1	138	2	0	12	10	0.00	0.00	3610	6
1	139	2	0	12	25	0.00	0.00	3799	6
1	140	2	0	8	20	0.00	0.00	2483	6
1	141	2	0	8	3	0.00	0.00	2088	6
1	142	2	0	4	33	0.00	0.00	1773	6
1	143	2	0	8	3	0.00	0.00	2591	6
1	144	2	0	8	42	0.00	0.00	2535	6
1	145	2	1	8	31	-389.75	89.98	1528	7
1	146	2	0	8	1	0.00	0.00	2297	6
1	147	2	0	4	14	0.00	0.00	1519	6
1	148	2	0	12	18	0.00	0.00	3180	6
1	149	2	0	4	68	0.00	0.00	1614	6
1	150	2	0	4	26	0.00	0.00	1760	6
1	151	2	0	8	38	0.00	0.00	2301	6
1	152	2	0	8	14	0.00	0.00	3300	6
1	153	2	1	4	4	-34.86	398.48	3256	7
1	154	2	0	8	39	0.00	0.00	2374	6
1	155	2	0	4	56	0.00	0.00	1880	6
1	156	2	1	8	17	356.40	-181.60	2972	7
1	157	2	1	4	74	-386.37	103.53	1410	7
1	158	2	0	12	18	0.00	0.00	4091	6
1	159	2	0	12	18	0.00	0.00	3930	6
1	160	2	0	4	81	0.00	0.00	1861	6
1	161	2	1	12	24	229.43	327.66	1613	7
1	162	2	1	4	6	-48.75	397.02	1364	7
1	163	2	0	4	21	0.00	0.00	1739	6
1	164	2	0	12	7	0.00	0.00	3043	6
1	165	2	1	12	10	-130.23	-378.21	3101	7
1	166	2	0	12	4	0.00	0.00	2796	6
1	167	2	1	8	37	-315.20	-246.26	3010	7
1	168	2	1	4	17	-123.61	380.42	1145	7
1	169	2	0	8	33	0.00	0.00	2167	6
1	170	2	0	12	25	0.00	0.00	3245	6
1	171	2	0	12	16	0.00	0.00	2632	6
1	172	2	1	4	62	181.60	356.40	1142	7
1	173	2	1	8	13	96.77	-388.12	2123	7
1	174	2	1	4	2	-399.45	-20.93	1099	7
1	175	2	1	4	52	-319.45	240.73	1143	7
1	176	2	1	4	78	392.65	-76.32	1306	7
1	177	2	0	8	7	0.00	0.00	2001	6
1	178	2	0	8	14	0.00	0.00	1960	6
1	179	2	1	8	37	315.20	246.26	1285	7
1	180	2	1	8	39	306.42	257.12	1230	7
1	181	2	1	12	14	-386.37	-103.53	1659	7
1	182	2	1	8	24	-375.88	136.81	1161	7
1	183	2	1	12	4	-398.48	-34.86	910	7
1	184	2	0	4	80	0.00	0.00	2447	6
1	185	2	1	4	60	349.85	-193.92	1262	7
1	186	2	0	12	20	0.00	0.00	3701	6
1	187	2	0	4	50	0.00	0.00	1724	6
1	188	2	0	12	29	0.00	0.00	4604	6
1	189	2	1	8	40	301.88	262.42	1594	7
1	190	2	1	12	1	399.76	13.96	2796	7
1	191	2	0	8	37	0.00	0.00	3772	6
1	192	2	1	12	19	-375.88	-136.81	1227	7
1	193	2	1	8	20	-365.42	162.69	1060	7
1	194	2	1	12	12	-382.52	116.95	1021	7
1	195	2	0	12	18	0.00	0.00	2092	6
1	196	2	0	4	71	0.00	0.00	1404	6
1	197	2	0	4	79	0.00	0.00	2145	6
1	198	2	0	12	27	0.00	0.00	2170	6
1	199	2	0	8	10	0.00	0.00	2562	6
1	200	2	1	4	13	-96.77	388.12	1216	7
1	201	2	1	8	27	-187.79	353.18	1455	7
1	202	2	1	12	11	-123.61	-380.42	2434	7
1	203	2	0	12	6	0.00	0.00	2340	6
1	204	2	1	4	58	206.02	342.87	1238	7
1	205	2	1	4	78	76.32	392.65	1203	7
1	206	2	1	8	38	-310.86	-251.73	2448	7
1	207	2	1	8	26	-356.40	-181.60	1075	7
1	208	2	1	4	25	175.35	-359.52	1640	7
1	209	2	1	12	16	-382.52	-116.95	954	7
1	210	2	0	8	32	0.00	0.00	2172	6
1	211	2	1	12	17	267.65	297.26	1555	7
1	212	2	0	8	27	0.00	0.00	2200	6
1	213	2	1	12	18	76.32	392.65	2078	7
1	214	2	1	12	27	13.96	399.76	1311	7
1	215	2	1	12	25	27.90	399.03	1422	7
1	216	2	0	4	53	0.00	0.00	1900	6
1	217	2	0	4	61	0.00	0.00	1312	6
1	218	2	0	4	81	0.00	0.00	1459	6
1	219	2	1	8	25	359.52	175.35	1384	7
1	220	2	0	4	50	0.00	0.00	1785	6
1	221	2	0	4	32	0.00	0.00	1668	6
1	222	2	1	4	20	-143.35	373.43	1305	7
1	223	2	1	12	11	267.65	-297.26	2201	7
1	224	2	1	8	6	315.20	-246.26	2063	7
1	225	2	0	8	26	0.00	0.00	2707	6
1	226	2	1	12	14	-386.37	103.53	1540	7
1	227	2	0	12	2	0.00	0.00	3456	6
1	228	2	0	8	23	0.00	0.00	2595	6
1	229	2	1	4	31	339.22	211.97	1173	7
1	230	2	0	12	1	0.00	0.00	4162	6
1	231	2	1	4	69	375.88	-136.81	1891	7
1	232	2	1	8	3	-27.90	399.03	1386	7
1	233	2	0	12	15	0.00	0.00	3666	6
1	234	2	1	12	21	246.26	315.20	1940	7
1	235	2	1	12	25	-399.03	27.90	2912	7
1	236	2	1	8	7	-240.73	-319.45	2024	7
1	237	2	1	4	30	206.02	-342.87	1907	7
1	238	2	1	8	31	339.22	211.97	1493	7
1	239	2	0	8	26	0.00	0.00	2587	6
1	240	2	0	12	18	0.00	0.00	3460	6
1	241	1	0	12	21	0.00	0.00	14104	6
1	242	1	0	12	16	0.00	0.00	9051	6
1	243	1	0	8	21	0.00	0.00	6603	6
1	244	1	0	12	10	0.00	0.00	6210	6
1	245	1	1	8	10	-392.65	-76.32	3984	7
1	246	1	0	8	20	0.00	0.00	6591	6
1	247	1	1	8	11	-391.26	-83.16	4915	7
1	248	1	1	4	42	292.54	272.80	2219	7
1	249	1	0	8	11	0.00	0.00	7213	6
1	250	1	0	8	38	0.00	0.00	4161	6
1	251	1	0	12	2	0.00	0.00	7220	6
1	252	1	1	12	7	-396.11	-55.67	4854	7
1	253	1	0	8	10	0.00	0.00	5451	6
1	254	1	1	4	21	149.84	-370.87	2178	7
1	255	1	0	8	0	0.00	0.00	4477	6
1	256	1	1	8	23	-143.35	-373.43	3802	7
1	257	1	1	12	28	-349.85	-193.92	6810	7
1	258	1	0	4	67	0.00	0.00	3455	6
1	259	1	1	4	17	-123.61	380.42	2349	7
1	260	1	1	8	18	378.21	130.23	3559	7
1	261	1	0	12	13	0.00	0.00	6921	6
1	262	1	1	8	7	-240.73	-319.45	4207	7
1	263	1	1	4	22	368.20	156.29	1987	7
1	264	1	1	12	29	-400.00	0.00	5011	7
1	265	1	0	8	24	0.00	0.00	5511	6
1	266	1	0	8	32	0.00	0.00	5313	6
1	267	1	1	8	42	-272.80	292.54	2141	7
1	268	1	0	4	62	0.00	0.00	2657	6
1	269	1	0	8	15	0.00	0.00	3951	6
1	270	1	1	12	29	-200.00	346.41	3418	7
1	271	1	1	4	42	292.54	272.80	2101	7
1	272	1	0	12	15	0.00	0.00	9232	6
1	273	1	1	12	29	200.00	-346.41	4780	7
1	274	1	0	8	31	0.00	0.00	4351	6
1	275	1	0	8	30	0.00	0.00	4443	6
1	276	1	1	4	86	-20.93	-399.45	2139	7
1	277	1	1	8	4	306.42	-257.12	3957	7
1	278	1	0	4	76	0.00	0.00	2407	6
1	279	1	1	4	62	-356.40	181.60	1773	7
1	280	1	1	8	31	211.97	-339.22	3072	7
1	281	1	0	4	75	0.00	0.00	2951	6
1	282	1	0	12	28	0.00	0.00	5018	6
1	283	1	0	4	34	0.00	0.00	2634	6
1	284	1	0	12	28	0.00	0.00	6118	6
1	285	1	1	12	15	-96.77	-388.12	5257	7
1	286	1	1	8	27	-187.79	353.18	2456	7
1	287	1	0	8	31	0.00	0.00	4731	6
1	288	1	0	12	14	0.00	0.00	8276	6
1	289	1	1	8	6	-315.20	246.26	1901	7
1	290	1	1	4	83	397.81	-41.81	1864	7
1	291	1	1	8	22	-368.20	-156.29	3513	7
1	292	1	0	12	16	0.00	0.00	5733	6
1	293	1	0	4	58	0.00	0.00	2365	6
1	294	1	0	4	30	0.00	0.00	2345	6
1	295	1	0	4	61	0.00	0.00	2520	6
1	296	1	1	12	5	41.81	-397.81	4021	7
1	297	1	1	4	77	83.16	391.26	2078	7
1	298	1	0	4	39	0.00	0.00	2021	6
1	299	1	1	12	15	110.25	-384.50	4017	7
1	300	1	1	12	0	-6.98	399.94	2452	7
1	301	1	0	8	30	0.00	0.00	3930	6
1	302	1	0	4	63	0.00	0.00	2612	6
1	303	1	1	12	2	-335.47	-217.86	4674	7
1	304	1	1	12	13	-384.50	110.25	1418	7
1	305	1	0	4	83	0.00	0.00	3272	6
1	306	1	0	4	29	0.00	0.00	2272	6
1	307	1	1	8	44	-0.00	-400.00	3306	7
1	308	1	1	8	42	-399.76	13.96	2039	7
1	309	1	0	8	16	0.00	0.00	4223	6
1	310	1	0	12	12	0.00	0.00	6869	6
1	311	1	1	4	67	370.87	-149.84	1710	7
1	312	1	0	4	19	0.00	0.00	2354	6
1	313	1	0	4	82	0.00	0.00	1827	6
1	314	1	0	4	25	0.00	0.00	2285	6
1	315	1	0	12	18	0.00	0.00	7543	6
1	316	1	0	8	17	0.00	0.00	5002	6
1	317	1	1	12	12	89.98	-389.75	4498	7
1	318	1	0	12	3	0.00	0.00	4529	6
1	319	1	1	4	2	-399.45	-20.93	1386	7
1	320	1	0	12	14	0.00	0.00	6002	6
1	321	1	1	4	33	-223.68	331.62	1911	7
1	322	1	0	12	4	0.00	0.00	4757	6
1	323	1	1	4	83	-397.81	41.81	1775	7
1	324	1	1	4	84	34.86	398.48	1438	7
1	325	1	0	8	34	0.00	0.00	5201	6
1	326	1	0	4	57	0.00	0.00	2630	6
1	327	1	1	12	28	-6.98	-399.94	5824	7
1	328	1	0	12	21	0.00	0.00	5389	6
1	329	1	1	4	50	310.86	-251.73	2408	7
1	330	1	0	12	28	0.00	0.00	5749	6
1	331	1	0	8	22	0.00	0.00	3245	6
1	332	1	0	12	11	0.00	0.00	4903	6
1	333	1	1	8	38	251.73	-310.86	2484	7
1	334	1	0	8	1	0.00	0.00	4050	6
1	335	1	0	4	89	0.00	0.00	1701	6
1	336	1	0	4	21	0.00	0.00	1940	6
1	337	1	0	12	14	0.00	0.00	5116	6
1	338	1	0	8	31	0.00	0.00	3165	6
1	339	1	1	8	6	-397.02	-48.75	1214	7
1	340	1	1	12	13	-287.74	-277.86	5285	7
1	341	1	1	12	15	-96.77	-388.12	5325	7
1	342	1	1	12	24	-229.43	-327.66	4185	7
1	343	1	1	8	29	-103.53	-386.37	3696	7
1	344	1	0	8	10	0.00	0.00	3584	6
1	345	1	0	4	11	0.00	0.00	1810	6
1	346	1	1	4	86	399.45	-20.93	1439	7
1	347	1	1	12	5	365.42	-162.69	3352	7
1	348	1	1	8	9	-327.66	229.43	2935	6
1	349	1	1	4	14	386.37	103.53	3122	7
1	350	1	1	8	38	-41.81	-397.81	3047	7
1	351	1	1	12	24	-398.48	34.86	2901	7
1	352	1	1	12	5	-323.61	-235.11	5302	7
1	353	1	0	12	10	0.00	0.00	6307	6
1	354	1	1	4	82	397.02	-48.75	1660	7
1	355	1	0	4	71	0.00	0.00	2068	6
1	356	1	1	8	8	-323.61	235.11	1292	7
1	357	1	1	8	31	-389.75	89.98	1335	7
1	358	1	1	4	42	-292.54	-272.80	2317	7
1	359	1	1	12	4	229.43	-327.66	3689	7
1	360	1	1	4	0	399.94	6.98	2035	7
1	361	3	0	12	5	0.00	0.00	3155	6
1	362	3	1	12	13	388.12	96.77	940	7
1	363	3	0	8	12	0.00	0.00	2315	6
1	364	3	1	8	39	306.42	257.12	1531	7
1	365	3	1	12	1	-211.97	339.22	1285	7
1	366	3	1	8	29	-386.37	103.53	1981	7
1	367	3	0	4	46	0.00	0.00	1624	6
1	368	3	1	4	56	-217.86	-335.47	1243	7
1	369	3	1	12	0	-6.98	399.94	1624	7
1	370	3	0	4	41	0.00	0.00	1381	6
1	371	3	0	8	7	0.00	0.00	1727	6
1	372	3	1	4	67	370.87	-149.84	1272	7
1	373	3	1	12	6	397.02	48.75	1140	7
1	374	3	1	4	33	-223.68	331.62	1631	7
1	375	3	0	12	10	0.00	0.00	1897	6
1	376	3	1	8	44	282.84	-282.84	1653	7
1	377	3	1	12	1	399.76	13.96	1212	7
1	378	3	1	4	4	-34.86	398.48	1144	7
1	379	3	0	4	48	0.00	0.00	2324	6
1	380	3	1	4	52	-319.45	240.73	1582	7
1	381	3	0	12	14	0.00	0.00	2822	6
1	382	3	1	12	16	116.95	-382.52	3478	7
1	383	3	1	4	53	-323.61	235.11	3178	7
1	384	3	0	8	17	0.00	0.00	2812	6
1	385	3	0	12	0	0.00	0.00	3075	6
1	386	3	1	8	16	-382.52	-116.95	1120	7
1	387	3	1	12	16	272.80	292.54	1497	7
1	388	3	0	12	2	0.00	0.00	1708	6
1	389	3	0	4	61	0.00	0.00	1311	6
1	390	3	0	4	21	0.00	0.00	1660	6
1	391	3	1	12	24	398.48	-34.86	1330	7
1	392	3	1	4	44	-282.84	-282.84	1517	7
1	393	3	1	8	12	89.98	-389.75	1673	7
1	394	3	1	12	17	391.26	-83.16	1337	7
1	395	3	1	4	31	-339.22	-211.97	1175	7
1	396	3	0	8	36	0.00	0.00	2437	6
1	397	3	1	4	77	-391.26	83.16	955	7
1	398	3	0	12	14	0.00	0.00	2391	6
1	399	3	0	12	20	0.00	0.00	1886	6
1	400	3	1	8	24	375.88	-136.81	1002	7
1	401	3	0	12	19	0.00	0.00	2262	6
1	402	3	1	12	13	-110.25	-384.50	1633	7
1	403	3	1	8	27	-187.79	353.18	1090	7
1	404	3	0	8	18	0.00	0.00	2029	6
1	405	3	1	8	17	-181.60	-356.40	1583	7
1	406	3	0	4	57	0.00	0.00	1141	6
1	407	3	0	8	22	0.00	0.00	1948	6
1	408	3	0	12	24	0.00	0.00	1440	6
1	409	3	0	12	3	0.00	0.00	3519	6
1	410	3	1	8	29	346.41	200.00	1100	7
1	411	3	0	4	52	0.00	0.00	851	6
1	412	3	1	8	37	315.20	246.26	1378	7
1	413	3	1	4	35	235.11	-323.61	1104	7
1	414	3	1	12	27	211.97	339.22	1543	7
1	415	3	1	12	23	365.42	162.69	1670	7
1	416	3	1	8	24	375.88	-136.81	1209	7
1	417	3	0	4	44	0.00	0.00	1092	6
1	418	3	1	4	44	-282.84	-282.84	1258	7
1	419	3	0	8	43	0.00	0.00	2959	6
1	420	3	1	4	49	-257.12	-306.42	917	7
1	421	3	0	12	14	0.00	0.00	1579	6
1	422	3	0	4	6	0.00	0.00	952	6
1	423	3	0	4	46	0.00	0.00	1102	6
1	424	3	0	8	1	0.00	0.00	1970	6
1	425	3	1	12	20	-310.86	251.73	1162	7
1	426	3	1	12	19	306.42	-257.12	1588	7
1	427	3	1	4	28	349.85	193.92	1156	7
1	428	3	1	4	50	251.73	310.86	960	7
1	429	3	0	8	18	0.00	0.00	2007	6
1	430	3	0	12	22	0.00	0.00	1632	7
1	431	3	0	8	39	0.00	0.00	3442	6
1	432	3	0	4	65	0.00	0.00	1978	6
1	433	3	1	12	6	-240.73	319.45	1804	7
1	434	3	1	4	89	0.00	400.00	1248	7
1	435	3	0	8	33	0.00	0.00	1613	6
1	436	3	1	8	40	399.03	-27.90	1804	7
1	437	3	0	8	43	0.00	0.00	2535	6
1	438	3	1	4	72	-116.95	-382.52	1295	7
1	439	3	0	4	55	0.00	0.00	983	6
1	440	3	0	12	29	0.00	0.00	2186	6
1	441	3	1	12	18	-301.88	262.42	1113	7
1	442	3	0	4	72	0.00	0.00	1212	6
1	443	3	0	12	23	0.00	0.00	1807	6
1	444	3	0	4	18	0.00	0.00	1051	6
1	445	3	1	12	7	246.26	-315.20	992	7
1	446	3	0	12	9	0.00	0.00	1370	6
1	447	3	0	4	38	0.00	0.00	927	6
1	448	3	0	12	20	0.00	0.00	1594	6
1	449	3	1	4	32	-335.47	-217.86	1134	7
1	450	3	0	4	68	0.00	0.00	1019	6
1	451	3	0	4	56	0.00	0.00	1296	6
1	452	3	1	8	11	-335.47	217.86	1030	7
1	453	3	0	8	19	0.00	0.00	1548	6
1	454	3	1	8	10	-392.65	-76.32	1376	7
1	455	3	1	12	12	89.98	-389.75	1567	7
1	456	3	1	8	22	156.29	-368.20	1583	7
1	457	3	0	8	27	0.00	0.00	1357	6
1	458	3	0	12	25	0.00	0.00	1864	6
1	459	3	0	4	26	0.00	0.00	1049	6
1	460	3	0	12	9	0.00	0.00	1643	6
1	461	3	1	8	9	69.46	-393.92	1184	7
1	462	3	1	12	9	-69.46	393.92	2031	7
1	463	3	0	8	31	0.00	0.00	1968	6
1	464	3	0	4	46	0.00	0.00	1018	6
1	465	3	1	8	11	391.26	83.16	1619	7
1	466	3	1	8	26	-123.61	-380.42	1046	7
1	467	3	0	8	13	0.00	0.00	2044	6
1	468	3	1	8	8	-323.61	235.11	870	7
1	469	3	1	8	16	-116.95	382.52	1177	7
1	470	3	1	4	74	-386.37	103.53	1152	7
1	471	3	0	12	1	0.00	0.00	3247	6
1	472	3	1	4	72	-116.95	-382.52	971	7
1	473	3	0	8	5	0.00	0.00	1912	6
1	474	3	0	12	4	0.00	0.00	1532	6
1	475	3	1	12	0	349.85	-193.92	1085	7
1	476	3	0	8	15	0.00	0.00	1214	6
1	477	3	1	4	8	-62.57	395.08	863	7
1	478	3	0	8	29	0.00	0.00	1309	6
1	479	3	0	8	40	0.00	0.00	1827	6
1	480	3	0	4	44	0.00	0.00	1293	6
