blk	trl	target	search	nitems	rot_offset	tpos_x	tpos_y	rt	button
3	1	1	1	4	40	-262.42	301.88	1407	7
3	2	1	1	12	28	206.02	342.87	1455	7
3	3	1	1	12	22	-156.29	368.20	1266	7
3	4	1	1	8	6	48.75	-397.02	3066	7
3	5	1	1	12	14	-103.53	-386.37	4905	7
3	6	1	1	4	80	62.57	395.08	1709	7
3	7	1	1	12	24	34.86	398.48	1586	7
3	8	1	0	12	1	0.00	0.00	5872	6
3	9	1	1	12	24	-34.86	-398.48	3501	7
3	10	1	1	8	26	181.60	-356.40	2439	7
3	11	1	1	4	72	-116.95	-382.52	1694	7
3	12	1	0	4	72	0.00	0.00	1472	7
3	13	1	0	8	17	0.00	0.00	4344	6
3	14	1	1	8	1	-292.54	272.80	2035	7
3	15	1	1	8	11	-217.86	-335.47	2951	7
3	16	1	0	12	12	0.00	0.00	4720	6
3	17	1	1	8	25	175.35	-359.52	2508	7
3	18	1	1	8	32	83.16	391.26	2274	7
3	19	1	0	8	43	0.00	0.00	4126	6
3	20	1	0	12	17	0.00	0.00	6349	6
3	21	1	0	8	38	0.00	0.00	4358	6
3	22	1	1	8	38	-397.81	41.81	1961	7
3	23	1	1	8	28	384.50	-110.25	2131	7
3	24	1	1	12	8	310.86	251.73	2187	7
3	25	1	1	12	13	96.77	-388.12	3175	7
3	26	1	1	4	84	34.86	398.48	2193	7
3	27	1	1	4	31	211.97	-339.22	2004	7
3	28	1	1	4	80	62.57	395.08	2014	7
3	29	1	0	12	15	0.00	0.00	6332	6
3	30	1	0	4	57	0.00	0.00	2302	6
3	31	1	1	12	10	262.42	-301.88	3204	7
3	32	1	1	8	8	323.61	-235.11	2560	7
3	33	1	1	12	17	123.61	-380.42	3670	7
3	34	1	1	8	3	-399.03	-27.90	1646	7
3	35	1	0	4	53	0.00	0.00	2320	6
3	36	1	0	12	9	0.00	0.00	4856	6
3	37	1	1	8	41	20.93	399.45	2023	7
3	38	1	0	12	16	0.00	0.00	8417	6
3	39	1	0	4	2	0.00	0.00	2888	6
3	40	1	1	8	43	-6.98	-399.94	2451	7
3	41	1	1	4	75	-388.12	96.77	1246	7
3	42	1	1	4	73	110.25	384.50	1627	7
3	43	1	0	4	82	0.00	0.00	2287	6
3	44	1	0	12	11	0.00	0.00	5410	6
3	45	1	1	8	14	-386.37	-103.53	3209	7
3	46	1	0	4	71	0.00	0.00	2606	6
3	47	1	1	8	40	27.90	399.03	1394	7
3	48	1	0	4	6	0.00	0.00	1802	6
3	49	1	0	12	12	0.00	0.00	4754	6
3	50	1	1	8	35	235.11	-323.61	2182	7
3	51	1	0	8	9	0.00	0.00	3175	6
3	52	1	0	4	66	0.00	0.00	3082	6
3	53	1	0	12	22	0.00	0.00	8032	6
3	54	1	0	12	18	0.00	0.00	6452	6
3	55	1	0	4	21	0.00	0.00	1825	6
3	56	1	1	12	23	-235.11	-323.61	3275	7
3	57	1	1	4	3	27.90	-399.03	1789	7
3	58	1	1	4	71	-380.42	123.61	1583	7
3	59	1	0	8	42	0.00	0.00	2340	6
3	60	1	1	12	0	206.02	-342.87	3293	7
3	61	1	0	4	24	0.00	0.00	1589	6
3	62	1	1	8	5	251.73	310.86	1437	7
3	63	1	1	12	1	399.76	13.96	2110	7
3	64	1	1	4	9	-393.92	-69.46	3611	7
3	65	1	1	4	29	346.41	200.00	1299	7
3	66	1	1	12	0	349.85	-193.92	1999	7
3	67	1	0	4	23	0.00	0.00	1680	6
3	68	1	1	8	4	306.42	-257.12	2335	7
3	69	1	0	4	58	0.00	0.00	1883	6
3	70	1	1	4	14	-386.37	-103.53	1381	7
3	71	1	0	8	38	0.00	0.00	3462	6
3	72	1	0	8	43	0.00	0.00	2000	6
3	73	1	1	12	28	-342.87	206.02	1340	7
3	74	1	0	8	32	0.00	0.00	3581	6
3	75	1	0	4	11	0.00	0.00	1818	6
3	76	1	0	4	69	0.00	0.00	1732	6
3	77	1	0	8	12	0.00	0.00	2816	6
3	78	1	0	12	25	0.00	0.00	6665	6
3	79	1	1	4	42	-272.80	292.54	1534	7
3	80	1	0	8	26	0.00	0.00	4329	6
3	81	1	0	8	30	0.00	0.00	3533	6
3	82	1	1	4	89	-0.00	-400.00	1666	7
3	83	1	1	12	28	349.85	193.92	5614	7
3	84	1	0	12	29	0.00	0.00	4321	6
3	85	1	0	12	21	0.00	0.00	4546	6
3	86	1	0	8	34	0.00	0.00	4837	6
3	87	1	1	12	3	223.68	-331.62	3428	7
3	88	1	1	12	26	335.47	-217.86	3314	7
3	89	1	1	4	5	-397.81	-41.81	1254	7
3	90	1	1	8	18	378.21	130.23	1837	7
3	91	1	1	12	21	-149.84	370.87	3559	7
3	92	1	0	12	14	0.00	0.00	6039	6
3	93	1	0	12	6	0.00	0.00	6268	6
3	94	1	0	12	15	0.00	0.00	5329	6
3	95	1	0	8	29	0.00	0.00	4887	6
3	96	1	0	8	17	0.00	0.00	3878	6
3	97	1	0	4	6	0.00	0.00	1718	6
3	98	1	0	8	23	0.00	0.00	4331	6
3	99	1	1	8	2	399.45	20.93	2482	7
3	100	1	1	4	5	-41.81	397.81	3638	7
3	101	1	0	4	33	0.00	0.00	2812	6
3	102	1	0	8	5	0.00	0.00	5348	6
3	103	1	0	8	42	0.00	0.00	3298	6
3	104	1	0	4	84	0.00	0.00	2038	6
3	105	1	0	12	13	0.00	0.00	5266	6
3	106	1	1	12	9	-393.92	-69.46	3579	7
3	107	1	1	4	60	349.85	-193.92	1544	7
3	108	1	0	8	13	0.00	0.00	5544	6
3	109	1	1	8	35	235.11	-323.61	2185	7
3	110	1	1	4	37	-315.20	-246.26	2694	7
3	111	1	0	4	17	0.00	0.00	1684	6
3	112	1	0	8	4	0.00	0.00	5861	6
3	113	1	1	4	43	287.74	277.86	2023	7
3	114	1	1	12	9	257.12	-306.42	3118	7
3	115	1	0	8	43	0.00	0.00	4825	6
3	116	1	0	4	11	0.00	0.00	1598	6
3	117	1	0	12	12	0.00	0.00	5747	6
3	118	1	0	12	14	0.00	0.00	7606	6
3	119	1	0	4	28	0.00	0.00	1802	6
3	120	1	0	12	27	0.00	0.00	6088	6
3	121	3	1	12	26	335.47	-217.86	1081	7
3	122	3	1	8	23	162.69	-365.42	1096	7
3	123	3	1	12	19	-69.46	-393.92	1670	7
3	124	3	1	8	31	-89.98	-389.75	2015	7
3	125	3	0	4	77	0.00	0.00	1150	6
3	126	3	0	12	18	0.00	0.00	2873	6
3	127	3	0	8	3	0.00	0.00	2483	6
3	128	3	0	4	16	0.00	0.00	2442	6
3	129	3	1	8	28	193.92	-349.85	1250	7
3	130	3	0	8	1	0.00	0.00	2575	6
3	131	3	1	8	12	339.22	-211.97	1171	7
3	132	3	1	12	11	-83.16	391.26	1024	7
3	133	3	1	8	34	69.46	393.92	1268	7
3	134	3	0	8	24	0.00	0.00	2250	6
3	135	3	1	4	65	-162.69	-365.42	920	7
3	136	3	1	8	23	365.42	162.69	1355	7
3	137	3	0	12	12	0.00	0.00	2035	6
3	138	3	1	4	79	393.92	-69.46	763	7
3	139	3	1	8	6	-315.20	246.26	1101	7
3	140	3	0	4	19	0.00	0.00	1435	6
3	141	3	0	12	0	0.00	0.00	1856	6
3	142	3	0	12	23	0.00	0.00	2716	6
3	143	3	0	12	12	0.00	0.00	2310	6
3	144	3	0	12	26	0.00	0.00	1679	6
3	145	3	1	8	23	-143.35	-373.43	1674	7
3	146	3	1	12	2	-356.40	181.60	1983	7
3	147	3	1	8	29	-200.00	346.41	996	7
3	148	3	0	4	10	0.00	0.00	2277	6
3	149	3	0	4	28	0.00	0.00	1697	6
3	150	3	1	8	28	-193.92	349.85	1430	7
3	151	3	1	8	18	-359.52	175.35	1100	7
3	152	3	0	4	7	0.00	0.00	2438	6
3	153	3	0	8	29	0.00	0.00	3684	6
3	154	3	0	12	5	0.00	0.00	2370	6
3	155	3	0	12	13	0.00	0.00	2977	6
3	156	3	1	12	11	-380.42	123.61	960	7
3	157	3	1	12	4	-362.52	169.05	1157	7
3	158	3	0	8	27	0.00	0.00	2242	6
3	159	3	0	8	6	0.00	0.00	2877	6
3	160	3	1	8	44	-282.84	-282.84	1390	7
3	161	3	0	12	25	0.00	0.00	1408	6
3	162	3	0	8	31	0.00	0.00	2256	6
3	163	3	1	4	46	-292.54	272.80	1856	7
3	164	3	1	8	36	319.45	240.73	1298	7
3	165	3	1	4	33	-223.68	331.62	1133	7
3	166	3	0	12	27	0.00	0.00	4247	6
3	167	3	1	4	86	399.45	-20.93	1083	7
3	168	3	0	4	43	0.00	0.00	866	6
3	169	3	1	4	12	89.98	-389.75	1018	7
3	170	3	1	4	87	13.96	399.76	844	7
3	171	3	0	4	13	0.00	0.00	1994	6
3	172	3	1	8	27	116.95	382.52	1083	7
3	173	3	0	12	13	0.00	0.00	2727	6
3	174	3	0	12	13	0.00	0.00	2896	6
3	175	3	1	4	17	123.61	-380.42	981	7
3	176	3	0	8	10	0.00	0.00	2202	6
3	177	3	0	8	23	0.00	0.00	2670	6
3	178	3	1	4	85	-399.03	27.90	949	7
3	179	3	1	8	35	235.11	-323.61	1289	7
3	180	3	0	4	41	0.00	0.00	1948	6
3	181	3	0	8	27	0.00	0.00	2387	6
3	182	3	0	4	28	0.00	0.00	1556	6
3	183	3	0	4	20	0.00	0.00	1458	6
3	184	3	1	4	11	-391.26	-83.16	998	7
3	185	3	0	8	25	0.00	0.00	1527	6
3	186	3	0	12	19	0.00	0.00	2544	6
3	187	3	1	12	4	362.52	-169.05	1108	7
3	188	3	1	4	84	34.86	398.48	1117	7
3	189	3	1	8	21	-149.84	370.87	804	7
3	190	3	1	12	15	-96.77	-388.12	1592	7
3	191	3	0	8	41	0.00	0.00	2642	6
3	192	3	0	12	16	0.00	0.00	3117	6
3	193	3	0	8	37	0.00	0.00	2915	6
3	194	3	1	12	28	-206.02	-342.87	1096	7
3	195	3	1	12	20	-251.73	-310.86	990	7
3	196	3	1	4	68	-373.43	143.35	1110	7
3	197	3	0	8	38	0.00	0.00	3090	6
3	198	3	0	4	87	0.00	0.00	871	6
3	199	3	1	12	15	96.77	388.12	861	7
3	200	3	0	8	28	0.00	0.00	1934	6
3	201	3	0	12	28	0.00	0.00	2903	6
3	202	3	0	8	13	0.00	0.00	2294	6
3	203	3	1	12	22	368.20	156.29	941	7
3	204	3	1	4	64	-362.52	169.05	781	7
3	205	3	1	12	20	-395.08	62.57	1103	7
3	206	3	1	4	77	-391.26	83.16	1963	7
3	207	3	1	4	89	400.00	-0.00	842	7
3	208	3	1	8	40	-301.88	-262.42	1465	7
3	209	3	0	4	44	0.00	0.00	945	6
3	210	3	0	12	2	0.00	0.00	1643	6
3	211	3	1	4	54	-327.66	229.43	913	7
3	212	3	1	8	5	310.86	-251.73	2094	7
3	213	3	1	12	18	-378.21	-130.23	1614	7
3	214	3	0	4	81	0.00	0.00	775	6
3	215	3	1	4	60	193.92	349.85	865	7
3	216	3	0	12	22	0.00	0.00	3296	6
3	217	3	1	12	15	-96.77	-388.12	1040	7
3	218	3	0	8	41	0.00	0.00	2272	6
3	219	3	1	8	44	282.84	-282.84	963	7
3	220	3	0	4	11	0.00	0.00	1800	6
3	221	3	1	12	1	-353.18	187.79	1136	7
3	222	3	1	4	52	-240.73	-319.45	1339	7
3	223	3	0	4	13	0.00	0.00	1391	6
3	224	3	1	12	21	315.20	-246.26	866	7
3	225	3	0	12	14	0.00	0.00	3542	6
3	226	3	0	8	13	0.00	0.00	2779	6
3	227	3	1	4	49	-257.12	-306.42	1447	7
3	228	3	1	12	22	-368.20	-156.29	1404	7
3	229	3	1	12	25	-359.52	-175.35	891	7
3	230	3	1	8	14	200.00	346.41	1129	7
3	231	3	0	8	10	0.00	0.00	2031	6
3	232	3	0	4	24	0.00	0.00	925	6
3	233	3	0	12	21	0.00	0.00	3736	6
3	234	3	1	4	8	-395.08	-62.57	1160	7
3	235	3	0	4	75	0.00	0.00	908	6
3	236	3	0	4	34	0.00	0.00	791	6
3	237	3	0	8	6	0.00	0.00	2438	6
3	238	3	0	12	28	0.00	0.00	2099	6
3	239	3	1	12	29	-0.00	-400.00	1011	7
3	240	3	0	4	24	0.00	0.00	931	6
3	241	2	1	8	39	-306.42	-257.12	2302	7
3	242	2	0	8	0	0.00	0.00	4426	6
3	243	2	0	4	66	0.00	0.00	2347	6
3	244	2	0	8	27	0.00	0.00	3753	6
3	245	2	0	8	15	0.00	0.00	4582	6
3	246	2	0	4	38	0.00	0.00	1420	6
3	247	2	0	4	84	0.00	0.00	1527	6
3	248	2	1	12	12	116.95	382.52	1247	7
3	249	2	0	12	1	0.00	0.00	3755	6
3	250	2	1	8	24	362.52	169.05	1543	7
3	251	2	0	8	24	0.00	0.00	2372	6
3	252	2	1	8	7	55.67	-396.11	1817	7
3	253	2	0	8	25	0.00	0.00	5167	6
3	254	2	1	12	10	262.42	-301.88	2187	7
3	255	2	0	4	72	0.00	0.00	1826	6
3	256	2	1	4	83	41.81	397.81	3519	7
3	257	2	0	4	74	0.00	0.00	2633	6
3	258	2	1	12	13	110.25	384.50	1145	7
3	259	2	1	8	21	149.84	-370.87	1823	7
3	260	2	0	4	40	0.00	0.00	1579	6
3	261	2	0	8	44	0.00	0.00	3241	6
3	262	2	0	4	68	0.00	0.00	1352	6
3	263	2	0	4	51	0.00	0.00	1781	6
3	264	2	1	4	46	292.54	-272.80	1284	7
3	265	2	1	12	7	-149.84	-370.87	1143	7
3	266	2	1	8	20	143.35	-373.43	1595	7
3	267	2	1	12	0	-6.98	399.94	1034	7
3	268	2	0	4	51	0.00	0.00	1289	6
3	269	2	0	12	18	0.00	0.00	2878	6
3	270	2	1	12	20	-310.86	251.73	2820	7
3	271	2	1	8	13	-96.77	388.12	1272	7
3	272	2	0	4	84	0.00	0.00	1339	6
3	273	2	1	12	22	-319.45	240.73	1135	7
3	274	2	1	4	85	-399.03	27.90	1256	7
3	275	2	1	12	12	-116.95	-382.52	2200	7
3	276	2	1	12	24	-327.66	229.43	958	7
3	277	2	1	12	7	-149.84	-370.87	2299	7
3	278	2	1	12	20	-395.08	62.57	1167	7
3	279	2	0	4	81	0.00	0.00	1387	6
3	280	2	1	4	22	368.20	156.29	1165	7
3	281	2	1	8	19	375.88	136.81	1277	7
3	282	2	0	4	85	0.00	0.00	1244	6
3	283	2	1	12	27	-399.76	13.96	1098	7
3	284	2	1	4	5	-41.81	397.81	953	7
3	285	2	1	12	24	-229.43	-327.66	2719	7
3	286	2	0	12	16	0.00	0.00	2929	6
3	287	2	1	8	25	175.35	-359.52	2144	7
3	288	2	0	4	54	0.00	0.00	1203	6
3	289	2	0	12	26	0.00	0.00	2307	6
3	290	2	0	8	42	0.00	0.00	1717	6
3	291	2	0	12	2	0.00	0.00	1776	6
3	292	2	1	8	13	-342.87	206.02	1875	7
3	293	2	1	8	6	-246.26	-315.20	2397	7
3	294	2	0	12	18	0.00	0.00	2921	6
3	295	2	0	12	28	0.00	0.00	4172	6
3	296	2	1	4	21	-149.84	370.87	1128	7
3	297	2	0	4	88	0.00	0.00	2031	6
3	298	2	0	8	41	0.00	0.00	2301	6
3	299	2	0	8	6	0.00	0.00	2618	6
3	300	2	0	12	0	0.00	0.00	2527	6
3	301	2	1	8	1	399.76	13.96	1568	7
3	302	2	0	8	37	0.00	0.00	2285	6
3	303	2	0	12	19	0.00	0.00	4220	6
3	304	2	0	8	37	0.00	0.00	3429	6
3	305	2	1	4	21	149.84	-370.87	1262	7
3	306	2	0	4	64	0.00	0.00	1576	6
3	307	2	0	4	26	0.00	0.00	3121	6
3	308	2	0	12	22	0.00	0.00	3566	6
3	309	2	1	8	22	-370.87	149.84	846	7
3	310	2	0	8	11	0.00	0.00	2775	6
3	311	2	0	8	33	0.00	0.00	2440	6
3	312	2	0	12	6	0.00	0.00	3598	6
3	313	2	1	8	34	393.92	-69.46	1554	7
3	314	2	1	12	19	375.88	136.81	1199	7
3	315	2	1	8	21	370.87	149.84	1123	7
3	316	2	0	8	35	0.00	0.00	2270	6
3	317	2	1	4	72	-116.95	-382.52	1331	7
3	318	2	0	8	38	0.00	0.00	2933	6
3	319	2	1	8	20	373.43	143.35	1136	7
3	320	2	1	8	32	391.26	-83.16	1207	7
3	321	2	1	4	80	62.57	395.08	1103	7
3	322	2	0	12	27	0.00	0.00	4081	6
3	323	2	0	12	11	0.00	0.00	3339	6
3	324	2	0	4	86	0.00	0.00	1806	6
3	325	2	0	12	21	0.00	0.00	2983	6
3	326	2	0	8	5	0.00	0.00	2029	6
3	327	2	0	12	19	0.00	0.00	2810	6
3	328	2	1	12	22	-240.73	-319.45	2017	7
3	329	2	1	4	60	349.85	-193.92	1051	7
3	330	2	0	8	12	0.00	0.00	2244	6
3	331	2	0	4	14	0.00	0.00	1676	6
3	332	2	0	4	3	0.00	0.00	1793	6
3	333	2	0	12	1	0.00	0.00	4944	6
3	334	2	1	8	43	277.86	-287.74	1332	7
3	335	2	1	4	22	-368.20	-156.29	1109	7
3	336	2	1	4	38	-310.86	-251.73	1084	7
3	337	2	1	4	53	-235.11	-323.61	1616	7
3	338	2	1	8	37	397.02	-48.75	1174	7
3	339	2	1	4	17	380.42	123.61	1012	7
3	340	2	1	4	30	-342.87	-206.02	1387	7
3	341	2	0	8	39	0.00	0.00	2836	6
3	342	2	1	8	26	380.42	-123.61	1505	7
3	343	2	1	4	47	297.26	-267.65	1088	7
3	344	2	1	12	1	-211.97	339.22	1118	7
3	345	2	0	12	27	0.00	0.00	3713	6
3	346	2	1	12	15	384.50	110.25	960	7
3	347	2	1	12	21	-370.87	-149.84	1896	7
3	348	2	0	8	22	0.00	0.00	3823	6
3	349	2	1	4	81	55.67	396.11	904	7
3	350	2	0	8	39	0.00	0.00	3388	6
3	351	2	1	4	48	-262.42	-301.88	1635	7
3	352	2	1	4	61	187.79	353.18	1020	7
3	353	2	1	4	55	-223.68	-331.62	849	7
3	354	2	0	12	11	0.00	0.00	2898	6
3	355	2	1	8	28	-110.25	-384.50	1627	7
3	356	2	0	12	21	0.00	0.00	6281	6
3	357	2	1	12	28	-349.85	-193.92	2410	7
3	358	2	1	12	22	368.20	156.29	1207	7
3	359	2	0	12	27	0.00	0.00	3540	6
3	360	2	0	4	50	0.00	0.00	2154	6
3	361	0	1	12	9	-69.46	393.92	4917	7
3	362	0	0	8	36	0.00	0.00	8538	6
3	363	0	0	8	31	0.00	0.00	4285	6
3	364	0	1	8	41	399.45	-20.93	3534	7
3	365	0	1	8	42	399.76	-13.96	3897	7
3	366	0	1	8	28	193.92	-349.85	4982	7
3	367	0	1	8	31	339.22	211.97	3491	7
3	368	0	1	4	81	55.67	396.11	2705	7
3	369	0	1	8	34	-393.92	69.46	2476	7
3	370	0	0	12	3	0.00	0.00	17084	6
3	371	0	1	8	15	349.85	-193.92	7646	7
3	372	0	1	4	19	375.88	136.81	3477	7
3	373	0	0	4	38	0.00	0.00	4892	6
3	374	0	1	8	40	27.90	399.03	7579	7
3	375	0	0	4	24	0.00	0.00	7130	6
3	376	0	0	8	42	0.00	0.00	7491	6
3	377	0	1	12	4	-34.86	398.48	3135	7
3	378	0	0	4	26	0.00	0.00	4502	6
3	379	0	0	8	21	0.00	0.00	7816	6
3	380	0	1	12	15	277.86	287.74	5457	7
3	381	0	1	8	22	-149.84	-370.87	5186	7
3	382	0	1	4	35	235.11	-323.61	3760	7
3	383	0	1	4	25	-359.52	-175.35	3082	7
3	384	0	1	4	44	-282.84	-282.84	2404	7
3	385	0	1	4	11	-83.16	391.26	2129	7
3	386	0	1	4	21	-149.84	370.87	2309	7
3	387	0	0	8	2	0.00	0.00	10393	6
3	388	0	0	12	25	0.00	0.00	10662	6
3	389	0	1	12	16	382.52	116.95	5179	7
3	390	0	0	4	83	0.00	0.00	4255	6
3	391	0	0	12	5	0.00	0.00	4738	6
3	392	0	1	4	41	297.26	267.65	2069	7
3	393	0	0	4	67	0.00	0.00	2167	6
3	394	0	0	8	10	0.00	0.00	2852	6
3	395	0	0	8	31	0.00	0.00	4683	6
3	396	0	0	12	15	0.00	0.00	5714	6
3	397	0	0	8	0	0.00	0.00	7417	6
3	398	0	1	4	43	287.74	277.86	2533	7
3	399	0	1	8	31	-339.22	-211.97	5868	7
3	400	0	0	12	6	0.00	0.00	18042	6
3	401	0	0	8	42	0.00	0.00	4555	6
3	402	0	1	8	7	55.67	-396.11	4891	7
3	403	0	0	8	8	0.00	0.00	6892	6
3	404	0	1	12	17	83.16	391.26	9612	7
3	405	0	1	12	15	277.86	287.74	3098	7
3	406	0	1	4	68	-373.43	143.35	1580	7
3	407	0	0	12	4	0.00	0.00	6829	6
3	408	0	0	12	0	0.00	0.00	10576	6
3	409	0	0	12	17	0.00	0.00	11695	6
3	410	0	1	12	21	370.87	149.84	5404	7
3	411	0	0	8	33	0.00	0.00	10719	6
3	412	0	0	4	1	0.00	0.00	2413	6
3	413	0	1	4	48	-262.42	-301.88	2151	7
3	414	0	0	12	11	0.00	0.00	14913	6
3	415	0	1	4	23	162.69	-365.42	2694	7
3	416	0	0	12	3	0.00	0.00	7989	6
3	417	0	0	12	17	0.00	0.00	11902	6
3	418	0	1	12	10	-378.21	130.23	2765	7
3	419	0	1	4	8	-395.08	-62.57	3318	7
3	420	0	1	12	2	-20.93	399.45	4575	7
3	421	0	0	4	13	0.00	0.00	2663	6
3	422	0	0	12	16	0.00	0.00	6643	6
3	423	0	0	4	31	0.00	0.00	2214	6
3	424	0	1	8	44	282.84	282.84	2701	7
3	425	0	1	4	52	-240.73	-319.45	3343	7
3	426	0	0	12	21	0.00	0.00	9825	6
3	427	0	1	8	23	162.69	-365.42	5015	7
3	428	0	1	8	37	246.26	-315.20	7515	6
3	429	0	1	12	11	267.65	-297.26	6524	7
3	430	0	0	8	27	0.00	0.00	9722	6
3	431	0	0	4	21	0.00	0.00	5471	6
3	432	0	1	4	26	-181.60	356.40	2886	7
3	433	0	0	12	4	0.00	0.00	12927	6
3	434	0	1	8	24	362.52	169.05	3060	7
3	435	0	0	4	7	0.00	0.00	3480	6
3	436	0	0	4	40	0.00	0.00	3158	6
3	437	0	0	8	19	0.00	0.00	5803	6
3	438	0	0	8	7	0.00	0.00	6458	6
3	439	0	1	8	2	-399.45	-20.93	3342	7
3	440	0	1	12	2	-20.93	399.45	10178	6
3	441	0	0	12	18	0.00	0.00	11792	6
3	442	0	1	8	0	-399.94	-6.98	3919	7
3	443	0	0	4	79	0.00	0.00	2743	6
3	444	0	0	4	47	0.00	0.00	2458	6
3	445	0	1	12	28	-206.02	-342.87	4542	7
3	446	0	0	12	11	0.00	0.00	7750	6
3	447	0	0	4	25	0.00	0.00	4751	6
3	448	0	1	12	10	262.42	-301.88	5825	7
3	449	0	0	8	36	0.00	0.00	5076	6
3	450	0	0	4	35	0.00	0.00	4637	6
3	451	0	0	12	11	0.00	0.00	13490	6
3	452	0	1	8	39	257.12	-306.42	5062	7
3	453	0	0	8	29	0.00	0.00	6828	6
3	454	0	1	12	29	-346.41	200.00	2256	7
3	455	0	1	4	56	217.86	335.47	2483	7
3	456	0	1	12	11	-267.65	297.26	1840	7
3	457	0	1	12	24	-169.05	362.52	3202	7
3	458	0	0	4	85	0.00	0.00	6123	6
3	459	0	1	12	8	-143.35	-373.43	8520	7
3	460	0	0	4	21	0.00	0.00	5858	6
3	461	0	0	8	20	0.00	0.00	9256	6
3	462	0	0	4	86	0.00	0.00	6185	6
3	463	0	1	8	24	-362.52	-169.05	3637	6
3	464	0	1	12	3	-331.62	-223.68	11286	7
3	465	0	0	8	37	0.00	0.00	8671	6
3	466	0	0	12	6	0.00	0.00	11374	6
3	467	0	1	12	18	130.23	-378.21	7649	7
3	468	0	1	12	13	-96.77	388.12	6293	7
3	469	0	0	12	19	0.00	0.00	11468	6
3	470	0	0	8	15	0.00	0.00	8705	6
3	471	0	1	4	46	272.80	292.54	4823	7
3	472	0	1	4	62	356.40	-181.60	6978	7
3	473	0	1	8	37	397.02	-48.75	4742	7
3	474	0	1	4	44	-282.84	282.84	3518	7
3	475	0	0	4	46	0.00	0.00	6256	6
3	476	0	0	4	85	0.00	0.00	5752	6
3	477	0	0	12	15	0.00	0.00	13212	6
3	478	0	0	8	29	0.00	0.00	8367	6
3	479	0	1	4	63	-175.35	-359.52	4209	7
3	480	0	1	8	5	310.86	-251.73	6108	7
