blk	trl	target	search	nitems	rot_offset	tpos_x	tpos_y	rt	button
2	1	3	0	8	18	0.00	0.00	3581	6
2	2	3	0	4	72	0.00	0.00	1808	6
2	3	3	0	8	31	0.00	0.00	2384	6
2	4	3	0	8	29	0.00	0.00	3348	6
2	5	3	0	8	2	0.00	0.00	2640	6
2	6	3	0	12	19	0.00	0.00	1941	6
2	7	3	1	8	42	292.54	272.80	997	7
2	8	3	0	8	2	0.00	0.00	1992	6
2	9	3	0	12	12	0.00	0.00	2516	6
2	10	3	0	12	17	0.00	0.00	2374	6
2	11	3	1	4	53	-235.11	-323.61	885	7
2	12	3	1	4	62	356.40	-181.60	1661	7
2	13	3	1	4	72	382.52	-116.95	1589	7
2	14	3	0	4	67	0.00	0.00	1604	6
2	15	3	0	8	22	0.00	0.00	1828	6
2	16	3	0	12	29	0.00	0.00	2204	6
2	17	3	0	8	34	0.00	0.00	2983	6
2	18	3	0	4	47	0.00	0.00	1855	6
2	19	3	0	8	28	0.00	0.00	2410	6
2	20	3	0	8	21	0.00	0.00	2457	6
2	21	3	1	4	8	-395.08	-62.57	1510	7
2	22	3	0	4	42	0.00	0.00	1839	6
2	23	3	1	12	2	-335.47	-217.86	1211	7
2	24	3	1	12	9	306.42	257.12	1980	7
2	25	3	1	8	28	-193.92	349.85	1156	7
2	26	3	0	12	4	0.00	0.00	2949	6
2	27	3	0	4	59	0.00	0.00	1705	6
2	28	3	1	4	24	-169.05	362.52	2635	7
2	29	3	1	12	1	-353.18	187.79	1230	7
2	30	3	1	4	87	13.96	399.76	1389	7
2	31	3	1	4	71	-123.61	-380.42	1931	7
2	32	3	1	4	74	-103.53	-386.37	1199	7
2	33	3	0	4	86	0.00	0.00	1266	6
2	34	3	1	8	2	-20.93	399.45	1160	7
2	35	3	0	8	6	0.00	0.00	1408	6
2	36	3	0	12	12	0.00	0.00	1929	6
2	37	3	1	4	30	206.02	-342.87	1111	7
2	38	3	1	8	6	-246.26	-315.20	1541	7
2	39	3	1	8	24	136.81	375.88	1513	7
2	40	3	0	8	20	0.00	0.00	2092	6
2	41	3	1	12	1	-187.79	-353.18	2007	7
2	42	3	0	4	13	0.00	0.00	1508	6
2	43	3	1	8	32	-83.16	-391.26	1204	7
2	44	3	0	8	20	0.00	0.00	2212	6
2	45	3	1	8	13	206.02	342.87	1152	7
2	46	3	0	8	29	0.00	0.00	2025	6
2	47	3	0	4	30	0.00	0.00	1533	6
2	48	3	1	12	14	-103.53	386.37	1158	7
2	49	3	1	4	37	246.26	-315.20	1154	7
2	50	3	1	8	17	-123.61	380.42	1227	7
2	51	3	1	4	35	-323.61	-235.11	1181	7
2	52	3	1	4	11	83.16	-391.26	1389	7
2	53	3	0	4	63	0.00	0.00	1600	6
2	54	3	1	8	33	76.32	392.65	1448	7
2	55	3	0	12	15	0.00	0.00	3959	6
2	56	3	0	12	6	0.00	0.00	2000	6
2	57	3	1	12	15	277.86	287.74	1664	7
2	58	3	1	4	17	380.42	123.61	1634	7
2	59	3	0	4	40	0.00	0.00	1541	6
2	60	3	1	8	9	-327.66	229.43	1287	7
2	61	3	1	12	26	-335.47	217.86	1494	7
2	62	3	0	4	19	0.00	0.00	1638	6
2	63	3	0	12	7	0.00	0.00	1659	6
2	64	3	0	12	26	0.00	0.00	2329	6
2	65	3	1	8	0	-6.98	399.94	3020	7
2	66	3	1	8	29	-346.41	-200.00	1132	7
2	67	3	0	12	2	0.00	0.00	1617	6
2	68	3	0	8	33	0.00	0.00	1827	6
2	69	3	1	4	62	356.40	-181.60	1256	7
2	70	3	1	4	0	6.98	-399.94	1704	7
2	71	3	1	12	23	365.42	162.69	1068	7
2	72	3	0	8	11	0.00	0.00	1378	6
2	73	3	1	12	14	282.84	-282.84	1305	7
2	74	3	0	12	6	0.00	0.00	1561	6
2	75	3	0	8	16	0.00	0.00	1411	6
2	76	3	1	12	20	310.86	-251.73	1313	7
2	77	3	0	8	22	0.00	0.00	1585	6
2	78	3	0	12	4	0.00	0.00	1427	6
2	79	3	1	12	10	-301.88	-262.42	1740	7
2	80	3	0	4	27	0.00	0.00	1441	6
2	81	3	1	12	4	-34.86	398.48	983	7
2	82	3	1	12	13	96.77	-388.12	1940	7
2	83	3	0	12	12	0.00	0.00	3014	6
2	84	3	1	12	24	-327.66	229.43	1047	7
2	85	3	0	12	21	0.00	0.00	1817	6
2	86	3	1	8	37	-397.02	48.75	1125	7
2	87	3	0	8	31	0.00	0.00	1287	6
2	88	3	1	8	28	-349.85	-193.92	1040	7
2	89	3	0	4	86	0.00	0.00	979	6
2	90	3	1	8	6	246.26	315.20	1097	7
2	91	3	1	8	19	169.05	362.52	922	7
2	92	3	0	4	14	0.00	0.00	1140	6
2	93	3	1	12	22	397.02	-48.75	1049	7
2	94	3	0	4	55	0.00	0.00	1594	6
2	95	3	0	12	7	0.00	0.00	1579	6
2	96	3	0	4	38	0.00	0.00	2177	6
2	97	3	0	12	8	0.00	0.00	1841	6
2	98	3	0	12	18	0.00	0.00	3300	6
2	99	3	0	4	83	0.00	0.00	1476	6
2	100	3	0	12	29	0.00	0.00	3432	6
2	101	3	1	4	29	-200.00	346.41	1648	7
2	102	3	0	4	7	0.00	0.00	1060	6
2	103	3	1	8	21	-156.29	-368.20	950	7
2	104	3	0	4	66	0.00	0.00	908	6
2	105	3	1	8	39	34.86	398.48	976	7
2	106	3	1	12	19	69.46	393.92	1897	7
2	107	3	1	8	12	-89.98	389.75	1362	7
2	108	3	1	4	20	373.43	143.35	952	7
2	109	3	1	8	10	392.65	76.32	811	7
2	110	3	0	8	10	0.00	0.00	1980	6
2	111	3	1	12	6	-319.45	-240.73	1042	7
2	112	3	1	12	23	162.69	-365.42	1128	7
2	113	3	0	12	5	0.00	0.00	1737	6
2	114	3	0	8	7	0.00	0.00	1619	6
2	115	3	1	12	24	-229.43	-327.66	1320	7
2	116	3	1	4	31	339.22	211.97	871	7
2	117	3	1	4	88	-399.94	6.98	1104	7
2	118	3	0	4	49	0.00	0.00	1147	6
2	119	3	1	12	1	-399.76	-13.96	1161	7
2	120	3	1	4	47	267.65	297.26	811	7
2	121	2	0	4	88	0.00	0.00	1731	6
2	122	2	0	12	24	0.00	0.00	2190	6
2	123	2	0	8	9	0.00	0.00	2344	6
2	124	2	1	8	44	282.84	-282.84	1762	7
2	125	2	0	12	16	0.00	0.00	3247	6
2	126	2	1	12	13	-277.86	287.74	1092	7
2	127	2	0	4	27	0.00	0.00	1476	6
2	128	2	1	4	50	-251.73	-310.86	1797	7
2	129	2	1	12	25	399.03	-27.90	1947	7
2	130	2	0	12	20	0.00	0.00	3290	6
2	131	2	1	8	34	-327.66	-229.43	2107	7
2	132	2	0	12	21	0.00	0.00	2555	6
2	133	2	1	12	20	-395.08	62.57	1186	7
2	134	2	0	12	21	0.00	0.00	2643	6
2	135	2	1	12	17	123.61	-380.42	1856	7
2	136	2	0	12	17	0.00	0.00	2954	6
2	137	2	1	8	6	246.26	315.20	1278	7
2	138	2	0	8	39	0.00	0.00	2455	6
2	139	2	1	8	14	346.41	-200.00	1934	7
2	140	2	1	4	56	217.86	335.47	1138	7
2	141	2	1	4	26	-181.60	356.40	2535	7
2	142	2	1	12	26	-399.45	20.93	987	7
2	143	2	0	8	36	0.00	0.00	2318	6
2	144	2	1	12	19	-306.42	257.12	1181	7
2	145	2	1	12	22	397.02	-48.75	1766	7
2	146	2	1	12	10	392.65	76.32	1419	7
2	147	2	1	4	6	-397.02	-48.75	1176	7
2	148	2	0	8	26	0.00	0.00	2155	6
2	149	2	0	8	26	0.00	0.00	2300	6
2	150	2	1	12	0	-342.87	-206.02	1746	7
2	151	2	0	8	44	0.00	0.00	3216	6
2	152	2	1	4	62	-356.40	181.60	1225	7
2	153	2	1	4	81	-55.67	-396.11	1524	7
2	154	2	1	8	24	375.88	-136.81	1252	7
2	155	2	1	8	35	-62.57	-395.08	1964	7
2	156	2	1	8	39	398.48	-34.86	1727	7
2	157	2	0	12	4	0.00	0.00	3418	6
2	158	2	1	8	1	292.54	-272.80	2079	7
2	159	2	0	4	23	0.00	0.00	1660	6
2	160	2	1	12	1	-339.22	-211.97	2264	7
2	161	2	0	4	13	0.00	0.00	1379	6
2	162	2	0	8	19	0.00	0.00	2332	6
2	163	2	1	4	35	235.11	-323.61	1261	7
2	164	2	0	8	35	0.00	0.00	2117	6
2	165	2	1	4	2	-20.93	399.45	1079	7
2	166	2	0	8	28	0.00	0.00	1849	6
2	167	2	1	4	59	346.41	-200.00	1270	7
2	168	2	1	8	40	-262.42	301.88	1094	7
2	169	2	0	4	24	0.00	0.00	1332	6
2	170	2	0	12	2	0.00	0.00	3720	6
2	171	2	1	8	2	267.65	297.26	1211	7
2	172	2	0	8	31	0.00	0.00	3808	6
2	173	2	1	8	21	156.29	368.20	1378	7
2	174	2	1	4	54	229.43	327.66	4780	6
2	175	2	0	4	87	0.00	0.00	1983	6
2	176	2	0	8	0	0.00	0.00	2761	6
2	177	2	1	12	20	-373.43	-143.35	2030	7
2	178	2	0	12	13	0.00	0.00	2484	6
2	179	2	1	4	40	262.42	-301.88	1666	7
2	180	2	1	12	8	395.08	62.57	1579	7
2	181	2	1	4	64	362.52	-169.05	1429	7
2	182	2	0	4	85	0.00	0.00	1536	6
2	183	2	0	12	23	0.00	0.00	2399	6
2	184	2	0	4	60	0.00	0.00	1785	6
2	185	2	0	4	87	0.00	0.00	1853	6
2	186	2	0	8	42	0.00	0.00	2179	6
2	187	2	0	12	3	0.00	0.00	3917	6
2	188	2	0	4	27	0.00	0.00	1583	6
2	189	2	1	4	29	-200.00	346.41	1626	7
2	190	2	0	4	18	0.00	0.00	1443	6
2	191	2	1	8	1	272.80	292.54	1207	7
2	192	2	0	4	72	0.00	0.00	2631	6
2	193	2	0	8	6	0.00	0.00	2245	6
2	194	2	0	12	19	0.00	0.00	4713	6
2	195	2	0	4	66	0.00	0.00	1676	6
2	196	2	1	4	8	-62.57	395.08	1163	7
2	197	2	1	4	87	399.76	-13.96	1517	7
2	198	2	1	8	9	69.46	-393.92	1741	7
2	199	2	0	4	12	0.00	0.00	1181	6
2	200	2	0	12	27	0.00	0.00	1844	6
2	201	2	1	4	6	-48.75	397.02	1319	7
2	202	2	0	8	43	0.00	0.00	2434	6
2	203	2	0	4	54	0.00	0.00	1417	6
2	204	2	1	4	22	-368.20	-156.29	1271	7
2	205	2	0	12	15	0.00	0.00	2318	6
2	206	2	1	8	21	156.29	368.20	1106	7
2	207	2	0	12	4	0.00	0.00	3250	6
2	208	2	0	4	69	0.00	0.00	2960	6
2	209	2	0	12	23	0.00	0.00	1729	6
2	210	2	0	4	23	0.00	0.00	1242	6
2	211	2	1	8	19	169.05	362.52	2210	6
2	212	2	1	12	18	-378.21	-130.23	2707	7
2	213	2	1	12	8	395.08	62.57	1968	7
2	214	2	0	8	6	0.00	0.00	2343	6
2	215	2	1	4	30	206.02	-342.87	1278	7
2	216	2	0	8	21	0.00	0.00	2519	6
2	217	2	1	12	29	-200.00	-346.41	2605	7
2	218	2	0	4	87	0.00	0.00	1515	6
2	219	2	0	4	50	0.00	0.00	2151	6
2	220	2	0	12	21	0.00	0.00	3056	6
2	221	2	1	12	19	-393.92	69.46	1196	7
2	222	2	0	4	42	0.00	0.00	1542	6
2	223	2	1	12	17	123.61	-380.42	3854	7
2	224	2	1	12	20	-310.86	251.73	1050	7
2	225	2	1	8	24	-169.05	362.52	949	7
2	226	2	1	4	69	375.88	-136.81	1671	7
2	227	2	0	12	26	0.00	0.00	3838	6
2	228	2	1	8	25	-359.52	-175.35	2283	7
2	229	2	1	8	4	-34.86	398.48	1313	7
2	230	2	1	12	0	-399.94	-6.98	881	7
2	231	2	1	12	12	-116.95	-382.52	2336	7
2	232	2	0	12	6	0.00	0.00	4645	6
2	233	2	1	8	14	-103.53	386.37	1585	7
2	234	2	0	8	11	0.00	0.00	2979	6
2	235	2	1	8	40	262.42	-301.88	1774	7
2	236	2	1	4	56	-335.47	217.86	1465	7
2	237	2	0	8	11	0.00	0.00	2787	6
2	238	2	0	8	14	0.00	0.00	2279	6
2	239	2	0	8	33	0.00	0.00	2198	6
2	240	2	0	12	20	0.00	0.00	2115	6
2	241	0	1	8	33	-223.68	331.62	4291	7
2	242	0	1	8	39	-398.48	34.86	1674	7
2	243	0	1	12	26	-356.40	-181.60	8731	7
2	244	0	1	4	26	356.40	181.60	5184	7
2	245	0	1	4	58	342.87	-206.02	2044	7
2	246	0	0	4	12	0.00	0.00	2933	6
2	247	0	1	8	25	175.35	-359.52	5303	7
2	248	0	1	4	18	378.21	130.23	4896	7
2	249	0	0	4	1	0.00	0.00	4701	6
2	250	0	0	4	27	0.00	0.00	6086	6
2	251	0	0	12	23	0.00	0.00	12821	6
2	252	0	0	8	20	0.00	0.00	7477	6
2	253	0	0	4	52	0.00	0.00	4750	6
2	254	0	1	8	16	-116.95	382.52	4510	7
2	255	0	0	8	23	0.00	0.00	8104	6
2	256	0	1	8	31	211.97	-339.22	4882	7
2	257	0	0	12	5	0.00	0.00	10399	6
2	258	0	0	8	12	0.00	0.00	9142	6
2	259	0	1	4	81	-396.11	55.67	3108	7
2	260	0	0	12	4	0.00	0.00	6734	6
2	261	0	1	4	55	-223.68	-331.62	3931	7
2	262	0	1	12	14	-282.84	-282.84	7274	7
2	263	0	1	12	20	-310.86	251.73	2307	7
2	264	0	1	4	52	-240.73	-319.45	9485	7
2	265	0	1	8	10	76.32	-392.65	4579	7
2	266	0	1	8	39	398.48	-34.86	6546	7
2	267	0	0	4	57	0.00	0.00	3803	6
2	268	0	0	4	20	0.00	0.00	5417	6
2	269	0	0	4	28	0.00	0.00	4456	6
2	270	0	0	8	25	0.00	0.00	8123	6
2	271	0	0	4	21	0.00	0.00	5565	6
2	272	0	0	8	43	0.00	0.00	8718	6
2	273	0	1	4	70	-378.21	130.23	2980	7
2	274	0	0	12	5	0.00	0.00	14582	6
2	275	0	0	4	48	0.00	0.00	5555	6
2	276	0	1	12	9	375.88	-136.81	6410	7
2	277	0	0	4	73	0.00	0.00	9792	6
2	278	0	1	12	7	55.67	-396.11	7389	7
2	279	0	1	12	23	41.81	397.81	6617	7
2	280	0	0	12	1	0.00	0.00	9085	6
2	281	0	0	4	28	0.00	0.00	3938	6
2	282	0	0	8	31	0.00	0.00	7896	6
2	283	0	0	8	8	0.00	0.00	9141	6
2	284	0	0	12	6	0.00	0.00	11090	6
2	285	0	1	4	53	235.11	323.61	2038	7
2	286	0	0	12	16	0.00	0.00	11280	6
2	287	0	1	12	8	-373.43	143.35	3279	7
2	288	0	0	12	15	0.00	0.00	15478	6
2	289	0	1	12	28	342.87	-206.02	6629	7
2	290	0	1	8	13	-206.02	-342.87	7642	7
2	291	0	1	4	51	-315.20	246.26	2793	7
2	292	0	0	12	2	0.00	0.00	19560	6
2	293	0	1	12	1	-211.97	339.22	5772	7
2	294	0	0	8	21	0.00	0.00	4196	6
2	295	0	0	8	11	0.00	0.00	12521	6
2	296	0	0	8	3	0.00	0.00	10324	6
2	297	0	0	12	15	0.00	0.00	16044	6
2	298	0	0	8	18	0.00	0.00	12340	6
2	299	0	1	8	0	-277.86	-287.74	6365	7
2	300	0	0	12	7	0.00	0.00	16675	6
2	301	0	0	4	41	0.00	0.00	2574	6
2	302	0	1	12	0	-342.87	-206.02	8960	7
2	303	0	1	4	82	48.75	397.02	3794	7
2	304	0	0	4	79	0.00	0.00	4786	6
2	305	0	1	4	1	-13.96	399.76	8013	7
2	501	0	0	8	10	0.00	0.00	9539	6
2	306	0	1	8	26	-380.42	123.61	2250	7
2	307	0	0	12	26	0.00	0.00	14258	6
2	308	0	1	8	35	-62.57	-395.08	7515	7
2	309	0	1	8	5	-397.81	-41.81	3126	7
2	310	0	0	12	23	0.00	0.00	15752	6
2	311	0	1	12	16	-292.54	272.80	3386	7
2	312	0	1	4	76	389.75	-89.98	7370	7
2	313	0	1	12	8	-373.43	143.35	4487	7
2	314	0	1	4	48	-262.42	-301.88	3004	7
2	315	0	0	4	28	0.00	0.00	2681	6
2	316	0	1	4	15	-384.50	-110.25	1728	7
2	317	0	0	4	28	0.00	0.00	2780	6
2	318	0	1	8	8	395.08	62.57	4791	7
2	319	0	1	12	13	388.12	96.77	9803	7
2	320	0	1	8	14	346.41	-200.00	13158	7
2	321	0	0	4	44	0.00	0.00	6827	6
2	322	0	1	12	5	41.81	-397.81	11149	7
2	323	0	0	8	37	0.00	0.00	10059	6
2	324	0	1	8	38	251.73	-310.86	6205	7
2	325	0	1	4	22	-156.29	368.20	3254	7
2	326	0	0	4	18	0.00	0.00	5921	6
2	327	0	1	8	25	175.35	-359.52	4847	7
2	328	0	0	8	15	0.00	0.00	13265	6
2	329	0	1	4	56	335.47	-217.86	6218	7
2	330	0	0	8	34	0.00	0.00	7478	6
2	331	0	0	12	4	0.00	0.00	17579	6
2	332	0	0	4	36	0.00	0.00	2573	6
2	333	0	1	12	16	-382.52	-116.95	12651	7
2	334	0	0	4	2	0.00	0.00	2440	6
2	335	0	0	8	37	0.00	0.00	7414	6
2	336	0	0	12	0	0.00	0.00	9797	6
2	337	0	0	8	0	0.00	0.00	8187	6
2	338	0	1	4	67	370.87	-149.84	7214	7
2	339	0	1	8	1	399.76	13.96	6266	7
2	340	0	0	12	17	0.00	0.00	13457	6
2	341	0	0	8	4	0.00	0.00	14344	6
2	342	0	0	8	23	0.00	0.00	9146	6
2	343	0	1	4	9	-69.46	393.92	3239	7
2	344	0	1	8	12	89.98	-389.75	4375	7
2	345	0	1	12	10	130.23	378.21	5300	7
2	346	0	1	8	23	-143.35	-373.43	5656	7
2	347	0	0	12	7	0.00	0.00	16364	6
2	348	0	0	8	36	0.00	0.00	5094	6
2	349	0	1	12	10	-301.88	-262.42	7791	7
2	350	0	1	4	62	-356.40	181.60	3706	7
2	351	0	1	12	19	393.92	-69.46	5091	7
2	352	0	0	12	27	0.00	0.00	10698	6
2	353	0	1	12	14	386.37	-103.53	7485	6
2	354	0	1	12	8	-310.86	-251.73	7498	7
2	355	0	0	8	20	0.00	0.00	4515	6
2	356	0	0	12	20	0.00	0.00	12021	6
2	357	0	1	8	0	-6.98	399.94	2765	7
2	358	0	0	4	67	0.00	0.00	2643	6
2	359	0	1	4	3	-27.90	399.03	2672	7
2	360	0	0	12	4	0.00	0.00	10862	6
2	361	1	0	4	4	0.00	0.00	1960	6
2	362	1	1	12	22	156.29	-368.20	2680	7
2	363	1	1	4	9	-393.92	-69.46	1279	7
2	364	1	1	12	0	206.02	-342.87	3089	7
2	365	1	0	12	22	0.00	0.00	4547	6
2	366	1	1	12	25	359.52	175.35	1928	7
2	367	1	1	4	7	-396.11	-55.67	2059	7
2	368	1	1	12	1	399.76	13.96	2757	7
2	369	1	1	4	87	-13.96	-399.76	1638	7
2	370	1	0	8	38	0.00	0.00	3245	6
2	371	1	0	12	5	0.00	0.00	5285	6
2	372	1	0	12	23	0.00	0.00	4510	6
2	373	1	1	4	42	-272.80	292.54	3743	7
2	374	1	1	12	11	-267.65	297.26	1809	7
2	375	1	1	8	32	-391.26	83.16	1095	7
2	376	1	1	4	5	397.81	41.81	1427	7
2	377	1	0	8	1	0.00	0.00	2806	6
2	378	1	1	12	0	-399.94	-6.98	1023	7
2	379	1	0	4	54	0.00	0.00	2583	6
2	380	1	1	4	37	-246.26	315.20	1866	7
2	381	1	1	8	0	-287.74	277.86	1753	7
2	382	1	1	12	23	162.69	-365.42	3181	7
2	383	1	0	12	2	0.00	0.00	4666	6
2	384	1	1	12	12	-89.98	389.75	2110	7
2	385	1	1	12	17	-123.61	380.42	1782	7
2	386	1	0	12	1	0.00	0.00	5661	6
2	387	1	0	4	25	0.00	0.00	2127	6
2	388	1	1	12	8	143.35	373.43	2933	7
2	389	1	0	4	19	0.00	0.00	2794	6
2	390	1	1	12	7	-246.26	315.20	2404	7
2	391	1	1	4	49	-306.42	257.12	1593	7
2	392	1	1	12	27	353.18	187.79	2238	7
2	393	1	1	8	28	193.92	-349.85	2152	7
2	394	1	1	4	8	-62.57	395.08	1523	7
2	395	1	1	12	15	-384.50	-110.25	1130	7
2	396	1	1	8	24	136.81	375.88	1672	7
2	397	1	0	12	27	0.00	0.00	4251	6
2	398	1	0	12	25	0.00	0.00	4971	6
2	399	1	0	4	14	0.00	0.00	1677	6
2	400	1	1	8	16	-187.79	-353.18	3801	7
2	401	1	0	8	34	0.00	0.00	3172	6
2	402	1	1	8	29	103.53	386.37	1453	7
2	403	1	1	8	1	-272.80	-292.54	2324	6
2	404	1	1	12	23	-323.61	235.11	1242	7
2	405	1	1	4	34	327.66	229.43	1388	7
2	406	1	0	4	82	0.00	0.00	2327	6
2	407	1	1	8	29	-386.37	103.53	2342	7
2	408	1	0	8	9	0.00	0.00	2512	6
2	409	1	0	8	3	0.00	0.00	4174	6
2	410	1	0	4	63	0.00	0.00	1987	6
2	411	1	0	12	14	0.00	0.00	4668	6
2	412	1	0	4	40	0.00	0.00	3151	6
2	413	1	1	12	26	399.45	-20.93	2757	7
2	414	1	0	8	23	0.00	0.00	3005	6
2	415	1	0	4	65	0.00	0.00	2335	6
2	416	1	1	8	39	-398.48	34.86	1754	7
2	417	1	1	12	13	277.86	-287.74	3168	7
2	418	1	0	4	78	0.00	0.00	3164	6
2	419	1	1	8	26	181.60	-356.40	2556	7
2	420	1	0	8	36	0.00	0.00	3680	6
2	421	1	0	12	22	0.00	0.00	3757	6
2	422	1	0	8	16	0.00	0.00	3804	6
2	423	1	1	4	79	-393.92	69.46	1247	7
2	424	1	0	4	12	0.00	0.00	2246	6
2	425	1	1	8	23	162.69	-365.42	3078	7
2	426	1	1	4	14	103.53	-386.37	1439	7
2	427	1	1	8	29	200.00	-346.41	2071	7
2	428	1	1	4	36	240.73	-319.45	1655	7
2	429	1	0	8	11	0.00	0.00	3106	6
2	430	1	1	8	6	315.20	-246.26	2152	7
2	431	1	0	12	21	0.00	0.00	5296	6
2	432	1	0	4	32	0.00	0.00	2174	6
2	433	1	1	4	67	149.84	370.87	2783	7
2	434	1	0	4	40	0.00	0.00	2312	6
2	435	1	0	8	15	0.00	0.00	3657	6
2	436	1	1	4	2	-20.93	399.45	1294	7
2	437	1	0	12	3	0.00	0.00	5716	6
2	438	1	0	12	24	0.00	0.00	3490	6
2	439	1	1	8	38	-397.81	41.81	1213	7
2	440	1	1	12	13	-96.77	388.12	1994	7
2	441	1	0	12	21	0.00	0.00	3976	6
2	442	1	1	8	0	277.86	287.74	1880	7
2	443	1	1	12	20	-62.57	-395.08	2667	7
2	444	1	0	8	10	0.00	0.00	4536	6
2	445	1	0	4	69	0.00	0.00	1786	6
2	446	1	0	8	39	0.00	0.00	2897	6
2	447	1	0	8	28	0.00	0.00	2881	6
2	448	1	0	12	0	0.00	0.00	6843	6
2	449	1	0	12	26	0.00	0.00	4545	6
2	450	1	0	4	85	0.00	0.00	1829	6
2	451	1	0	8	11	0.00	0.00	4036	6
2	452	1	0	12	10	0.00	0.00	5422	6
2	453	1	1	4	53	323.61	-235.11	2282	7
2	454	1	0	12	7	0.00	0.00	4011	6
2	455	1	0	4	47	0.00	0.00	1815	6
2	456	1	0	8	5	0.00	0.00	2394	6
2	457	1	1	8	31	89.98	389.75	1240	7
2	458	1	0	4	8	0.00	0.00	1504	6
2	459	1	1	4	7	55.67	-396.11	1577	7
2	460	1	1	8	6	-315.20	246.26	996	7
2	461	1	1	12	14	-103.53	386.37	3664	7
2	462	1	1	4	56	217.86	335.47	1390	7
2	463	1	1	4	24	-362.52	-169.05	1871	7
2	464	1	0	4	33	0.00	0.00	2176	6
2	465	1	0	8	19	0.00	0.00	3123	6
2	466	1	0	8	1	0.00	0.00	3031	6
2	467	1	0	12	6	0.00	0.00	4349	6
2	468	1	1	8	38	251.73	-310.86	2370	7
2	469	1	0	8	12	0.00	0.00	2511	6
2	470	1	1	8	16	382.52	116.95	1700	7
2	471	1	1	12	6	397.02	48.75	2070	7
2	472	1	0	8	20	0.00	0.00	2502	6
2	473	1	0	4	60	0.00	0.00	2117	6
2	474	1	0	8	31	0.00	0.00	2629	6
2	475	1	0	4	28	0.00	0.00	1594	6
2	476	1	0	12	10	0.00	0.00	3620	6
2	477	1	1	4	72	-116.95	-382.52	1563	7
2	478	1	1	8	21	-149.84	370.87	1476	7
2	479	1	1	4	51	-246.26	-315.20	1642	7
2	480	1	0	12	26	0.00	0.00	5373	6
