blk	trl	target	search	nitems	rot_offset	tpos_x	tpos_y	rt	button
2	2	3	0	12	26	0.00	0.00	4172	6
2	3	3	1	4	52	319.45	-240.73	959	7
2	4	3	1	12	7	-315.20	-246.26	814	7
2	5	3	1	4	59	200.00	346.41	712	7
2	6	3	1	8	13	96.77	-388.12	714	7
2	7	3	1	12	24	362.52	169.05	677	7
2	8	3	0	8	34	0.00	0.00	2420	6
2	9	3	1	8	27	-187.79	353.18	696	7
2	10	3	0	4	60	0.00	0.00	1152	6
2	11	3	0	4	68	0.00	0.00	1304	6
2	12	3	1	4	29	-200.00	346.41	875	7
2	13	3	0	8	1	0.00	0.00	1801	6
2	14	3	1	12	6	-319.45	-240.73	1306	7
2	15	3	1	4	17	-123.61	380.42	916	7
2	16	3	0	4	67	0.00	0.00	1060	6
2	17	3	0	4	19	0.00	0.00	1462	6
2	18	3	0	12	5	0.00	0.00	2731	6
2	19	3	1	8	20	162.69	365.42	911	7
2	20	3	1	12	8	-143.35	-373.43	1417	7
2	21	3	1	8	11	391.26	83.16	1279	7
2	22	3	0	12	27	0.00	0.00	2479	6
2	23	3	0	8	16	0.00	0.00	2236	6
2	24	3	1	8	22	-370.87	149.84	961	7
2	25	3	1	8	35	323.61	235.11	952	7
2	26	3	0	12	27	0.00	0.00	2359	6
2	27	3	1	12	24	169.05	-362.52	1187	7
2	28	3	1	4	42	272.80	-292.54	1005	7
2	29	3	1	8	18	-175.35	-359.52	1137	7
2	30	3	0	4	55	0.00	0.00	1349	6
2	31	3	0	4	53	0.00	0.00	1763	6
2	32	3	0	12	29	0.00	0.00	3153	6
2	33	3	1	8	4	-398.48	-34.86	975	7
2	34	3	1	4	42	-272.80	292.54	837	7
2	35	3	1	12	27	211.97	339.22	1397	7
2	36	3	0	8	11	0.00	0.00	1738	6
2	37	3	0	12	22	0.00	0.00	2028	6
2	38	3	0	8	18	0.00	0.00	2408	6
2	39	3	1	4	83	397.81	-41.81	915	7
2	40	3	0	4	62	0.00	0.00	1227	6
2	41	3	1	4	8	-395.08	-62.57	912	7
2	42	3	1	8	44	-0.00	-400.00	1306	7
2	43	3	1	12	12	116.95	382.52	1213	7
2	44	3	1	4	72	382.52	-116.95	935	7
2	45	3	0	8	5	0.00	0.00	2227	6
2	46	3	0	4	2	0.00	0.00	1278	6
2	47	3	0	12	28	0.00	0.00	1951	7
2	48	3	0	12	23	0.00	0.00	2772	6
2	49	3	1	12	11	-83.16	391.26	1292	7
2	50	3	1	4	55	223.68	331.62	958	7
2	51	3	1	4	71	123.61	380.42	834	7
2	52	3	1	8	37	397.02	-48.75	1088	7
2	53	3	1	8	35	-62.57	-395.08	1311	7
2	54	3	1	4	12	389.75	89.98	1480	7
2	55	3	0	8	16	0.00	0.00	1822	6
2	56	3	0	12	10	0.00	0.00	2484	6
2	57	3	1	8	39	34.86	398.48	978	7
2	58	3	0	8	7	0.00	0.00	1519	6
2	59	3	1	4	6	48.75	-397.02	832	7
2	60	3	1	4	1	13.96	-399.76	823	7
2	61	3	1	8	37	-397.02	48.75	706	7
2	62	3	0	12	2	0.00	0.00	1433	6
2	63	3	0	12	16	0.00	0.00	1557	6
2	64	3	1	4	21	-149.84	370.87	668	7
2	65	3	0	8	16	0.00	0.00	2473	6
2	66	3	1	4	80	-62.57	-395.08	982	7
2	67	3	1	4	56	335.47	-217.86	914	7
2	68	3	1	4	23	-162.69	365.42	877	7
2	69	3	0	8	20	0.00	0.00	1377	6
2	70	3	1	4	76	-89.98	-389.75	1420	7
2	71	3	0	8	36	0.00	0.00	1540	6
2	72	3	1	12	4	-34.86	398.48	1021	7
2	73	3	0	8	28	0.00	0.00	1040	6
2	74	3	0	4	72	0.00	0.00	1269	6
2	75	3	0	8	4	0.00	0.00	1114	6
2	76	3	0	8	12	0.00	0.00	992	6
2	77	3	1	8	40	262.42	-301.88	938	7
2	78	3	1	8	38	-41.81	-397.81	921	7
2	79	3	0	4	71	0.00	0.00	859	6
2	80	3	0	12	5	0.00	0.00	1468	6
2	81	3	0	4	48	0.00	0.00	977	6
2	82	3	1	12	22	-368.20	-156.29	906	7
2	83	3	0	4	82	0.00	0.00	1025	6
2	84	3	1	12	3	223.68	-331.62	1065	7
2	85	3	1	12	1	399.76	13.96	1019	7
2	86	3	0	4	4	0.00	0.00	808	6
2	87	3	1	8	40	-301.88	-262.42	877	7
2	88	3	1	12	14	-282.84	282.84	927	7
2	89	3	1	12	13	-384.50	110.25	835	7
2	90	3	1	12	6	-156.29	-368.20	984	7
2	91	3	1	12	5	-235.11	323.61	901	7
2	92	3	1	12	12	382.52	-116.95	1026	7
2	93	3	1	8	9	-69.46	393.92	1001	7
2	94	3	0	12	5	0.00	0.00	1019	6
2	95	3	0	8	18	0.00	0.00	1154	6
2	96	3	0	4	70	0.00	0.00	1044	6
2	97	3	0	8	14	0.00	0.00	1481	6
2	98	3	0	4	69	0.00	0.00	1006	6
2	99	3	0	4	24	0.00	0.00	1059	6
2	100	3	1	12	26	-217.86	-335.47	712	7
2	101	3	0	12	6	0.00	0.00	1025	6
2	102	3	0	4	33	0.00	0.00	925	6
2	103	3	1	8	9	327.66	-229.43	860	7
2	104	3	0	8	12	0.00	0.00	1250	6
2	105	3	0	4	87	0.00	0.00	1114	6
2	106	3	0	12	10	0.00	0.00	2543	6
2	107	3	0	12	18	0.00	0.00	1252	6
2	108	3	0	12	22	0.00	0.00	1219	6
2	109	3	0	8	19	0.00	0.00	989	6
2	110	3	0	12	1	0.00	0.00	1728	6
2	111	3	0	4	57	0.00	0.00	1165	6
2	112	3	0	4	8	0.00	0.00	1140	6
2	113	3	1	12	11	391.26	83.16	857	7
2	114	3	0	12	21	0.00	0.00	1920	6
2	115	3	1	12	21	-55.67	-396.11	1031	7
2	116	3	0	8	17	0.00	0.00	845	6
2	117	3	0	12	8	0.00	0.00	1361	6
2	118	3	0	8	31	0.00	0.00	1415	6
2	119	3	1	4	45	-277.86	-287.74	852	7
2	120	3	1	8	16	-187.79	-353.18	940	7
2	121	2	0	12	24	0.00	0.00	2534	6
2	122	2	1	8	32	-217.86	335.47	991	7
2	123	2	1	12	15	110.25	-384.50	1587	7
2	124	2	0	12	26	0.00	0.00	1902	6
2	125	2	1	12	5	-41.81	397.81	1406	7
2	126	2	0	8	43	0.00	0.00	1870	6
2	127	2	1	4	19	-375.88	-136.81	1349	7
2	128	2	1	8	42	272.80	-292.54	1717	7
2	129	2	0	4	52	0.00	0.00	1540	6
2	130	2	0	12	8	0.00	0.00	2139	6
2	131	2	1	4	51	246.26	315.20	1187	7
2	132	2	0	12	25	0.00	0.00	2290	6
2	133	2	0	4	78	0.00	0.00	1187	6
2	134	2	1	12	20	-143.35	373.43	1102	7
2	135	2	0	8	17	0.00	0.00	1863	6
2	136	2	1	8	9	-327.66	229.43	1054	7
2	137	2	0	4	65	0.00	0.00	1476	6
2	138	2	0	12	2	0.00	0.00	2053	6
2	139	2	0	12	23	0.00	0.00	2136	6
2	140	2	0	8	18	0.00	0.00	1508	6
2	141	2	0	8	35	0.00	0.00	1907	6
2	142	2	1	8	2	-297.26	267.65	906	7
2	143	2	0	8	32	0.00	0.00	2240	6
2	144	2	0	8	31	0.00	0.00	2195	6
2	145	2	0	4	37	0.00	0.00	1471	6
2	146	2	0	12	9	0.00	0.00	2829	6
2	147	2	1	8	43	6.98	399.94	1086	7
2	148	2	1	12	14	103.53	386.37	1240	7
2	149	2	1	4	87	399.76	-13.96	1328	7
2	150	2	0	4	68	0.00	0.00	1129	6
2	151	2	1	4	49	306.42	-257.12	994	7
2	152	2	1	4	20	-143.35	373.43	1106	7
2	153	2	1	4	6	397.02	48.75	980	7
2	154	2	0	4	66	0.00	0.00	1288	6
2	155	2	0	12	26	0.00	0.00	3327	6
2	156	2	1	12	0	-6.98	399.94	1088	7
2	157	2	1	12	16	-382.52	-116.95	1556	7
2	158	2	1	8	22	-156.29	368.20	1218	7
2	159	2	1	8	26	181.60	-356.40	1900	7
2	160	2	0	4	37	0.00	0.00	1422	6
2	161	2	1	4	35	323.61	235.11	1696	7
2	162	2	0	4	2	0.00	0.00	1167	6
2	163	2	1	8	25	378.21	-130.23	1212	7
2	164	2	0	4	4	0.00	0.00	1748	6
2	165	2	1	8	33	-392.65	76.32	1027	7
2	166	2	0	4	20	0.00	0.00	1599	6
2	167	2	0	4	8	0.00	0.00	1372	6
2	168	2	1	8	43	-277.86	287.74	1134	7
2	169	2	0	8	32	0.00	0.00	2269	6
2	170	2	1	12	25	331.62	-223.68	2173	7
2	171	2	1	4	46	292.54	-272.80	1219	7
2	172	2	0	4	87	0.00	0.00	1208	6
2	173	2	0	8	1	0.00	0.00	2636	6
2	174	2	1	8	0	399.94	6.98	1237	7
2	175	2	1	8	17	181.60	356.40	2276	7
2	176	2	1	12	10	-262.42	301.88	1216	7
2	177	2	0	12	3	0.00	0.00	2795	6
2	178	2	1	12	1	-339.22	-211.97	2714	7
2	179	2	0	12	23	0.00	0.00	3917	6
2	180	2	0	8	16	0.00	0.00	2433	6
2	181	2	1	4	14	103.53	-386.37	1117	7
2	182	2	1	4	11	-83.16	391.26	1294	7
2	183	2	1	4	26	-356.40	-181.60	1162	7
2	184	2	0	12	10	0.00	0.00	2581	6
2	185	2	1	4	89	400.00	-0.00	1096	7
2	186	2	1	12	5	235.11	-323.61	1579	7
2	187	2	1	8	18	359.52	-175.35	1462	7
2	188	2	0	12	16	0.00	0.00	4614	6
2	189	2	0	8	6	0.00	0.00	2094	6
2	190	2	0	12	0	0.00	0.00	4252	6
2	191	2	0	4	1	0.00	0.00	1504	6
2	192	2	0	8	28	0.00	0.00	1813	6
2	193	2	0	12	18	0.00	0.00	2263	6
2	194	2	1	12	13	-287.74	-277.86	1856	7
2	195	2	0	8	4	0.00	0.00	2197	6
2	196	2	1	8	43	287.74	277.86	1409	7
2	197	2	1	12	3	175.35	359.52	1517	7
2	198	2	1	8	7	55.67	-396.11	2271	7
2	199	2	1	4	34	-229.43	327.66	1262	7
2	200	2	0	12	13	0.00	0.00	2148	6
2	201	2	1	4	80	62.57	395.08	1050	7
2	202	2	1	8	9	-229.43	-327.66	1489	6
2	203	2	0	8	17	0.00	0.00	2509	6
2	204	2	0	12	29	0.00	0.00	3072	6
2	205	2	1	4	33	-331.62	-223.68	1271	7
2	206	2	0	12	3	0.00	0.00	3198	6
2	207	2	1	8	31	-339.22	-211.97	997	7
2	208	2	0	8	21	0.00	0.00	1945	6
2	209	2	0	8	0	0.00	0.00	3336	6
2	210	2	0	12	6	0.00	0.00	2541	6
2	211	2	0	4	26	0.00	0.00	1554	6
2	212	2	0	4	46	0.00	0.00	1418	6
2	213	2	0	8	32	0.00	0.00	2604	6
2	214	2	1	12	0	349.85	-193.92	2181	7
2	215	2	0	8	25	0.00	0.00	2474	6
2	216	2	1	12	21	370.87	149.84	1449	7
2	217	2	0	12	16	0.00	0.00	3365	6
2	218	2	0	8	34	0.00	0.00	1819	6
2	219	2	0	4	15	0.00	0.00	1376	6
2	220	2	1	12	27	-353.18	-187.79	1336	7
2	221	2	1	12	5	-235.11	323.61	1321	7
2	222	2	1	8	4	398.48	34.86	1188	7
2	223	2	0	4	79	0.00	0.00	1279	6
2	224	2	0	8	33	0.00	0.00	1481	6
2	225	2	0	4	5	0.00	0.00	1330	6
2	226	2	1	12	26	-335.47	217.86	1041	7
2	227	2	1	12	7	-246.26	315.20	1269	7
2	228	2	1	8	42	399.76	-13.96	1229	7
2	229	2	1	4	4	-34.86	398.48	1612	7
2	230	2	0	8	43	0.00	0.00	2089	6
2	231	2	1	8	8	323.61	-235.11	889	7
2	232	2	1	4	2	20.93	-399.45	1116	7
2	233	2	0	4	46	0.00	0.00	1189	6
2	234	2	1	4	8	-395.08	-62.57	1107	7
2	235	2	1	4	58	-206.02	-342.87	1154	7
2	236	2	1	12	3	331.62	223.68	1407	7
2	237	2	1	12	16	89.98	389.75	2202	7
2	238	2	0	4	39	0.00	0.00	1275	6
2	239	2	1	4	15	-384.50	-110.25	1220	7
2	240	2	0	12	5	0.00	0.00	2924	6
2	241	1	0	12	22	0.00	0.00	4095	6
2	242	1	1	12	13	388.12	96.77	2511	7
2	243	1	0	4	76	0.00	0.00	1949	6
2	244	1	1	12	12	89.98	-389.75	3200	7
2	245	1	1	12	26	-217.86	-335.47	3510	7
2	246	1	1	4	1	-399.76	-13.96	1473	7
2	247	1	0	12	7	0.00	0.00	5971	6
2	248	1	1	8	18	-130.23	378.21	1670	7
2	249	1	0	4	52	0.00	0.00	1702	6
2	250	1	0	12	1	0.00	0.00	6652	6
2	251	1	0	8	25	0.00	0.00	3440	6
2	252	1	0	4	87	0.00	0.00	2471	6
2	253	1	1	8	44	282.84	282.84	1755	7
2	254	1	0	12	11	0.00	0.00	5888	6
2	255	1	1	12	17	-267.65	-297.26	2831	7
2	256	1	1	8	0	277.86	287.74	1863	7
2	257	1	0	8	15	0.00	0.00	4453	6
2	258	1	0	12	23	0.00	0.00	6568	6
2	259	1	0	8	38	0.00	0.00	4057	6
2	260	1	1	4	70	130.23	378.21	1248	7
2	261	1	1	8	2	399.45	20.93	2371	7
2	262	1	1	8	26	123.61	380.42	1435	7
2	263	1	1	12	26	-217.86	-335.47	2837	7
2	264	1	0	12	18	0.00	0.00	6523	6
2	265	1	0	8	15	0.00	0.00	4338	6
2	266	1	1	8	5	251.73	310.86	3199	7
2	267	1	0	4	74	0.00	0.00	1716	6
2	268	1	1	12	23	-235.11	-323.61	3164	7
2	269	1	0	8	10	0.00	0.00	3362	6
2	270	1	1	12	8	310.86	251.73	4051	7
2	271	1	1	8	18	-359.52	175.35	1638	7
2	272	1	1	4	6	-397.02	-48.75	1353	7
2	273	1	0	8	22	0.00	0.00	3298	6
2	274	1	0	8	18	0.00	0.00	4244	6
2	275	1	1	12	8	-143.35	-373.43	2872	7
2	276	1	1	4	54	327.66	-229.43	1622	7
2	277	1	1	8	27	-382.52	116.95	1345	7
2	278	1	1	12	5	41.81	-397.81	2899	7
2	279	1	1	8	41	267.65	-297.26	2342	7
2	280	1	0	12	15	0.00	0.00	6591	6
2	281	1	0	4	38	0.00	0.00	1807	6
2	282	1	0	12	6	0.00	0.00	5147	6
2	283	1	0	8	28	0.00	0.00	4820	6
2	284	1	0	4	79	0.00	0.00	1514	6
2	285	1	1	12	3	175.35	359.52	4264	7
2	286	1	1	8	10	-76.32	392.65	1932	7
2	287	1	0	12	9	0.00	0.00	5860	6
2	288	1	1	4	88	399.94	-6.98	1508	7
2	289	1	1	4	55	-223.68	-331.62	1382	7
2	290	1	1	4	88	-6.98	-399.94	1546	7
2	291	1	0	4	88	0.00	0.00	1702	7
2	292	1	0	4	76	0.00	0.00	1725	6
2	293	1	0	4	19	0.00	0.00	1863	6
2	294	1	0	4	0	0.00	0.00	2708	6
2	295	1	1	8	30	342.87	206.02	1793	7
2	296	1	1	12	21	149.84	-370.87	2453	7
2	297	1	1	8	27	-116.95	-382.52	2855	7
2	298	1	0	12	18	0.00	0.00	5563	6
2	299	1	1	4	58	206.02	342.87	1373	7
2	300	1	0	8	17	0.00	0.00	4404	6
2	301	1	1	8	31	-389.75	89.98	1058	7
2	302	1	1	12	23	-41.81	-397.81	2410	7
2	303	1	0	8	23	0.00	0.00	3109	6
2	304	1	1	4	12	389.75	89.98	1334	7
2	305	1	1	4	13	-96.77	388.12	1704	7
2	306	1	1	12	21	55.67	396.11	1743	7
2	307	1	0	12	18	0.00	0.00	6457	6
2	308	1	1	12	26	335.47	-217.86	3881	7
2	309	1	0	4	18	0.00	0.00	1778	6
2	310	1	1	12	12	-292.54	-272.80	2307	7
2	311	1	0	4	12	0.00	0.00	1819	6
2	312	1	1	8	4	34.86	-398.48	2370	7
2	313	1	0	12	10	0.00	0.00	4920	6
2	314	1	0	4	15	0.00	0.00	1536	6
2	315	1	0	4	69	0.00	0.00	2471	6
2	316	1	0	8	11	0.00	0.00	3757	6
2	317	1	0	8	35	0.00	0.00	3937	6
2	318	1	1	8	2	297.26	-267.65	2422	7
2	319	1	0	8	8	0.00	0.00	4911	6
2	320	1	0	12	21	0.00	0.00	4267	6
2	321	1	0	4	77	0.00	0.00	1735	6
2	322	1	0	12	25	0.00	0.00	5873	6
2	323	1	0	12	13	0.00	0.00	5369	6
2	324	1	1	4	24	362.52	169.05	1442	7
2	325	1	0	12	12	0.00	0.00	6906	6
2	326	1	1	8	33	-76.32	-392.65	2393	7
2	327	1	0	8	43	0.00	0.00	4931	6
2	328	1	0	8	18	0.00	0.00	5601	6
2	329	1	0	8	41	0.00	0.00	4982	6
2	330	1	1	4	11	-391.26	-83.16	1315	7
2	331	1	1	4	24	-169.05	362.52	1389	7
2	332	1	1	12	21	-370.87	-149.84	3645	7
2	333	1	1	8	32	217.86	-335.47	2770	7
2	334	1	1	12	7	315.20	246.26	2059	7
2	335	1	1	4	10	392.65	76.32	1615	7
2	336	1	0	8	9	0.00	0.00	6208	6
2	337	1	0	4	31	0.00	0.00	1682	6
2	338	1	0	4	46	0.00	0.00	1764	6
2	339	1	1	12	18	-392.65	76.32	1812	7
2	340	1	1	12	28	-349.85	-193.92	2723	7
2	341	1	0	8	15	0.00	0.00	4342	6
2	342	1	0	12	14	0.00	0.00	5022	6
2	343	1	1	8	25	-130.23	-378.21	2013	7
2	344	1	1	4	73	-110.25	-384.50	1656	7
2	345	1	1	8	6	-246.26	-315.20	3217	7
2	346	1	0	4	19	0.00	0.00	1917	6
2	347	1	0	4	26	0.00	0.00	2156	6
2	348	1	1	4	7	-396.11	-55.67	1319	7
2	349	1	0	12	11	0.00	0.00	6873	6
2	350	1	1	4	71	-123.61	-380.42	1539	7
2	351	1	0	4	6	0.00	0.00	1496	6
2	352	1	0	12	28	0.00	0.00	7159	6
2	353	1	1	4	50	310.86	-251.73	1602	7
2	354	1	1	12	7	55.67	-396.11	2610	7
2	355	1	0	8	1	0.00	0.00	6541	6
2	356	1	1	4	56	335.47	-217.86	1498	7
2	357	1	0	12	18	0.00	0.00	6936	6
2	358	1	1	4	14	386.37	103.53	1242	7
2	359	1	0	8	44	0.00	0.00	4134	6
2	360	1	1	8	31	-389.75	89.98	1380	7
2	361	0	1	12	9	-136.81	-375.88	4962	7
2	362	0	1	8	43	-287.74	-277.86	2384	7
2	363	0	0	12	24	0.00	0.00	5984	6
2	364	0	1	4	25	359.52	175.35	3533	7
2	365	0	1	8	1	13.96	-399.76	1894	7
2	366	0	0	12	5	0.00	0.00	7146	6
2	367	0	0	8	9	0.00	0.00	5129	6
2	368	0	0	12	22	0.00	0.00	7399	6
2	369	0	0	4	18	0.00	0.00	2912	6
2	370	0	1	12	27	399.76	-13.96	4051	7
2	371	0	1	8	7	240.73	319.45	3351	7
2	372	0	0	8	28	0.00	0.00	6149	6
2	373	0	1	8	19	375.88	136.81	3863	7
2	374	0	1	8	0	-287.74	277.86	3958	7
2	375	0	0	12	24	0.00	0.00	7440	6
2	376	0	1	4	20	373.43	143.35	2244	7
2	377	0	1	4	40	262.42	-301.88	1472	7
2	378	0	1	4	3	-399.03	-27.90	1706	7
2	379	0	0	8	8	0.00	0.00	3842	6
2	380	0	1	4	9	69.46	-393.92	1392	7
2	381	0	0	4	78	0.00	0.00	2602	6
2	382	0	1	8	18	-359.52	175.35	3889	6
2	383	0	0	4	15	0.00	0.00	2464	6
2	384	0	1	8	11	-83.16	391.26	6267	7
2	385	0	0	12	11	0.00	0.00	7743	6
2	386	0	1	8	3	262.42	301.88	3088	7
2	387	0	1	8	2	-267.65	-297.26	2010	7
2	388	0	0	4	59	0.00	0.00	2107	7
2	389	0	1	12	15	-287.74	277.86	6537	7
2	390	0	0	12	18	0.00	0.00	8961	6
2	391	0	0	12	20	0.00	0.00	8365	6
2	392	0	0	12	29	0.00	0.00	7130	6
2	393	0	0	8	20	0.00	0.00	6107	6
2	394	0	0	4	10	0.00	0.00	2310	6
2	395	0	0	12	12	0.00	0.00	10272	6
2	396	0	1	4	53	-235.11	-323.61	1917	7
2	397	0	0	4	9	0.00	0.00	2227	6
2	398	0	1	12	29	346.41	200.00	4544	7
2	399	0	1	4	23	365.42	162.69	6173	7
2	400	0	0	4	86	0.00	0.00	2674	6
2	401	0	1	4	10	76.32	-392.65	1943	7
2	402	0	1	8	34	-327.66	-229.43	1538	7
2	403	0	1	4	89	400.00	-0.00	2226	7
2	404	0	0	12	11	0.00	0.00	13002	6
2	405	0	0	8	40	0.00	0.00	5266	6
2	406	0	0	12	17	0.00	0.00	7736	6
2	407	0	1	12	11	-267.65	297.26	6243	7
2	408	0	1	12	6	319.45	240.73	7630	6
2	409	0	0	4	26	0.00	0.00	2308	6
2	410	0	0	12	28	0.00	0.00	6754	6
2	411	0	1	8	21	-370.87	-149.84	2021	7
2	412	0	1	4	68	143.35	373.43	1945	7
2	413	0	1	12	25	27.90	399.03	5622	7
2	414	0	1	4	37	315.20	246.26	2325	7
2	415	0	0	4	87	0.00	0.00	2041	6
2	416	0	0	8	6	0.00	0.00	4172	6
2	417	0	0	12	29	0.00	0.00	5746	6
2	418	0	1	12	2	-399.45	-20.93	2613	7
2	419	0	0	8	5	0.00	0.00	3874	6
2	420	0	0	8	16	0.00	0.00	4687	6
2	421	0	1	8	21	368.20	-156.29	3549	7
2	422	0	0	4	67	0.00	0.00	4319	6
2	423	0	1	4	69	375.88	-136.81	3197	7
2	424	0	1	8	2	267.65	297.26	5086	7
2	425	0	1	4	33	223.68	-331.62	1572	7
2	426	0	1	12	5	-162.69	-365.42	2404	7
2	427	0	1	12	1	-211.97	339.22	5246	7
2	428	0	1	12	17	-123.61	380.42	2754	7
2	429	0	0	8	26	0.00	0.00	6159	6
2	430	0	1	8	6	-397.02	-48.75	1606	7
2	431	0	1	4	8	-62.57	395.08	2147	7
2	432	0	1	4	71	123.61	380.42	2997	7
2	433	0	0	12	1	0.00	0.00	9075	6
2	434	0	0	8	32	0.00	0.00	5184	6
2	435	0	0	8	12	0.00	0.00	7525	6
2	436	0	0	8	24	0.00	0.00	5162	6
2	437	0	0	4	5	0.00	0.00	4221	6
2	438	0	0	8	37	0.00	0.00	8983	6
2	439	0	1	4	35	323.61	235.11	2147	7
2	440	0	1	8	18	-175.35	-359.52	2103	7
2	441	0	1	8	19	169.05	362.52	3769	7
2	442	0	1	8	3	-399.03	-27.90	4610	7
2	443	0	0	12	15	0.00	0.00	7736	6
2	444	0	1	12	26	-356.40	-181.60	2414	7
2	445	0	1	4	59	200.00	346.41	3669	7
2	446	0	1	8	28	-110.25	-384.50	2953	7
2	447	0	0	12	16	0.00	0.00	9745	6
2	448	0	1	12	3	331.62	223.68	5183	7
2	449	0	0	12	0	0.00	0.00	6234	6
2	450	0	0	12	26	0.00	0.00	6139	6
2	451	0	0	4	63	0.00	0.00	4395	6
2	452	0	0	4	13	0.00	0.00	2416	6
2	453	0	0	8	35	0.00	0.00	6391	6
2	454	0	0	4	48	0.00	0.00	4790	6
2	455	0	0	4	75	0.00	0.00	6140	6
2	456	0	0	4	58	0.00	0.00	3810	6
2	457	0	0	8	36	0.00	0.00	10080	6
2	458	0	1	12	4	-362.52	169.05	8714	7
2	459	0	0	8	29	0.00	0.00	9350	6
2	460	0	1	8	33	-392.65	76.32	1624	7
2	461	0	0	8	37	0.00	0.00	7283	6
2	462	0	1	8	2	297.26	-267.65	3070	7
2	463	0	1	12	13	-287.74	-277.86	1998	7
2	464	0	0	4	20	0.00	0.00	3732	6
2	465	0	0	8	4	0.00	0.00	7818	6
2	466	0	1	12	26	335.47	-217.86	8922	6
2	467	0	0	8	16	0.00	0.00	8199	6
2	468	0	1	12	26	-356.40	-181.60	1609	7
2	469	0	1	4	51	-315.20	246.26	1470	7
2	470	0	0	8	44	0.00	0.00	6847	6
2	471	0	0	4	18	0.00	0.00	2042	6
2	472	0	0	4	73	0.00	0.00	2380	6
2	473	0	1	12	3	175.35	359.52	4655	7
2	474	0	0	4	16	0.00	0.00	3262	6
2	475	0	1	4	26	181.60	-356.40	1468	7
2	476	0	1	12	2	-356.40	181.60	5526	7
2	477	0	0	12	19	0.00	0.00	6176	6
2	478	0	1	12	4	169.05	362.52	4642	7
2	479	0	1	4	89	-400.00	0.00	1343	7
2	480	0	0	12	27	0.00	0.00	6055	6
