blk	trl	target	search	nitems	rot_offset	tpos_x	tpos_y	rt	button
4	1	1	0	12	12	0.00	0.00	4411	6
4	2	1	0	4	61	0.00	0.00	1506	6
4	3	1	1	8	3	399.03	27.90	1900	7
4	4	1	1	12	15	-277.86	-287.74	2245	7
4	5	1	0	12	19	0.00	0.00	5202	6
4	6	1	1	8	12	-211.97	-339.22	1908	7
4	7	1	1	8	20	365.42	-162.69	2180	7
4	8	1	1	12	19	69.46	393.92	1842	7
4	9	1	0	4	7	0.00	0.00	2513	6
4	10	1	1	4	87	13.96	399.76	1323	7
4	11	1	0	8	25	0.00	0.00	3394	6
4	12	1	1	8	35	62.57	395.08	1242	7
4	13	1	1	4	67	-149.84	-370.87	1835	7
4	14	1	0	12	18	0.00	0.00	4209	6
4	15	1	0	4	88	0.00	0.00	1733	6
4	16	1	1	12	8	251.73	-310.86	3128	7
4	17	1	0	8	42	0.00	0.00	4505	6
4	18	1	0	4	19	0.00	0.00	3506	6
4	19	1	0	8	10	0.00	0.00	3552	6
4	20	1	1	4	22	156.29	-368.20	1504	7
4	21	1	1	4	5	-397.81	-41.81	8409	7
4	22	1	0	4	63	0.00	0.00	2231	6
4	23	1	0	4	43	0.00	0.00	1970	6
4	24	1	1	12	17	-391.26	83.16	1774	7
4	25	1	0	12	10	0.00	0.00	5482	6
4	26	1	0	12	15	0.00	0.00	4509	6
4	27	1	0	12	26	0.00	0.00	4451	6
4	28	1	0	12	17	0.00	0.00	4930	6
4	29	1	1	4	45	-287.74	277.86	1226	7
4	30	1	0	8	13	0.00	0.00	3958	6
4	31	1	1	8	9	-69.46	393.92	2558	7
4	32	1	1	8	22	-156.29	368.20	1169	7
4	33	1	1	8	42	-292.54	-272.80	2063	7
4	34	1	0	12	25	0.00	0.00	5363	6
4	35	1	1	12	22	368.20	156.29	2455	7
4	36	1	1	4	21	149.84	-370.87	1390	7
4	37	1	1	4	8	-395.08	-62.57	1404	7
4	38	1	0	4	60	0.00	0.00	1804	6
4	39	1	1	8	7	-55.67	396.11	1320	7
4	40	1	0	8	6	0.00	0.00	3150	6
4	41	1	0	12	25	0.00	0.00	4314	6
4	42	1	1	12	19	-257.12	-306.42	2250	7
4	43	1	1	12	9	-393.92	-69.46	1242	7
4	44	1	0	12	7	0.00	0.00	4978	6
4	45	1	0	4	1	0.00	0.00	1354	6
4	46	1	0	4	19	0.00	0.00	1791	6
4	47	1	1	8	8	-323.61	235.11	1182	7
4	48	1	1	8	38	-397.81	41.81	1077	7
4	49	1	1	8	26	-380.42	123.61	1625	7
4	50	1	0	4	32	0.00	0.00	1520	6
4	51	1	1	12	12	-89.98	389.75	1789	7
4	52	1	1	12	22	368.20	156.29	2083	7
4	53	1	1	12	26	335.47	-217.86	2550	7
4	54	1	1	8	13	-388.12	-96.77	1193	7
4	55	1	0	4	66	0.00	0.00	1390	6
4	56	1	1	4	65	162.69	365.42	1409	7
4	57	1	1	4	41	297.26	267.65	1159	7
4	58	1	0	8	27	0.00	0.00	4133	6
4	59	1	1	8	20	-143.35	373.43	1092	7
4	60	1	0	4	45	0.00	0.00	1314	6
4	61	1	0	8	13	0.00	0.00	3755	6
4	62	1	1	4	60	349.85	-193.92	1265	7
4	63	1	0	8	37	0.00	0.00	2580	6
4	64	1	0	4	42	0.00	0.00	1596	6
4	65	1	1	8	7	55.67	-396.11	2274	7
4	66	1	1	4	57	-211.97	-339.22	1332	7
4	67	1	1	8	9	-327.66	229.43	1452	7
4	68	1	0	8	6	0.00	0.00	3346	6
4	69	1	0	12	12	0.00	0.00	3298	6
4	70	1	1	12	8	-310.86	-251.73	2119	7
4	71	1	0	8	40	0.00	0.00	3041	6
4	72	1	0	4	84	0.00	0.00	1358	6
4	73	1	1	12	22	-319.45	240.73	2293	7
4	74	1	0	12	7	0.00	0.00	4184	6
4	75	1	0	4	39	0.00	0.00	1905	6
4	76	1	1	4	37	-246.26	315.20	1064	7
4	77	1	0	4	76	0.00	0.00	1340	6
4	78	1	0	4	54	0.00	0.00	1578	6
4	79	1	1	8	6	-246.26	-315.20	1949	7
4	80	1	0	8	21	0.00	0.00	2843	6
4	81	1	1	12	6	319.45	240.73	3491	7
4	82	1	0	8	19	0.00	0.00	3402	6
4	83	1	0	12	6	0.00	0.00	4137	6
4	84	1	0	4	71	0.00	0.00	1637	6
4	85	1	1	4	15	384.50	110.25	1184	7
4	86	1	0	4	58	0.00	0.00	1968	6
4	87	1	1	4	29	200.00	-346.41	1629	7
4	88	1	0	12	23	0.00	0.00	4656	6
4	89	1	0	12	21	0.00	0.00	3820	6
4	90	1	0	4	45	0.00	0.00	1852	6
4	91	1	1	4	41	297.26	267.65	1279	7
4	92	1	1	12	6	-368.20	156.29	1233	7
4	93	1	0	12	14	0.00	0.00	3599	6
4	94	1	0	12	24	0.00	0.00	3670	6
4	95	1	1	12	22	156.29	-368.20	1725	7
4	96	1	0	8	3	0.00	0.00	2902	6
4	97	1	1	4	85	27.90	399.03	1133	7
4	98	1	1	12	2	-399.45	-20.93	1044	7
4	99	1	1	8	32	-217.86	335.47	1117	7
4	100	1	1	4	52	-319.45	240.73	1265	7
4	101	1	1	4	45	287.74	-277.86	1231	7
4	102	1	1	12	25	-331.62	223.68	1442	7
4	103	1	1	12	24	-169.05	362.52	2782	7
4	104	1	0	8	33	0.00	0.00	2736	6
4	105	1	0	12	11	0.00	0.00	4105	6
4	106	1	0	8	35	0.00	0.00	2811	6
4	107	1	1	8	18	-175.35	-359.52	3109	6
4	108	1	0	12	23	0.00	0.00	4003	6
4	109	1	1	12	22	397.02	-48.75	3165	7
4	110	1	1	4	21	370.87	149.84	1246	7
4	111	1	0	8	11	0.00	0.00	3831	6
4	112	1	0	8	30	0.00	0.00	3257	6
4	113	1	1	8	37	-397.02	48.75	1124	7
4	114	1	1	12	20	-395.08	62.57	2048	7
4	115	1	0	8	15	0.00	0.00	3111	6
4	116	1	0	8	10	0.00	0.00	4291	6
4	117	1	0	12	14	0.00	0.00	4144	6
4	118	1	1	8	25	378.21	-130.23	1363	7
4	119	1	1	4	85	-27.90	-399.03	1305	7
4	120	1	0	8	6	0.00	0.00	3312	6
4	121	3	0	4	29	0.00	0.00	944	6
4	122	3	1	4	57	339.22	-211.97	831	7
4	123	3	0	12	27	0.00	0.00	1125	6
4	124	3	1	8	17	-380.42	-123.61	809	7
4	125	3	1	4	61	-353.18	187.79	663	7
4	126	3	1	8	17	181.60	356.40	857	7
4	127	3	0	12	10	0.00	0.00	1910	6
4	128	3	1	8	34	69.46	393.92	647	7
4	129	3	1	12	3	-223.68	331.62	692	7
4	130	3	1	4	59	-200.00	-346.41	932	7
4	131	3	0	4	7	0.00	0.00	763	6
4	132	3	1	8	6	48.75	-397.02	620	7
4	133	3	0	4	33	0.00	0.00	1253	6
4	134	3	1	12	5	323.61	235.11	701	7
4	135	3	0	8	28	0.00	0.00	981	6
4	136	3	0	4	32	0.00	0.00	1113	6
4	137	3	0	12	20	0.00	0.00	1160	6
4	138	3	0	12	12	0.00	0.00	1044	6
4	139	3	0	12	23	0.00	0.00	1271	6
4	140	3	1	8	39	-257.12	306.42	721	7
4	141	3	1	4	2	399.45	20.93	817	7
4	142	3	0	8	11	0.00	0.00	1061	6
4	143	3	0	12	29	0.00	0.00	1109	6
4	144	3	1	8	7	-240.73	-319.45	721	7
4	145	3	0	12	10	0.00	0.00	1063	6
4	146	3	0	4	19	0.00	0.00	993	6
4	147	3	1	4	6	-48.75	397.02	1136	7
4	148	3	0	12	0	0.00	0.00	1109	6
4	149	3	1	8	7	396.11	55.67	1002	7
4	150	3	0	8	41	0.00	0.00	1353	6
4	151	3	0	8	36	0.00	0.00	1545	6
4	152	3	0	12	10	0.00	0.00	1055	6
4	153	3	1	4	14	-386.37	-103.53	753	7
4	154	3	1	12	22	156.29	-368.20	769	7
4	155	3	0	12	25	0.00	0.00	977	6
4	156	3	0	8	44	0.00	0.00	1017	6
4	157	3	1	8	41	-297.26	-267.65	705	7
4	158	3	1	12	12	116.95	382.52	1053	7
4	159	3	0	4	42	0.00	0.00	692	6
4	160	3	0	4	83	0.00	0.00	1054	6
4	161	3	1	4	84	34.86	398.48	1027	7
4	162	3	1	12	8	373.43	-143.35	1046	7
4	163	3	1	8	42	292.54	272.80	1069	7
4	164	3	0	12	23	0.00	0.00	1307	6
4	165	3	1	8	20	-373.43	-143.35	1065	7
4	166	3	1	12	20	-310.86	251.73	743	7
4	167	3	1	12	20	-143.35	373.43	1282	7
4	168	3	1	4	53	235.11	323.61	766	7
4	169	3	0	8	10	0.00	0.00	898	6
4	170	3	1	12	25	-175.35	359.52	643	7
4	171	3	1	8	15	349.85	-193.92	638	7
4	172	3	1	12	1	211.97	-339.22	595	7
4	173	3	1	8	5	-41.81	397.81	935	7
4	174	3	1	4	72	-382.52	116.95	833	7
4	175	3	1	8	27	-116.95	-382.52	754	7
4	176	3	1	4	51	-246.26	-315.20	626	7
4	177	3	0	8	11	0.00	0.00	1555	6
4	178	3	0	4	54	0.00	0.00	972	6
4	179	3	0	12	15	0.00	0.00	792	6
4	180	3	1	8	12	-389.75	-89.98	704	6
4	181	3	1	4	62	356.40	-181.60	769	7
4	182	3	0	8	35	0.00	0.00	1053	6
4	183	3	0	4	86	0.00	0.00	786	6
4	184	3	1	12	22	48.75	397.02	939	7
4	185	3	1	12	17	-297.26	267.65	737	7
4	186	3	0	4	45	0.00	0.00	994	6
4	187	3	1	12	20	-62.57	-395.08	967	7
4	188	3	0	4	80	0.00	0.00	923	6
4	189	3	0	12	2	0.00	0.00	2205	6
4	190	3	0	8	20	0.00	0.00	1115	6
4	191	3	0	4	54	0.00	0.00	730	6
4	192	3	0	4	83	0.00	0.00	814	6
4	193	3	1	4	40	301.88	262.42	740	7
4	194	3	1	4	51	-246.26	-315.20	842	7
4	195	3	1	4	42	272.80	-292.54	686	7
4	196	3	1	4	38	310.86	251.73	861	7
4	197	3	0	8	21	0.00	0.00	793	6
4	198	3	0	4	33	0.00	0.00	795	6
4	199	3	0	4	23	0.00	0.00	920	6
4	200	3	1	12	2	335.47	217.86	696	7
4	201	3	1	8	28	-110.25	-384.50	986	7
4	202	3	1	8	17	123.61	-380.42	814	7
4	203	3	0	8	14	0.00	0.00	954	6
4	204	3	0	4	59	0.00	0.00	763	6
4	205	3	0	8	5	0.00	0.00	778	6
4	206	3	1	12	9	136.81	375.88	597	7
4	207	3	0	8	5	0.00	0.00	847	6
4	208	3	0	4	19	0.00	0.00	764	6
4	209	3	0	12	4	0.00	0.00	1117	6
4	210	3	0	4	5	0.00	0.00	550	6
4	211	3	0	8	12	0.00	0.00	1110	6
4	212	3	0	12	6	0.00	0.00	1069	6
4	213	3	1	4	52	319.45	-240.73	648	7
4	214	3	0	8	28	0.00	0.00	718	6
4	215	3	0	12	28	0.00	0.00	1046	6
4	216	3	0	12	21	0.00	0.00	1009	6
4	217	3	0	8	36	0.00	0.00	1002	6
4	218	3	0	4	77	0.00	0.00	892	6
4	219	3	1	4	87	13.96	399.76	721	7
4	220	3	1	4	47	297.26	-267.65	588	7
4	221	3	1	8	17	-123.61	380.42	629	7
4	222	3	1	12	11	-391.26	-83.16	614	7
4	223	3	0	8	43	0.00	0.00	797	6
4	224	3	0	12	15	0.00	0.00	1164	6
4	225	3	0	12	2	0.00	0.00	563	6
4	226	3	1	12	25	175.35	-359.52	804	7
4	227	3	0	12	27	0.00	0.00	748	6
4	228	3	1	4	83	-41.81	-397.81	953	7
4	229	3	1	12	8	-373.43	143.35	616	7
4	230	3	1	4	59	346.41	-200.00	586	7
4	231	3	0	4	32	0.00	0.00	875	6
4	232	3	1	8	36	396.11	-55.67	661	7
4	233	3	1	8	13	-206.02	-342.87	835	7
4	234	3	0	8	18	0.00	0.00	884	6
4	235	3	1	8	29	-200.00	346.41	1374	7
4	236	3	1	12	10	-130.23	-378.21	858	7
4	237	3	1	12	16	116.95	-382.52	799	7
4	238	3	1	12	22	-156.29	368.20	974	7
4	239	3	0	8	42	0.00	0.00	1467	6
4	240	3	0	8	44	0.00	0.00	1080	6
4	241	2	0	12	1	0.00	0.00	2206	6
4	242	2	1	8	23	365.42	162.69	1174	7
4	243	2	0	8	19	0.00	0.00	1405	6
4	244	2	1	4	34	-229.43	327.66	1016	7
4	245	2	0	12	21	0.00	0.00	1768	6
4	246	2	0	8	43	0.00	0.00	1698	6
4	247	2	0	12	14	0.00	0.00	1330	6
4	248	2	1	4	82	48.75	397.02	1049	7
4	249	2	1	8	3	262.42	301.88	1224	7
4	250	2	0	4	43	0.00	0.00	1171	6
4	251	2	0	8	34	0.00	0.00	1887	6
4	252	2	1	12	19	69.46	393.92	1043	7
4	253	2	0	4	33	0.00	0.00	1375	6
4	254	2	1	12	10	76.32	-392.65	1549	7
4	255	2	1	4	29	200.00	-346.41	1153	7
4	256	2	1	8	44	400.00	-0.00	870	7
4	257	2	1	8	5	251.73	310.86	858	7
4	258	2	0	4	88	0.00	0.00	995	6
4	259	2	0	8	26	0.00	0.00	1988	6
4	260	2	1	8	35	-235.11	323.61	1040	7
4	261	2	1	4	25	175.35	-359.52	862	7
4	262	2	1	4	77	83.16	391.26	1003	7
4	263	2	0	8	7	0.00	0.00	2190	6
4	264	2	1	4	67	149.84	370.87	769	7
4	265	2	0	12	20	0.00	0.00	2927	6
4	266	2	1	4	24	-169.05	362.52	994	7
4	267	2	0	8	18	0.00	0.00	1788	6
4	268	2	0	12	27	0.00	0.00	2015	6
4	269	2	1	8	6	246.26	315.20	1161	7
4	270	2	1	4	31	339.22	211.97	1273	7
4	271	2	1	8	23	162.69	-365.42	988	7
4	272	2	0	4	78	0.00	0.00	1119	6
4	273	2	1	4	64	-362.52	169.05	1313	7
4	274	2	1	4	62	356.40	-181.60	1111	7
4	275	2	0	8	1	0.00	0.00	1613	6
4	276	2	0	4	28	0.00	0.00	1068	6
4	277	2	0	8	36	0.00	0.00	2001	6
4	278	2	0	4	36	0.00	0.00	1221	6
4	279	2	0	12	25	0.00	0.00	1447	6
4	280	2	1	12	21	370.87	149.84	1097	7
4	281	2	0	12	15	0.00	0.00	1495	6
4	282	2	1	12	5	-365.42	162.69	940	7
4	283	2	0	4	23	0.00	0.00	1219	6
4	284	2	1	12	13	-388.12	-96.77	1527	6
4	285	2	0	4	82	0.00	0.00	1081	6
4	286	2	1	8	10	76.32	-392.65	1447	7
4	287	2	0	4	34	0.00	0.00	1072	6
4	288	2	1	4	1	-13.96	399.76	915	7
4	289	2	1	8	7	-240.73	-319.45	1330	7
4	290	2	0	12	4	0.00	0.00	1902	6
4	291	2	1	8	36	-319.45	-240.73	1008	7
4	292	2	0	12	2	0.00	0.00	1526	6
4	293	2	1	4	74	386.37	-103.53	956	7
4	294	2	1	12	29	346.41	200.00	1471	6
4	295	2	0	8	7	0.00	0.00	1631	6
4	296	2	0	12	10	0.00	0.00	1586	6
4	297	2	1	8	29	103.53	386.37	1128	7
4	298	2	0	4	57	0.00	0.00	1267	6
4	299	2	0	4	27	0.00	0.00	967	6
4	300	2	0	8	1	0.00	0.00	1660	6
4	301	2	0	4	53	0.00	0.00	1036	6
4	302	2	1	12	20	395.08	-62.57	965	7
4	303	2	0	12	29	0.00	0.00	2453	6
4	304	2	1	4	31	-339.22	-211.97	1031	7
4	305	2	0	8	3	0.00	0.00	1962	6
4	306	2	1	8	22	156.29	-368.20	1058	7
4	307	2	0	12	13	0.00	0.00	1273	6
4	308	2	1	8	35	-323.61	-235.11	1142	7
4	309	2	1	4	15	384.50	110.25	986	7
4	310	2	0	8	36	0.00	0.00	1341	6
4	311	2	0	4	57	0.00	0.00	875	6
4	312	2	0	12	20	0.00	0.00	1436	6
4	313	2	0	12	0	0.00	0.00	1482	6
4	314	2	1	12	10	378.21	-130.23	866	7
4	315	2	1	4	1	13.96	-399.76	839	7
4	316	2	1	8	0	399.94	6.98	895	7
4	317	2	1	12	11	-380.42	123.61	1319	7
4	318	2	0	8	42	0.00	0.00	2132	6
4	319	2	0	4	57	0.00	0.00	1529	6
4	320	2	1	8	7	55.67	-396.11	1396	7
4	321	2	1	4	20	-373.43	-143.35	1255	7
4	322	2	0	8	9	0.00	0.00	2184	6
4	323	2	1	12	26	-335.47	217.86	955	7
4	324	2	0	12	15	0.00	0.00	1453	6
4	325	2	0	12	13	0.00	0.00	1319	6
4	326	2	1	12	13	-110.25	-384.50	956	7
4	327	2	0	8	5	0.00	0.00	2604	6
4	328	2	1	8	21	-370.87	-149.84	917	7
4	329	2	1	12	21	396.11	-55.67	1365	7
4	330	2	0	4	40	0.00	0.00	1191	6
4	331	2	0	12	7	0.00	0.00	1989	6
4	332	2	1	8	37	-246.26	315.20	870	7
4	333	2	0	12	9	0.00	0.00	2123	6
4	334	2	0	4	78	0.00	0.00	1075	6
4	335	2	1	4	22	-156.29	368.20	1055	7
4	336	2	0	8	12	0.00	0.00	1155	6
4	337	2	1	8	18	-359.52	175.35	1044	7
4	338	2	1	12	2	335.47	217.86	1139	7
4	339	2	1	4	3	27.90	-399.03	851	7
4	340	2	1	12	28	349.85	193.92	1395	7
4	341	2	1	8	38	-397.81	41.81	1061	7
4	342	2	1	12	21	-370.87	-149.84	845	7
4	343	2	0	4	8	0.00	0.00	866	6
4	344	2	0	4	82	0.00	0.00	1068	6
4	345	2	1	4	14	103.53	-386.37	890	7
4	346	2	1	12	17	-380.42	-123.61	947	7
4	347	2	0	8	44	0.00	0.00	2012	6
4	348	2	0	4	11	0.00	0.00	1100	6
4	349	2	0	8	28	0.00	0.00	1669	6
4	350	2	0	8	1	0.00	0.00	1652	6
4	351	2	0	4	35	0.00	0.00	1221	6
4	352	2	1	12	12	-389.75	-89.98	888	7
4	353	2	1	12	23	-323.61	235.11	1141	7
4	354	2	0	12	3	0.00	0.00	1929	6
4	355	2	1	8	30	342.87	206.02	1082	7
4	356	2	1	12	16	-382.52	-116.95	1027	7
4	357	2	1	12	2	-356.40	181.60	1076	7
4	358	2	0	12	26	0.00	0.00	1659	6
4	359	2	0	8	27	0.00	0.00	1473	6
4	360	2	1	4	40	262.42	-301.88	988	7
4	361	0	1	4	72	-116.95	-382.52	1487	7
4	362	0	0	4	54	0.00	0.00	2097	7
4	363	0	1	8	4	306.42	-257.12	3309	7
4	364	0	1	12	14	-282.84	282.84	4191	7
4	365	0	0	8	9	0.00	0.00	3984	6
4	366	0	1	8	27	382.52	-116.95	2666	7
4	367	0	1	8	34	229.43	-327.66	2254	7
4	368	0	1	8	40	-27.90	-399.03	1406	7
4	369	0	0	4	61	0.00	0.00	2723	6
4	370	0	1	12	7	-246.26	315.20	4472	7
4	371	0	1	8	14	-200.00	-346.41	1929	7
4	372	0	0	8	6	0.00	0.00	3347	6
4	373	0	0	4	41	0.00	0.00	2391	6
4	374	0	0	12	15	0.00	0.00	5197	6
4	375	0	0	12	5	0.00	0.00	5688	6
4	376	0	0	4	62	0.00	0.00	1940	6
4	377	0	0	12	10	0.00	0.00	4676	6
4	378	0	1	8	44	282.84	-282.84	2299	7
4	379	0	1	8	13	96.77	-388.12	2247	7
4	380	0	1	8	5	-41.81	397.81	4049	7
4	381	0	0	8	23	0.00	0.00	3321	6
4	382	0	0	4	7	0.00	0.00	2461	6
4	383	0	1	12	21	-149.84	370.87	3731	7
4	384	0	0	8	1	0.00	0.00	2605	6
4	385	0	1	4	84	34.86	398.48	2377	7
4	386	0	1	4	24	-169.05	362.52	2211	7
4	387	0	0	12	5	0.00	0.00	5895	6
4	388	0	1	12	29	200.00	-346.41	2292	7
4	389	0	1	8	11	-391.26	-83.16	1385	7
4	390	0	0	4	3	0.00	0.00	2280	6
4	391	0	0	8	35	0.00	0.00	4668	6
4	392	0	1	8	29	-200.00	346.41	3543	7
4	393	0	1	4	52	-240.73	-319.45	1251	7
4	394	0	1	4	86	-399.45	20.93	1321	7
4	395	0	1	4	29	-346.41	-200.00	2175	7
4	396	0	1	12	17	-391.26	83.16	5019	7
4	397	0	0	4	21	0.00	0.00	2273	6
4	398	0	0	12	8	0.00	0.00	5276	6
4	399	0	0	4	32	0.00	0.00	2877	6
4	400	0	0	12	27	0.00	0.00	4779	6
4	401	0	0	8	22	0.00	0.00	3135	6
4	402	0	0	12	9	0.00	0.00	4821	6
4	403	0	1	4	73	-110.25	-384.50	1237	7
4	404	0	0	12	27	0.00	0.00	5222	6
4	405	0	1	4	3	27.90	-399.03	1412	7
4	406	0	0	8	32	0.00	0.00	3950	6
4	407	0	0	8	12	0.00	0.00	3739	6
4	408	0	1	4	34	327.66	229.43	1833	7
4	409	0	1	12	10	301.88	262.42	3410	7
4	410	0	0	12	16	0.00	0.00	5335	6
4	411	0	0	8	16	0.00	0.00	5151	6
4	412	0	1	12	2	-181.60	-356.40	1748	7
4	413	0	1	12	11	83.16	-391.26	4429	6
4	414	0	1	12	7	-370.87	149.84	5642	7
4	415	0	1	8	24	136.81	375.88	3940	7
4	416	0	1	12	24	-398.48	34.86	1354	7
4	417	0	1	4	56	335.47	-217.86	2851	7
4	418	0	1	4	5	41.81	-397.81	1399	7
4	419	0	0	8	1	0.00	0.00	4761	6
4	420	0	0	12	21	0.00	0.00	8092	6
4	421	0	0	8	41	0.00	0.00	3570	6
4	422	0	1	12	1	211.97	-339.22	2204	7
4	423	0	1	4	54	229.43	327.66	3207	6
4	424	0	0	4	79	0.00	0.00	1989	6
4	425	0	0	4	13	0.00	0.00	2202	6
4	426	0	0	8	32	0.00	0.00	3484	6
4	427	0	0	4	45	0.00	0.00	1806	6
4	428	0	1	12	17	-297.26	267.65	5075	7
4	429	0	1	12	0	-399.94	-6.98	1496	7
4	430	0	0	4	14	0.00	0.00	2076	6
4	431	0	0	8	13	0.00	0.00	3476	6
4	432	0	0	8	42	0.00	0.00	3052	6
4	433	0	0	8	11	0.00	0.00	3332	6
4	434	0	0	4	46	0.00	0.00	1743	6
4	435	0	1	4	34	327.66	229.43	1833	7
4	436	0	0	12	16	0.00	0.00	4144	6
4	437	0	0	12	7	0.00	0.00	3889	6
4	438	0	0	4	76	0.00	0.00	3042	6
4	439	0	0	4	5	0.00	0.00	1629	6
4	440	0	1	4	41	-297.26	-267.65	1807	7
4	441	0	0	8	1	0.00	0.00	3656	6
4	442	0	1	8	28	-110.25	-384.50	1711	7
4	443	0	1	4	13	-96.77	388.12	1320	7
4	444	0	1	4	64	169.05	362.52	2009	7
4	445	0	0	8	18	0.00	0.00	3950	6
4	446	0	1	4	39	257.12	-306.42	1995	7
4	447	0	1	12	5	323.61	235.11	5025	7
4	448	0	1	4	74	-103.53	-386.37	4473	7
4	449	0	1	12	5	397.81	41.81	2758	7
4	450	0	0	4	78	0.00	0.00	1782	6
4	451	0	1	4	78	-76.32	-392.65	1253	7
4	452	0	1	12	22	156.29	-368.20	2979	7
4	453	0	1	8	7	-55.67	396.11	3411	7
4	454	0	1	12	11	83.16	-391.26	6533	6
4	455	0	1	8	1	272.80	292.54	3583	6
4	456	0	1	12	12	-292.54	-272.80	1481	7
4	457	0	0	8	3	0.00	0.00	3588	6
4	458	0	0	12	17	0.00	0.00	6364	6
4	459	0	0	12	10	0.00	0.00	7790	6
4	460	0	0	12	15	0.00	0.00	5713	6
4	461	0	0	12	12	0.00	0.00	5026	6
4	462	0	0	12	17	0.00	0.00	6335	6
4	463	0	1	8	22	-368.20	-156.29	1417	7
4	464	0	1	4	24	169.05	-362.52	3954	7
4	465	0	0	12	24	0.00	0.00	6288	6
4	466	0	0	12	20	0.00	0.00	4954	6
4	467	0	0	4	75	0.00	0.00	2111	6
4	468	0	1	8	34	-229.43	327.66	3302	7
4	469	0	0	4	53	0.00	0.00	2096	6
4	470	0	0	4	40	0.00	0.00	3514	6
4	471	0	1	8	34	-229.43	327.66	3865	7
4	472	0	1	8	19	-375.88	-136.81	1345	7
4	473	0	0	8	24	0.00	0.00	4145	6
4	474	0	1	12	5	235.11	-323.61	2991	7
4	475	0	0	4	79	0.00	0.00	2408	6
4	476	0	1	12	11	-267.65	297.26	4494	7
4	477	0	0	12	25	0.00	0.00	5232	6
4	478	0	1	8	16	-353.18	187.79	2320	7
4	479	0	1	8	28	110.25	384.50	3957	7
4	480	0	0	8	26	0.00	0.00	3605	6
