blk	trl	target	search	nitems	rot_offset	tpos_x	tpos_y	rt	button
1	1	2	1	8	22	368.20	156.29	2163	7
1	2	2	0	4	72	0.00	0.00	1487	6
1	3	2	0	12	7	0.00	0.00	3142	6
1	4	2	1	4	84	34.86	398.48	1327	7
1	5	2	0	12	11	0.00	0.00	2895	6
1	6	2	1	12	21	246.26	315.20	1174	7
1	7	2	0	12	1	0.00	0.00	3532	6
1	8	2	0	12	17	0.00	0.00	3222	6
1	9	2	0	8	19	0.00	0.00	2620	6
1	10	2	0	8	36	0.00	0.00	2623	6
1	11	2	1	4	70	378.21	-130.23	1695	7
1	12	2	0	8	20	0.00	0.00	3124	6
1	13	2	1	12	27	-399.76	13.96	2396	7
1	14	2	1	4	33	-223.68	331.62	1952	7
1	15	2	0	12	18	0.00	0.00	3123	6
1	16	2	0	12	28	0.00	0.00	3090	6
1	17	2	0	4	45	0.00	0.00	1605	6
1	18	2	0	12	4	0.00	0.00	3912	6
1	19	2	0	8	20	0.00	0.00	2812	6
1	20	2	1	8	28	110.25	384.50	1321	7
1	21	2	1	12	7	-396.11	-55.67	3771	7
1	22	2	0	4	36	0.00	0.00	1433	6
1	23	2	1	12	11	391.26	83.16	1758	6
1	24	2	0	4	38	0.00	0.00	2542	6
1	25	2	1	8	35	-395.08	62.57	2501	7
1	26	2	1	12	16	272.80	292.54	1672	7
1	27	2	0	12	12	0.00	0.00	3307	6
1	28	2	1	12	11	267.65	-297.26	2918	7
1	29	2	1	8	21	156.29	368.20	1163	7
1	30	2	1	12	17	297.26	-267.65	1770	7
1	31	2	0	8	30	0.00	0.00	2669	6
1	32	2	0	12	11	0.00	0.00	3388	6
1	33	2	0	12	20	0.00	0.00	2850	6
1	34	2	1	4	45	-277.86	-287.74	1390	7
1	35	2	0	12	23	0.00	0.00	3249	6
1	36	2	0	4	44	0.00	0.00	1722	6
1	37	2	0	4	88	0.00	0.00	2069	6
1	38	2	0	4	70	0.00	0.00	1912	6
1	39	2	0	4	55	0.00	0.00	1474	6
1	40	2	0	12	28	0.00	0.00	4098	6
1	41	2	1	4	30	-342.87	-206.02	1794	7
1	42	2	1	8	15	-384.50	-110.25	1293	7
1	43	2	1	8	3	-399.03	-27.90	2566	7
1	44	2	1	4	76	-389.75	89.98	1401	7
1	45	2	1	4	5	-41.81	397.81	1610	7
1	46	2	0	4	39	0.00	0.00	1498	6
1	47	2	0	8	3	0.00	0.00	3008	6
1	48	2	1	8	31	-339.22	-211.97	1610	7
1	49	2	0	8	23	0.00	0.00	4033	6
1	50	2	0	4	64	0.00	0.00	1508	6
1	51	2	1	12	1	-187.79	-353.18	2331	7
1	52	2	1	4	79	-393.92	69.46	1401	7
1	53	2	0	12	10	0.00	0.00	4006	6
1	54	2	0	4	60	0.00	0.00	1637	6
1	55	2	1	4	88	6.98	399.94	1134	7
1	56	2	0	8	16	0.00	0.00	2939	6
1	57	2	1	12	28	193.92	-349.85	2078	7
1	58	2	1	8	39	257.12	-306.42	1561	7
1	59	2	1	8	27	116.95	382.52	1085	7
1	60	2	1	4	64	362.52	-169.05	1365	7
1	61	2	0	12	1	0.00	0.00	3258	6
1	62	2	1	4	13	-96.77	388.12	1382	7
1	63	2	1	8	14	386.37	103.53	1134	7
1	64	2	1	12	27	187.79	-353.18	2482	7
1	65	2	1	4	22	-368.20	-156.29	1887	7
1	66	2	1	4	63	359.52	-175.35	1709	7
1	67	2	1	4	63	175.35	359.52	1505	7
1	68	2	1	12	22	240.73	319.45	1088	7
1	69	2	1	12	16	-382.52	-116.95	1840	7
1	70	2	0	8	30	0.00	0.00	3045	6
1	71	2	0	4	63	0.00	0.00	1281	6
1	72	2	0	4	73	0.00	0.00	2404	6
1	73	2	0	8	32	0.00	0.00	2974	6
1	74	2	0	12	26	0.00	0.00	3072	6
1	75	2	1	8	13	-342.87	206.02	1347	7
1	76	2	0	12	16	0.00	0.00	3242	6
1	77	2	1	8	21	-370.87	-149.84	2004	7
1	78	2	0	8	44	0.00	0.00	2535	6
1	79	2	0	4	10	0.00	0.00	1456	6
1	80	2	0	12	0	0.00	0.00	3080	6
1	81	2	1	4	8	-62.57	395.08	1316	7
1	82	2	1	12	20	373.43	143.35	1690	7
1	83	2	1	8	33	-76.32	-392.65	2275	7
1	84	2	0	12	14	0.00	0.00	2701	6
1	85	2	1	4	13	-96.77	388.12	1299	7
1	86	2	0	4	54	0.00	0.00	1250	6
1	87	2	0	8	33	0.00	0.00	2357	6
1	88	2	1	12	16	292.54	-272.80	2551	7
1	89	2	1	8	29	346.41	200.00	1134	7
1	90	2	0	8	39	0.00	0.00	3210	6
1	91	2	1	4	48	-301.88	262.42	994	7
1	92	2	1	12	26	-399.45	20.93	3135	7
1	93	2	0	8	42	0.00	0.00	2495	6
1	94	2	0	8	17	0.00	0.00	2784	6
1	95	2	0	8	3	0.00	0.00	2034	6
1	96	2	0	4	38	0.00	0.00	1484	6
1	97	2	0	4	54	0.00	0.00	1299	6
1	98	2	1	8	30	-342.87	-206.02	1944	7
1	99	2	0	12	25	0.00	0.00	2915	6
1	100	2	0	8	28	0.00	0.00	2819	6
1	101	2	0	12	16	0.00	0.00	3064	6
1	102	2	1	8	43	-399.94	6.98	1412	7
1	103	2	0	4	32	0.00	0.00	1393	6
1	104	2	1	8	29	-103.53	-386.37	2045	7
1	105	2	1	4	26	356.40	181.60	1423	7
1	106	2	0	8	8	0.00	0.00	2649	6
1	107	2	1	8	32	-217.86	335.47	1200	7
1	108	2	1	8	34	69.46	393.92	1362	7
1	109	2	0	8	29	0.00	0.00	2193	6
1	110	2	1	12	27	-187.79	353.18	779	7
1	111	2	1	8	44	282.84	-282.84	1835	7
1	112	2	1	12	26	181.60	-356.40	2643	7
1	113	2	0	4	81	0.00	0.00	1057	6
1	114	2	1	12	19	-257.12	-306.42	1821	7
1	115	2	1	12	4	-229.43	327.66	883	7
1	116	2	1	12	2	20.93	-399.45	2168	7
1	117	2	0	4	23	0.00	0.00	1007	6
1	118	2	1	4	6	-397.02	-48.75	989	7
1	119	2	1	4	16	116.95	-382.52	1297	7
1	120	2	0	8	37	0.00	0.00	2631	6
1	121	3	1	8	27	116.95	382.52	1096	7
1	122	3	1	4	62	356.40	-181.60	1429	7
1	123	3	0	12	10	0.00	0.00	3371	7
1	124	3	1	4	23	-162.69	365.42	2110	7
1	125	3	1	12	9	-69.46	393.92	1138	7
1	126	3	1	8	43	277.86	-287.74	1593	7
1	127	3	0	12	3	0.00	0.00	2845	6
1	128	3	0	8	13	0.00	0.00	1671	6
1	129	3	1	12	7	-55.67	396.11	906	7
1	130	3	0	4	65	0.00	0.00	1194	6
1	131	3	0	4	39	0.00	0.00	1304	6
1	132	3	1	4	88	-6.98	-399.94	1255	7
1	133	3	1	8	1	272.80	292.54	995	7
1	134	3	0	12	15	0.00	0.00	4473	6
1	135	3	0	4	25	0.00	0.00	1592	6
1	136	3	1	12	7	246.26	-315.20	1660	7
1	137	3	0	4	48	0.00	0.00	972	6
1	138	3	0	4	2	0.00	0.00	1112	6
1	139	3	1	4	46	-272.80	-292.54	1210	7
1	140	3	0	12	21	0.00	0.00	2164	6
1	141	3	0	8	36	0.00	0.00	2084	6
1	142	3	0	12	24	0.00	0.00	1922	6
1	143	3	1	8	29	-346.41	-200.00	1194	7
1	144	3	0	8	14	0.00	0.00	1797	6
1	145	3	1	8	28	384.50	-110.25	1461	7
1	146	3	0	4	74	0.00	0.00	1174	6
1	147	3	1	4	0	-6.98	399.94	1515	7
1	148	3	1	4	81	55.67	396.11	1100	7
1	149	3	0	8	24	0.00	0.00	2138	6
1	150	3	0	12	28	0.00	0.00	2482	6
1	151	3	0	12	16	0.00	0.00	3165	6
1	152	3	1	12	7	-396.11	-55.67	1613	7
1	153	3	1	8	34	69.46	393.92	1341	7
1	154	3	1	12	29	-0.00	-400.00	2067	7
1	155	3	0	8	27	0.00	0.00	2656	6
1	156	3	1	4	30	342.87	206.02	1203	7
1	157	3	0	4	81	0.00	0.00	1271	6
1	158	3	1	12	20	-395.08	62.57	3280	7
1	159	3	0	4	59	0.00	0.00	951	6
1	160	3	1	8	41	-267.65	297.26	1158	7
1	161	3	0	8	29	0.00	0.00	1917	6
1	162	3	0	12	13	0.00	0.00	2680	6
1	163	3	1	4	54	-229.43	-327.66	1333	7
1	164	3	1	12	6	368.20	-156.29	1209	6
1	165	3	1	4	4	34.86	-398.48	2879	7
1	166	3	0	12	3	0.00	0.00	2139	6
1	167	3	1	8	13	96.77	-388.12	2177	7
1	168	3	1	8	19	-169.05	-362.52	1571	7
1	169	3	1	8	32	-217.86	335.47	1235	7
1	170	3	0	4	27	0.00	0.00	1553	6
1	171	3	1	8	40	-399.03	27.90	1803	7
1	172	3	0	12	28	0.00	0.00	3751	6
1	173	3	1	8	27	187.79	-353.18	1606	7
1	174	3	1	8	16	-116.95	382.52	1458	7
1	175	3	1	12	3	175.35	359.52	1222	7
1	176	3	1	8	0	-287.74	277.86	1282	7
1	177	3	0	8	35	0.00	0.00	2394	6
1	178	3	0	12	15	0.00	0.00	2744	6
1	179	3	1	4	9	-69.46	393.92	1139	7
1	180	3	1	8	22	-370.87	149.84	1112	7
1	181	3	1	12	9	306.42	257.12	1527	7
1	182	3	1	8	42	-13.96	-399.76	1543	7
1	183	3	1	12	25	223.68	331.62	1011	7
1	184	3	1	12	3	399.03	27.90	1033	7
1	185	3	0	4	55	0.00	0.00	1188	6
1	186	3	0	8	29	0.00	0.00	2364	6
1	187	3	0	4	0	0.00	0.00	1066	6
1	188	3	0	8	41	0.00	0.00	1858	6
1	189	3	1	4	9	69.46	-393.92	1318	7
1	190	3	0	8	29	0.00	0.00	2585	6
1	191	3	1	12	10	130.23	378.21	827	7
1	192	3	1	8	2	20.93	-399.45	1977	7
1	193	3	0	4	82	0.00	0.00	1321	6
1	194	3	0	8	15	0.00	0.00	2400	6
1	195	3	0	8	5	0.00	0.00	2676	6
1	196	3	1	4	72	-116.95	-382.52	939	7
1	197	3	1	4	33	331.62	223.68	852	7
1	198	3	1	4	8	395.08	62.57	1651	7
1	199	3	0	8	33	0.00	0.00	2026	6
1	200	3	1	4	35	-235.11	323.61	1108	7
1	201	3	0	4	76	0.00	0.00	1430	6
1	202	3	1	4	64	362.52	-169.05	997	7
1	203	3	0	12	11	0.00	0.00	2332	6
1	204	3	0	8	6	0.00	0.00	1857	6
1	205	3	0	12	0	0.00	0.00	2144	6
1	206	3	0	4	0	0.00	0.00	1254	6
1	207	3	0	4	84	0.00	0.00	1380	6
1	208	3	1	12	6	-240.73	319.45	1011	7
1	209	3	0	12	6	0.00	0.00	2441	6
1	210	3	1	8	5	397.81	41.81	890	7
1	211	3	1	12	0	193.92	349.85	1145	7
1	212	3	0	8	13	0.00	0.00	2872	6
1	213	3	1	12	28	399.94	-6.98	1131	7
1	214	3	0	8	2	0.00	0.00	1860	6
1	215	3	1	12	17	297.26	-267.65	1458	7
1	216	3	1	4	78	-76.32	-392.65	1134	7
1	217	3	0	8	25	0.00	0.00	2226	6
1	218	3	1	8	12	389.75	89.98	893	7
1	219	3	0	4	88	0.00	0.00	973	6
1	220	3	1	12	18	130.23	-378.21	2606	7
1	221	3	0	12	26	0.00	0.00	3061	6
1	222	3	0	8	28	0.00	0.00	2317	6
1	223	3	1	4	46	272.80	292.54	1750	7
1	224	3	0	4	30	0.00	0.00	1300	6
1	225	3	0	12	12	0.00	0.00	2812	6
1	226	3	1	8	4	-257.12	-306.42	1562	7
1	227	3	1	12	8	395.08	62.57	1576	7
1	228	3	0	12	1	0.00	0.00	3690	6
1	229	3	0	8	29	0.00	0.00	3548	6
1	230	3	0	4	83	0.00	0.00	1100	6
1	231	3	0	4	10	0.00	0.00	1415	6
1	232	3	0	12	6	0.00	0.00	4036	6
1	233	3	0	4	62	0.00	0.00	1040	6
1	234	3	1	4	27	-353.18	-187.79	885	7
1	235	3	1	12	25	223.68	331.62	1065	7
1	236	3	0	12	20	0.00	0.00	3090	6
1	237	3	0	12	7	0.00	0.00	2417	6
1	238	3	0	8	33	0.00	0.00	2905	6
1	239	3	1	4	82	-48.75	-397.02	1106	7
1	240	3	1	12	12	89.98	-389.75	1679	7
1	241	1	0	8	3	0.00	0.00	3673	6
1	242	1	1	4	16	-382.52	-116.95	2741	7
1	243	1	1	4	62	181.60	356.40	1942	6
1	244	1	1	12	5	-235.11	323.61	2195	7
1	245	1	0	12	16	0.00	0.00	6051	6
1	246	1	0	12	4	0.00	0.00	4974	6
1	247	1	0	4	21	0.00	0.00	1876	6
1	248	1	1	8	6	-48.75	397.02	1589	7
1	249	1	0	4	52	0.00	0.00	1917	6
1	250	1	1	12	2	335.47	217.86	1613	7
1	251	1	1	4	27	-353.18	-187.79	2051	7
1	252	1	0	8	7	0.00	0.00	2969	6
1	253	1	1	4	19	136.81	-375.88	1928	7
1	254	1	0	8	23	0.00	0.00	3473	6
1	255	1	0	8	23	0.00	0.00	2962	6
1	256	1	0	4	33	0.00	0.00	2247	6
1	257	1	1	8	42	-272.80	292.54	1462	7
1	258	1	0	8	9	0.00	0.00	3463	6
1	259	1	0	4	61	0.00	0.00	1807	6
1	260	1	1	8	43	-287.74	-277.86	2316	7
1	261	1	1	4	57	-211.97	-339.22	1993	7
1	262	1	1	12	18	76.32	392.65	1421	7
1	263	1	0	8	24	0.00	0.00	3279	6
1	264	1	0	4	74	0.00	0.00	1752	6
1	265	1	0	12	15	0.00	0.00	4796	6
1	266	1	0	4	30	0.00	0.00	1613	6
1	267	1	1	12	29	-400.00	0.00	3782	7
1	268	1	1	4	11	-391.26	-83.16	1444	7
1	269	1	0	12	18	0.00	0.00	4673	6
1	270	1	0	12	8	0.00	0.00	4738	6
1	271	1	1	4	66	-156.29	-368.20	1767	7
1	272	1	1	12	26	335.47	-217.86	2078	7
1	273	1	0	8	36	0.00	0.00	3454	6
1	274	1	0	8	16	0.00	0.00	3544	6
1	275	1	1	12	15	384.50	110.25	3978	7
1	276	1	0	8	2	0.00	0.00	2727	6
1	277	1	0	12	4	0.00	0.00	3851	6
1	278	1	0	8	35	0.00	0.00	3384	6
1	279	1	1	8	6	-246.26	-315.20	2729	7
1	280	1	1	12	2	399.45	20.93	2677	7
1	281	1	0	8	12	0.00	0.00	3297	6
1	282	1	1	8	7	-240.73	-319.45	2492	7
1	283	1	0	4	77	0.00	0.00	1560	6
1	284	1	1	4	52	-240.73	-319.45	1541	7
1	285	1	1	8	21	-370.87	-149.84	3116	7
1	286	1	0	4	40	0.00	0.00	1529	6
1	287	1	0	12	20	0.00	0.00	4359	6
1	288	1	0	8	34	0.00	0.00	3011	6
1	289	1	0	4	89	0.00	0.00	1335	6
1	290	1	0	12	13	0.00	0.00	4596	6
1	291	1	1	12	7	396.11	55.67	2215	7
1	292	1	1	8	33	-331.62	-223.68	2509	7
1	293	1	1	8	28	-193.92	349.85	1340	7
1	294	1	1	4	36	-319.45	-240.73	1464	6
1	295	1	0	8	27	0.00	0.00	2887	6
1	296	1	0	12	5	0.00	0.00	5101	6
1	297	1	1	8	20	-373.43	-143.35	2860	7
1	298	1	0	8	9	0.00	0.00	2701	6
1	299	1	1	4	17	123.61	-380.42	1923	7
1	300	1	1	4	66	-368.20	156.29	1320	7
1	301	1	1	12	22	-319.45	240.73	2154	7
1	302	1	0	12	27	0.00	0.00	3885	6
1	303	1	1	8	12	89.98	-389.75	2724	7
1	304	1	0	4	6	0.00	0.00	1716	6
1	305	1	0	4	11	0.00	0.00	1711	6
1	306	1	1	4	7	-396.11	-55.67	1456	7
1	307	1	0	12	4	0.00	0.00	5072	6
1	308	1	1	4	80	-395.08	62.57	1476	7
1	309	1	1	12	27	-187.79	353.18	1273	7
1	310	1	0	4	33	0.00	0.00	1844	6
1	311	1	0	4	89	0.00	0.00	1610	6
1	312	1	0	4	89	0.00	0.00	1574	6
1	313	1	0	4	40	0.00	0.00	1607	6
1	314	1	1	8	6	-48.75	397.02	1331	7
1	315	1	1	4	36	319.45	240.73	1368	7
1	316	1	1	12	26	356.40	181.60	1884	7
1	317	1	1	4	68	-373.43	143.35	1293	7
1	318	1	0	12	27	0.00	0.00	4096	6
1	319	1	0	8	19	0.00	0.00	3275	6
1	320	1	1	8	18	-130.23	378.21	1488	7
1	321	1	1	8	39	34.86	398.48	1147	7
1	322	1	0	12	26	0.00	0.00	4147	6
1	323	1	0	12	28	0.00	0.00	3496	6
1	324	1	0	12	17	0.00	0.00	3847	6
1	325	1	0	4	69	0.00	0.00	1350	6
1	326	1	1	12	6	-240.73	319.45	1534	7
1	327	1	0	8	42	0.00	0.00	2529	6
1	328	1	1	4	80	-395.08	62.57	1288	7
1	329	1	1	12	14	-386.37	103.53	1320	7
1	330	1	0	12	26	0.00	0.00	4263	6
1	331	1	0	8	1	0.00	0.00	2566	6
1	332	1	0	12	28	0.00	0.00	3565	6
1	333	1	1	12	9	375.88	-136.81	4480	7
1	334	1	1	8	37	-315.20	-246.26	3009	7
1	335	1	1	4	26	356.40	181.60	2734	7
1	336	1	0	4	61	0.00	0.00	1767	6
1	337	1	1	8	21	156.29	368.20	1745	7
1	338	1	1	8	5	397.81	41.81	2379	7
1	339	1	1	12	22	397.02	-48.75	2257	7
1	340	1	0	8	21	0.00	0.00	2982	6
1	341	1	1	8	38	251.73	-310.86	2371	7
1	342	1	0	12	5	0.00	0.00	4296	6
1	343	1	1	4	87	399.76	-13.96	1781	7
1	344	1	1	12	5	397.81	41.81	4083	7
1	345	1	1	8	23	-365.42	-162.69	3035	7
1	346	1	1	4	62	181.60	356.40	1664	7
1	347	1	0	12	2	0.00	0.00	4679	6
1	348	1	1	12	29	0.00	400.00	1451	7
1	349	1	0	4	88	0.00	0.00	2628	6
1	350	1	1	8	20	162.69	365.42	1743	7
1	351	1	1	4	48	262.42	301.88	1366	7
1	352	1	0	4	21	0.00	0.00	1753	6
1	353	1	1	12	24	327.66	-229.43	2753	7
1	354	1	0	4	84	0.00	0.00	1743	6
1	355	1	1	12	2	335.47	217.86	1688	7
1	356	1	0	8	10	0.00	0.00	3171	6
1	357	1	0	8	22	0.00	0.00	3042	6
1	358	1	0	12	2	0.00	0.00	4676	6
1	359	1	1	12	20	62.57	395.08	1662	7
1	360	1	1	8	41	-267.65	297.26	1478	7
1	361	0	1	8	0	6.98	-399.94	3669	7
1	362	0	0	4	65	0.00	0.00	3217	6
1	363	0	1	8	9	393.92	69.46	3961	7
1	364	0	0	8	13	0.00	0.00	7070	6
1	365	0	0	12	29	0.00	0.00	8257	6
1	366	0	1	12	8	-373.43	143.35	12146	7
1	367	0	0	4	19	0.00	0.00	3887	6
1	368	0	0	12	28	0.00	0.00	9174	6
1	369	0	0	12	27	0.00	0.00	8211	6
1	370	0	1	4	60	193.92	349.85	2808	7
1	371	0	1	8	18	175.35	359.52	4303	7
1	372	0	0	4	26	0.00	0.00	3659	6
1	373	0	0	4	22	0.00	0.00	3366	6
1	374	0	1	8	22	370.87	-149.84	3794	7
1	375	0	1	8	42	13.96	399.76	4071	7
1	376	0	0	8	22	0.00	0.00	7217	6
1	377	0	1	4	64	-169.05	-362.52	4647	7
1	378	0	0	8	17	0.00	0.00	5171	6
1	379	0	0	4	89	0.00	0.00	3146	6
1	380	0	0	4	88	0.00	0.00	3762	6
1	381	0	1	4	20	-143.35	373.43	1988	7
1	382	0	0	12	14	0.00	0.00	8471	6
1	383	0	0	4	22	0.00	0.00	2743	6
1	384	0	0	4	50	0.00	0.00	2793	6
1	385	0	0	8	5	0.00	0.00	7998	6
1	386	0	1	8	33	-392.65	76.32	2501	7
1	387	0	1	4	60	-193.92	-349.85	4299	7
1	388	0	1	4	72	-116.95	-382.52	4003	7
1	389	0	1	4	54	-327.66	229.43	2406	7
1	390	0	0	4	26	0.00	0.00	3492	6
1	391	0	1	8	27	-353.18	-187.79	2687	7
1	392	0	0	4	36	0.00	0.00	2468	6
1	393	0	0	12	23	0.00	0.00	9749	6
1	394	0	1	4	80	-62.57	-395.08	3342	7
1	395	0	1	8	22	368.20	156.29	4975	7
1	396	0	1	12	29	0.00	400.00	3057	7
1	397	0	1	8	35	-395.08	62.57	2607	7
1	398	0	1	12	17	380.42	123.61	8765	7
1	399	0	1	8	5	-251.73	-310.86	2097	7
1	400	0	0	12	24	0.00	0.00	11014	6
1	401	0	0	4	82	0.00	0.00	3266	6
1	402	0	1	12	21	149.84	-370.87	7962	7
1	403	0	1	4	21	-370.87	-149.84	3170	7
1	404	0	0	8	42	0.00	0.00	7342	6
1	405	0	0	4	71	0.00	0.00	2912	6
1	406	0	1	12	26	-20.93	-399.45	9380	6
1	407	0	1	4	27	187.79	-353.18	3265	7
1	408	0	0	12	12	0.00	0.00	9033	6
1	409	0	1	4	49	-306.42	257.12	5377	7
1	410	0	1	4	83	41.81	397.81	7910	7
1	411	0	1	4	70	378.21	-130.23	4284	7
1	412	0	1	8	20	-365.42	162.69	11037	7
1	413	0	0	12	29	0.00	0.00	8981	6
1	414	0	1	12	6	368.20	-156.29	6293	7
1	415	0	1	4	2	-399.45	-20.93	3816	7
1	416	0	1	8	25	-130.23	-378.21	3264	7
1	417	0	0	4	53	0.00	0.00	4862	6
1	418	0	0	12	0	0.00	0.00	7900	6
1	419	0	1	12	14	282.84	-282.84	4271	7
1	420	0	0	12	3	0.00	0.00	8972	6
1	421	0	0	8	40	0.00	0.00	4897	6
1	422	0	0	12	22	0.00	0.00	6135	6
1	423	0	0	8	36	0.00	0.00	4326	6
1	424	0	0	8	29	0.00	0.00	4534	6
1	425	0	1	12	11	-267.65	297.26	2042	7
1	426	0	0	8	28	0.00	0.00	3796	6
1	427	0	0	4	34	0.00	0.00	2691	6
1	428	0	0	12	25	0.00	0.00	6847	6
1	429	0	0	4	37	0.00	0.00	2471	6
1	430	0	0	8	33	0.00	0.00	5331	6
1	431	0	1	12	19	-306.42	257.12	7245	7
1	432	0	1	8	11	-335.47	217.86	1707	7
1	433	0	1	8	25	-378.21	130.23	2188	7
1	434	0	1	12	18	76.32	392.65	8334	6
1	435	0	1	12	16	-382.52	-116.95	2269	7
1	436	0	0	4	21	0.00	0.00	2819	6
1	437	0	0	8	13	0.00	0.00	4697	6
1	438	0	1	12	29	400.00	-0.00	5186	7
1	439	0	1	12	12	382.52	-116.95	8479	7
1	440	0	1	8	8	-62.57	395.08	2503	7
1	441	0	0	4	26	0.00	0.00	2603	6
1	442	0	0	4	46	0.00	0.00	2679	6
1	443	0	1	12	29	400.00	-0.00	4992	7
1	444	0	1	4	85	-27.90	-399.03	2445	7
1	445	0	0	8	16	0.00	0.00	4924	6
1	446	0	1	8	32	217.86	-335.47	3511	7
1	447	0	1	12	24	-327.66	229.43	8271	7
1	448	0	0	12	11	0.00	0.00	10331	6
1	449	0	1	4	6	48.75	-397.02	4623	7
1	450	0	1	4	85	27.90	399.03	2865	7
1	451	0	1	4	76	-89.98	-389.75	4510	7
1	452	0	0	12	19	0.00	0.00	9039	6
1	453	0	1	8	35	62.57	395.08	5323	7
1	454	0	0	8	31	0.00	0.00	4657	6
1	455	0	1	8	26	356.40	181.60	5203	7
1	456	0	1	4	42	-272.80	292.54	6309	7
1	457	0	0	12	3	0.00	0.00	8157	6
1	458	0	1	4	34	-229.43	327.66	5739	7
1	459	0	0	8	44	0.00	0.00	5177	6
1	460	0	1	8	1	-399.76	-13.96	6623	7
1	461	0	0	12	9	0.00	0.00	10768	6
1	462	0	0	8	37	0.00	0.00	5461	6
1	463	0	0	8	12	0.00	0.00	4326	6
1	464	0	0	12	3	0.00	0.00	7928	6
1	465	0	1	4	17	380.42	123.61	3464	6
1	466	0	1	12	27	353.18	187.79	7663	6
1	467	0	0	8	20	0.00	0.00	4682	6
1	468	0	0	12	27	0.00	0.00	7845	6
1	469	0	1	12	5	-323.61	-235.11	14741	7
1	470	0	1	8	13	388.12	96.77	6035	6
1	471	0	0	12	16	0.00	0.00	7465	6
1	472	0	1	12	23	397.81	-41.81	7606	7
1	473	0	1	12	25	399.03	-27.90	10389	7
1	474	0	0	4	60	0.00	0.00	2829	6
1	475	0	0	12	20	0.00	0.00	7879	6
1	476	0	0	4	80	0.00	0.00	2530	6
1	477	0	1	12	10	378.21	-130.23	4097	7
1	478	0	0	8	31	0.00	0.00	4459	6
1	479	0	0	8	38	0.00	0.00	4488	6
1	480	0	0	8	40	0.00	0.00	4583	6
