blk	trl	target	search	nitems	rot_offset	tpos_x	tpos_y	rt	button
2	1	3	0	12	6	0.00	0.00	5586	6
2	2	3	1	4	20	373.43	143.35	1112	7
2	3	3	1	4	62	181.60	356.40	1039	7
2	4	3	0	4	33	0.00	0.00	2086	6
2	5	3	0	4	51	0.00	0.00	1384	6
2	6	3	1	8	19	-375.88	-136.81	1786	7
2	7	3	0	4	16	0.00	0.00	1135	6
2	8	3	1	4	74	386.37	-103.53	1457	7
2	9	3	0	4	74	0.00	0.00	2249	6
2	10	3	0	12	7	0.00	0.00	3927	6
2	11	3	0	4	49	0.00	0.00	1122	6
2	12	3	0	12	13	0.00	0.00	1758	7
2	13	3	1	12	16	-272.80	-292.54	2548	7
2	14	3	1	4	52	-240.73	-319.45	1451	7
2	15	3	0	12	0	0.00	0.00	3991	6
2	16	3	0	8	4	0.00	0.00	2597	6
2	17	3	0	8	8	0.00	0.00	2862	6
2	18	3	0	4	77	0.00	0.00	1359	6
2	19	3	0	4	6	0.00	0.00	1313	6
2	20	3	1	12	8	-373.43	143.35	3009	7
2	21	3	1	8	13	-388.12	-96.77	1988	7
2	22	3	0	8	1	0.00	0.00	2323	6
2	23	3	1	4	34	327.66	229.43	1056	7
2	24	3	0	4	40	0.00	0.00	1179	6
2	25	3	0	4	70	0.00	0.00	1130	6
2	26	3	1	8	4	257.12	306.42	1177	7
2	27	3	0	4	74	0.00	0.00	1338	6
2	28	3	1	12	1	-187.79	-353.18	2055	7
2	29	3	0	8	4	0.00	0.00	2574	6
2	30	3	0	4	17	0.00	0.00	1293	6
2	31	3	1	12	23	323.61	-235.11	1662	7
2	32	3	1	4	44	-282.84	-282.84	1131	7
2	33	3	1	12	28	349.85	193.92	1032	7
2	34	3	1	4	53	323.61	-235.11	916	7
2	35	3	0	8	24	0.00	0.00	1901	6
2	36	3	1	8	11	-391.26	-83.16	1377	7
2	37	3	1	4	41	-267.65	297.26	986	7
2	38	3	1	12	22	-368.20	-156.29	1057	7
2	39	3	1	8	22	-149.84	-370.87	1203	7
2	40	3	1	8	20	-162.69	-365.42	1657	7
2	41	3	1	12	29	-400.00	0.00	1008	7
2	42	3	1	8	9	-393.92	-69.46	2307	7
2	43	3	1	8	38	251.73	-310.86	1262	7
2	44	3	0	12	3	0.00	0.00	3969	6
2	45	3	0	4	54	0.00	0.00	1223	6
2	46	3	1	12	11	391.26	83.16	934	7
2	47	3	1	8	2	-20.93	399.45	1017	7
2	48	3	0	4	83	0.00	0.00	1011	6
2	49	3	1	4	71	-123.61	-380.42	784	7
2	50	3	1	8	37	-315.20	-246.26	1367	7
2	51	3	1	8	24	169.05	-362.52	977	7
2	52	3	1	4	20	-373.43	-143.35	854	7
2	53	3	1	8	25	175.35	-359.52	1505	7
2	54	3	1	12	2	-20.93	399.45	847	7
2	55	3	0	12	12	0.00	0.00	3474	6
2	56	3	0	12	6	0.00	0.00	2612	6
2	57	3	1	12	10	-392.65	-76.32	2762	7
2	58	3	1	4	80	-395.08	62.57	1250	7
2	59	3	1	4	17	-380.42	-123.61	945	7
2	60	3	0	12	11	0.00	0.00	4288	6
2	61	3	0	12	10	0.00	0.00	4381	6
2	62	3	1	8	6	315.20	-246.26	1139	7
2	63	3	0	4	43	0.00	0.00	1076	6
2	64	3	0	8	40	0.00	0.00	2300	6
2	65	3	0	12	28	0.00	0.00	3390	6
2	66	3	0	8	29	0.00	0.00	2371	6
2	67	3	1	12	23	365.42	162.69	810	7
2	68	3	0	12	5	0.00	0.00	3056	6
2	69	3	1	4	79	69.46	393.92	777	7
2	70	3	0	4	9	0.00	0.00	1096	6
2	71	3	0	8	16	0.00	0.00	1695	6
2	72	3	0	12	4	0.00	0.00	3311	6
2	73	3	0	8	24	0.00	0.00	2032	6
2	74	3	0	8	37	0.00	0.00	2932	6
2	75	3	1	12	21	-315.20	246.26	1655	7
2	76	3	1	4	16	-382.52	-116.95	978	7
2	77	3	0	8	44	0.00	0.00	1597	6
2	78	3	1	12	12	389.75	89.98	2001	7
2	79	3	1	12	11	380.42	-123.61	1129	7
2	80	3	1	8	36	55.67	396.11	980	7
2	81	3	0	8	10	0.00	0.00	1459	6
2	82	3	1	8	1	-272.80	-292.54	1021	7
2	83	3	0	8	18	0.00	0.00	1553	6
2	84	3	0	8	24	0.00	0.00	2425	6
2	85	3	0	4	24	0.00	0.00	1076	6
2	86	3	0	12	9	0.00	0.00	2605	6
2	87	3	1	8	44	282.84	-282.84	872	7
2	88	3	1	4	73	110.25	384.50	931	7
2	89	3	1	12	21	370.87	149.84	830	7
2	90	3	0	4	65	0.00	0.00	901	6
2	91	3	1	12	29	-346.41	-200.00	1223	7
2	92	3	1	12	22	48.75	397.02	730	7
2	93	3	0	12	25	0.00	0.00	1842	6
2	94	3	0	12	22	0.00	0.00	2448	6
2	95	3	0	12	8	0.00	0.00	1232	6
2	96	3	1	12	25	-223.68	-331.62	2511	7
2	97	3	0	8	31	0.00	0.00	2003	6
2	98	3	0	4	31	0.00	0.00	884	6
2	99	3	0	8	33	0.00	0.00	1922	6
2	100	3	0	8	33	0.00	0.00	2155	6
2	101	3	0	12	6	0.00	0.00	3374	6
2	102	3	1	4	70	130.23	378.21	889	7
2	103	3	1	4	52	240.73	319.45	727	7
2	104	3	0	4	55	0.00	0.00	817	6
2	105	3	1	12	12	-89.98	389.75	949	7
2	106	3	0	8	12	0.00	0.00	2328	6
2	107	3	0	12	25	0.00	0.00	1504	6
2	108	3	0	8	4	0.00	0.00	1245	6
2	109	3	1	8	31	389.75	-89.98	772	7
2	110	3	1	4	38	310.86	251.73	930	7
2	111	3	0	4	63	0.00	0.00	939	6
2	112	3	1	4	26	356.40	181.60	887	7
2	113	3	1	8	36	396.11	-55.67	1512	6
2	114	3	0	12	5	0.00	0.00	2396	6
2	115	3	1	8	39	-34.86	-398.48	1051	7
2	116	3	1	12	25	-175.35	359.52	1071	7
2	117	3	0	12	22	0.00	0.00	2704	6
2	118	3	1	4	65	-162.69	-365.42	904	7
2	119	3	0	8	36	0.00	0.00	2388	6
2	120	3	1	8	14	346.41	-200.00	1435	7
2	121	0	1	12	11	-83.16	391.26	4808	7
2	122	0	1	12	12	-89.98	389.75	5406	7
2	123	0	0	4	80	0.00	0.00	2686	6
2	124	0	1	8	11	-217.86	-335.47	4983	7
2	125	0	0	12	3	0.00	0.00	7206	6
2	126	0	0	12	10	0.00	0.00	8372	6
2	127	0	1	4	45	-287.74	277.86	2251	7
2	128	0	0	4	72	0.00	0.00	2989	6
2	129	0	1	12	18	378.21	130.23	2878	7
2	130	0	1	12	24	362.52	169.05	5116	7
2	131	0	0	4	8	0.00	0.00	2788	6
2	132	0	1	4	61	-353.18	187.79	1777	7
2	133	0	1	4	67	370.87	-149.84	2562	7
2	134	0	0	12	20	0.00	0.00	7798	6
2	135	0	1	12	2	356.40	-181.60	4494	7
2	136	0	0	12	25	0.00	0.00	8158	6
2	137	0	1	8	6	-246.26	-315.20	3165	7
2	138	0	0	4	61	0.00	0.00	3244	6
2	139	0	0	4	71	0.00	0.00	2920	6
2	140	0	1	4	34	327.66	229.43	2708	7
2	141	0	0	4	43	0.00	0.00	2908	6
2	142	0	1	8	39	-398.48	34.86	2244	7
2	143	0	1	12	1	-399.76	-13.96	3134	6
2	144	0	1	12	10	-76.32	392.65	5800	7
2	145	0	0	12	21	0.00	0.00	8432	6
2	146	0	0	4	71	0.00	0.00	2624	6
2	147	0	0	4	12	0.00	0.00	2923	6
2	148	0	0	4	28	0.00	0.00	2413	6
2	149	0	0	4	1	0.00	0.00	2803	6
2	150	0	0	8	6	0.00	0.00	5081	6
2	151	0	0	8	3	0.00	0.00	4788	6
2	152	0	1	8	15	-110.25	384.50	1660	7
2	153	0	1	12	21	-55.67	-396.11	4703	7
2	154	0	0	8	29	0.00	0.00	5098	6
2	155	0	0	4	34	0.00	0.00	3361	6
2	156	0	1	8	1	272.80	292.54	4209	7
2	157	0	1	4	26	181.60	-356.40	2688	7
2	158	0	1	4	50	-310.86	251.73	2532	7
2	159	0	0	8	11	0.00	0.00	4413	6
2	160	0	0	12	1	0.00	0.00	7139	6
2	161	0	1	12	24	-362.52	-169.05	8399	6
2	162	0	1	4	12	389.75	89.98	4016	7
2	163	0	1	4	82	397.02	-48.75	3185	7
2	164	0	0	8	5	0.00	0.00	5498	6
2	165	0	1	8	31	-211.97	339.22	1524	7
2	166	0	0	8	34	0.00	0.00	4846	6
2	167	0	0	4	14	0.00	0.00	3149	6
2	168	0	1	4	76	389.75	-89.98	3030	7
2	169	0	1	4	51	-246.26	-315.20	5217	7
2	170	0	0	12	25	0.00	0.00	7822	6
2	171	0	1	8	42	292.54	272.80	7715	7
2	172	0	0	12	28	0.00	0.00	8582	6
2	173	0	0	12	22	0.00	0.00	7647	6
2	174	0	1	8	44	282.84	-282.84	4658	7
2	175	0	1	12	28	-6.98	-399.94	5590	7
2	176	0	0	8	38	0.00	0.00	6706	6
2	177	0	0	4	63	0.00	0.00	4002	6
2	178	0	0	12	3	0.00	0.00	9399	6
2	179	0	1	4	39	-257.12	306.42	7626	7
2	180	0	0	8	23	0.00	0.00	5062	6
2	181	0	1	4	63	175.35	359.52	2269	7
2	182	0	0	4	21	0.00	0.00	2740	6
2	183	0	1	4	41	297.26	267.65	3733	7
2	184	0	0	8	32	0.00	0.00	4844	6
2	185	0	0	12	22	0.00	0.00	7191	6
2	186	0	1	12	18	392.65	-76.32	6478	7
2	187	0	0	8	30	0.00	0.00	4664	6
2	188	0	0	12	15	0.00	0.00	7299	6
2	189	0	1	8	40	-301.88	-262.42	2309	7
2	190	0	0	4	29	0.00	0.00	2530	6
2	191	0	0	12	24	0.00	0.00	7575	6
2	192	0	1	12	8	-143.35	-373.43	3787	7
2	193	0	0	8	11	0.00	0.00	4953	6
2	194	0	0	4	35	0.00	0.00	3087	6
2	195	0	1	4	50	-251.73	-310.86	1572	7
2	196	0	0	4	21	0.00	0.00	2727	6
2	197	0	1	8	16	-382.52	-116.95	4193	7
2	198	0	1	8	9	393.92	69.46	5121	7
2	199	0	0	8	37	0.00	0.00	4594	6
2	200	0	1	8	10	-392.65	-76.32	3340	7
2	201	0	0	8	5	0.00	0.00	4952	6
2	202	0	1	4	46	292.54	-272.80	4188	7
2	203	0	0	12	25	0.00	0.00	6550	6
2	204	0	1	8	29	103.53	386.37	4855	7
2	205	0	1	4	79	69.46	393.92	1717	7
2	206	0	0	8	40	0.00	0.00	3903	6
2	207	0	0	4	37	0.00	0.00	2462	6
2	208	0	1	8	40	262.42	-301.88	3696	7
2	209	0	1	8	0	6.98	-399.94	5698	7
2	210	0	0	8	27	0.00	0.00	5930	6
2	211	0	1	8	38	251.73	-310.86	4051	7
2	212	0	1	12	0	-349.85	193.92	6392	7
2	213	0	0	12	19	0.00	0.00	8136	6
2	214	0	1	4	14	386.37	103.53	5603	7
2	215	0	0	12	23	0.00	0.00	9173	6
2	216	0	0	8	5	0.00	0.00	4750	6
2	217	0	1	8	23	365.42	162.69	4906	7
2	218	0	0	12	7	0.00	0.00	9126	6
2	219	0	0	8	13	0.00	0.00	6617	6
2	220	0	1	4	30	206.02	-342.87	2624	7
2	221	0	0	4	18	0.00	0.00	2775	6
2	222	0	1	4	23	-162.69	365.42	2168	7
2	223	0	1	12	7	55.67	-396.11	3992	7
2	224	0	0	4	51	0.00	0.00	3173	6
2	225	0	1	12	10	-301.88	-262.42	3242	7
2	226	0	0	12	17	0.00	0.00	7671	6
2	227	0	1	12	27	399.76	-13.96	5724	7
2	228	0	1	4	67	-149.84	-370.87	3119	7
2	229	0	1	12	18	301.88	-262.42	7059	7
2	230	0	1	12	8	-251.73	310.86	2563	7
2	231	0	0	12	5	0.00	0.00	8261	6
2	232	0	0	8	10	0.00	0.00	5265	6
2	233	0	0	8	14	0.00	0.00	5070	6
2	234	0	0	8	9	0.00	0.00	4813	6
2	235	0	1	12	20	-395.08	62.57	1811	7
2	236	0	1	8	9	-393.92	-69.46	2430	7
2	237	0	1	12	10	-392.65	-76.32	7828	7
2	238	0	1	8	12	89.98	-389.75	2596	7
2	239	0	0	12	23	0.00	0.00	9048	6
2	240	0	1	8	22	-368.20	-156.29	1611	7
2	241	2	0	12	28	0.00	0.00	3509	6
2	242	2	1	4	67	370.87	-149.84	1513	7
2	243	2	1	12	25	175.35	-359.52	2188	7
2	244	2	1	12	12	292.54	272.80	1807	7
2	245	2	1	12	7	315.20	246.26	1050	7
2	246	2	0	8	20	0.00	0.00	2136	6
2	247	2	0	8	4	0.00	0.00	2870	6
2	248	2	1	8	5	397.81	41.81	1391	7
2	249	2	0	8	33	0.00	0.00	2174	6
2	250	2	1	4	24	169.05	-362.52	1271	7
2	251	2	1	8	44	282.84	-282.84	2338	7
2	252	2	0	12	4	0.00	0.00	3407	6
2	253	2	1	8	38	-251.73	310.86	2677	7
2	254	2	0	4	49	0.00	0.00	1270	6
2	255	2	0	8	38	0.00	0.00	2394	6
2	256	2	0	8	3	0.00	0.00	2964	6
2	257	2	1	8	0	-6.98	399.94	988	7
2	258	2	1	8	38	251.73	-310.86	1653	7
2	259	2	1	12	19	69.46	393.92	1106	7
2	260	2	1	8	4	-306.42	257.12	1037	7
2	261	2	0	12	16	0.00	0.00	3796	6
2	262	2	1	12	18	392.65	-76.32	1439	7
2	263	2	1	8	21	-149.84	370.87	1119	7
2	264	2	0	8	42	0.00	0.00	2525	6
2	265	2	0	4	58	0.00	0.00	1151	6
2	266	2	0	12	6	0.00	0.00	4107	6
2	267	2	0	8	8	0.00	0.00	3210	6
2	268	2	1	12	20	-395.08	62.57	2597	7
2	269	2	0	12	29	0.00	0.00	3973	6
2	270	2	0	12	10	0.00	0.00	3176	6
2	271	2	1	12	1	-353.18	187.79	2650	7
2	272	2	0	12	6	0.00	0.00	4145	6
2	273	2	1	4	62	-181.60	-356.40	1388	7
2	274	2	1	4	77	-391.26	83.16	1229	7
2	275	2	1	8	1	13.96	-399.76	1800	7
2	276	2	1	12	24	34.86	398.48	982	7
2	277	2	1	4	73	-384.50	110.25	1206	7
2	278	2	0	4	15	0.00	0.00	1249	6
2	279	2	1	4	32	335.47	217.86	982	7
2	280	2	0	4	48	0.00	0.00	1331	6
2	281	2	1	8	21	-149.84	370.87	1069	7
2	282	2	0	12	0	0.00	0.00	4312	6
2	283	2	1	8	8	-235.11	-323.61	1393	7
2	284	2	0	4	54	0.00	0.00	1226	6
2	285	2	0	12	10	0.00	0.00	2970	6
2	286	2	1	4	37	-246.26	315.20	1191	7
2	287	2	1	4	21	-149.84	370.87	933	7
2	288	2	1	8	15	-384.50	-110.25	1966	7
2	289	2	0	12	25	0.00	0.00	2899	6
2	290	2	0	12	3	0.00	0.00	3327	6
2	291	2	1	12	22	240.73	319.45	939	7
2	292	2	0	12	28	0.00	0.00	4414	6
2	293	2	0	4	81	0.00	0.00	1698	6
2	294	2	0	8	9	0.00	0.00	2660	6
2	295	2	0	8	14	0.00	0.00	2041	6
2	296	2	1	8	35	-323.61	-235.11	1691	7
2	297	2	1	12	14	-282.84	-282.84	2230	7
2	298	2	0	12	3	0.00	0.00	2576	6
2	299	2	1	4	8	-395.08	-62.57	964	7
2	300	2	0	4	51	0.00	0.00	1374	6
2	301	2	0	4	72	0.00	0.00	1221	6
2	302	2	0	12	25	0.00	0.00	2506	6
2	303	2	0	4	12	0.00	0.00	1363	6
2	304	2	1	12	14	282.84	-282.84	1902	7
2	305	2	0	4	1	0.00	0.00	1288	6
2	306	2	1	4	81	-396.11	55.67	965	7
2	307	2	1	4	62	-356.40	181.60	1195	7
2	308	2	0	12	2	0.00	0.00	3605	6
2	309	2	1	12	24	327.66	-229.43	1993	7
2	310	2	0	12	0	0.00	0.00	4142	6
2	311	2	1	8	33	223.68	-331.62	1770	7
2	312	2	0	12	21	0.00	0.00	3324	6
2	313	2	0	8	27	0.00	0.00	2832	6
2	314	2	1	4	70	378.21	-130.23	1586	7
2	315	2	1	4	23	-365.42	-162.69	1658	7
2	316	2	0	4	56	0.00	0.00	1200	6
2	317	2	1	8	9	-393.92	-69.46	1326	7
2	318	2	0	8	28	0.00	0.00	2594	6
2	319	2	1	4	23	162.69	-365.42	1322	7
2	320	2	1	12	1	-187.79	-353.18	2577	7
2	321	2	0	4	23	0.00	0.00	1351	6
2	322	2	1	12	18	-130.23	378.21	1083	7
2	323	2	1	8	3	-262.42	-301.88	1571	7
2	324	2	1	4	12	-389.75	-89.98	1254	7
2	325	2	0	4	4	0.00	0.00	1386	6
2	326	2	1	8	18	-175.35	-359.52	1559	7
2	327	2	0	12	6	0.00	0.00	2885	6
2	328	2	0	8	17	0.00	0.00	2445	6
2	329	2	0	4	65	0.00	0.00	1186	6
2	330	2	0	8	34	0.00	0.00	1785	6
2	331	2	1	4	70	-378.21	130.23	1025	7
2	332	2	1	8	26	-181.60	356.40	968	7
2	333	2	1	4	0	-399.94	-6.98	1031	7
2	334	2	1	12	0	399.94	6.98	2428	7
2	335	2	0	4	7	0.00	0.00	1410	6
2	336	2	1	8	21	-368.20	156.29	1377	7
2	337	2	1	8	17	356.40	-181.60	1765	7
2	338	2	1	8	0	-277.86	-287.74	1709	7
2	339	2	0	4	57	0.00	0.00	1267	6
2	340	2	0	8	18	0.00	0.00	2364	6
2	341	2	0	4	14	0.00	0.00	1296	6
2	342	2	1	4	77	83.16	391.26	1053	7
2	343	2	0	8	38	0.00	0.00	2088	6
2	344	2	1	12	22	-319.45	240.73	1385	7
2	345	2	1	12	28	399.94	-6.98	1750	7
2	346	2	0	8	30	0.00	0.00	2291	6
2	347	2	0	8	17	0.00	0.00	2450	6
2	348	2	0	4	19	0.00	0.00	1470	6
2	349	2	1	4	42	292.54	272.80	1021	7
2	350	2	0	12	29	0.00	0.00	3801	6
2	351	2	0	4	68	0.00	0.00	1316	6
2	352	2	1	12	25	399.03	-27.90	1366	7
2	353	2	0	8	21	0.00	0.00	2676	6
2	354	2	0	8	5	0.00	0.00	1899	6
2	355	2	1	4	50	-251.73	-310.86	1245	7
2	356	2	0	12	0	0.00	0.00	3379	6
2	357	2	0	8	44	0.00	0.00	2138	6
2	358	2	0	4	76	0.00	0.00	1206	6
2	359	2	1	12	0	-193.92	-349.85	2095	7
2	360	2	1	12	12	382.52	-116.95	2209	7
2	361	1	0	12	4	0.00	0.00	4076	6
2	362	1	0	4	62	0.00	0.00	2033	6
2	363	1	1	8	6	315.20	-246.26	2202	7
2	364	1	1	12	29	-346.41	200.00	1426	7
2	365	1	0	4	53	0.00	0.00	1717	6
2	366	1	1	4	56	-335.47	217.86	1238	7
2	367	1	1	12	25	-27.90	-399.03	3092	7
2	368	1	0	4	73	0.00	0.00	1572	6
2	369	1	1	4	40	301.88	262.42	1311	7
2	370	1	0	4	81	0.00	0.00	1810	6
2	371	1	0	8	17	0.00	0.00	2491	6
2	372	1	1	12	29	200.00	346.41	1563	7
2	373	1	1	8	8	395.08	62.57	1502	7
2	374	1	1	4	35	-323.61	-235.11	1488	7
2	375	1	0	4	1	0.00	0.00	1906	6
2	376	1	0	4	50	0.00	0.00	1732	6
2	377	1	0	8	44	0.00	0.00	2531	6
2	378	1	0	8	20	0.00	0.00	2917	6
2	379	1	1	12	5	-235.11	323.61	1243	7
2	380	1	1	4	38	-251.73	310.86	1231	7
2	381	1	0	12	18	0.00	0.00	3702	6
2	382	1	0	12	4	0.00	0.00	3904	6
2	383	1	0	12	8	0.00	0.00	3842	6
2	384	1	1	4	27	-353.18	-187.79	1514	7
2	385	1	0	12	13	0.00	0.00	3607	6
2	386	1	0	4	57	0.00	0.00	1688	6
2	387	1	0	8	1	0.00	0.00	2210	6
2	388	1	1	12	24	-169.05	362.52	1204	7
2	389	1	1	12	10	-262.42	301.88	1325	7
2	390	1	1	4	66	-156.29	-368.20	1748	7
2	391	1	0	4	32	0.00	0.00	1646	6
2	392	1	1	12	13	-96.77	388.12	1228	7
2	393	1	0	12	19	0.00	0.00	3444	6
2	394	1	0	8	0	0.00	0.00	2580	6
2	395	1	0	12	6	0.00	0.00	3885	6
2	396	1	0	8	40	0.00	0.00	3127	6
2	397	1	1	12	5	-323.61	-235.11	3664	7
2	398	1	1	8	16	353.18	-187.79	2449	7
2	399	1	1	4	18	-130.23	378.21	1502	7
2	400	1	1	8	15	-110.25	384.50	1278	7
2	401	1	1	8	8	-62.57	395.08	1252	7
2	402	1	0	4	43	0.00	0.00	1437	6
2	403	1	0	12	11	0.00	0.00	4005	6
2	404	1	1	8	39	306.42	257.12	2951	7
2	405	1	1	8	35	62.57	395.08	1412	7
2	406	1	1	4	6	48.75	-397.02	1503	7
2	407	1	1	8	24	-375.88	136.81	3364	7
2	408	1	0	4	41	0.00	0.00	1676	6
2	409	1	1	12	6	-319.45	-240.73	3488	7
2	410	1	0	12	19	0.00	0.00	4299	6
2	411	1	1	4	41	-297.26	-267.65	1867	7
2	412	1	1	8	24	-362.52	-169.05	2686	7
2	413	1	0	4	76	0.00	0.00	1660	6
2	414	1	0	12	18	0.00	0.00	4854	6
2	415	1	1	4	50	310.86	-251.73	1676	7
2	416	1	1	4	40	301.88	262.42	1133	7
2	417	1	0	8	18	0.00	0.00	3004	6
2	418	1	0	8	2	0.00	0.00	3205	6
2	419	1	1	12	28	342.87	-206.02	2094	7
2	420	1	1	8	34	-327.66	-229.43	2434	7
2	421	1	0	4	50	0.00	0.00	1426	6
2	422	1	1	12	27	-353.18	-187.79	3040	7
2	423	1	1	8	35	62.57	395.08	2676	7
2	424	1	0	8	18	0.00	0.00	2739	6
2	425	1	0	12	12	0.00	0.00	3800	6
2	426	1	0	12	27	0.00	0.00	3302	6
2	427	1	0	8	8	0.00	0.00	3539	6
2	428	1	0	8	1	0.00	0.00	2785	6
2	429	1	0	12	5	0.00	0.00	3210	6
2	430	1	0	8	16	0.00	0.00	2808	6
2	431	1	1	8	39	-257.12	306.42	1307	7
2	432	1	0	4	79	0.00	0.00	1683	6
2	433	1	1	8	28	384.50	-110.25	2090	7
2	434	1	1	12	23	162.69	-365.42	2383	7
2	435	1	0	12	15	0.00	0.00	3284	6
2	436	1	1	4	29	346.41	200.00	1127	7
2	437	1	0	12	8	0.00	0.00	3070	6
2	438	1	1	8	15	-384.50	-110.25	2497	7
2	439	1	1	12	26	-181.60	356.40	3425	7
2	440	1	0	8	39	0.00	0.00	2351	6
2	441	1	0	8	22	0.00	0.00	3034	6
2	442	1	1	8	13	206.02	342.87	1422	7
2	443	1	1	4	77	-391.26	83.16	1248	7
2	444	1	0	4	43	0.00	0.00	1360	6
2	445	1	1	4	6	-397.02	-48.75	1066	7
2	446	1	1	4	14	-103.53	386.37	1140	7
2	447	1	1	4	67	-370.87	149.84	1046	7
2	448	1	1	4	76	-89.98	-389.75	1520	7
2	449	1	0	8	38	0.00	0.00	2556	6
2	450	1	1	4	24	362.52	169.05	1057	7
2	451	1	0	12	6	0.00	0.00	4288	6
2	452	1	0	8	25	0.00	0.00	2886	6
2	453	1	1	4	40	301.88	262.42	1064	7
2	454	1	0	12	14	0.00	0.00	3560	6
2	455	1	0	8	17	0.00	0.00	2905	6
2	456	1	1	12	0	-342.87	-206.02	2696	7
2	457	1	1	8	27	116.95	382.52	2610	7
2	458	1	0	4	79	0.00	0.00	1230	6
2	459	1	0	4	43	0.00	0.00	1319	6
2	460	1	0	8	30	0.00	0.00	2535	6
2	461	1	1	12	24	34.86	398.48	1280	7
2	462	1	0	12	1	0.00	0.00	3785	6
2	463	1	0	12	15	0.00	0.00	3338	6
2	464	1	1	12	20	-310.86	251.73	1129	7
2	465	1	1	12	14	-386.37	-103.53	3243	7
2	466	1	0	12	27	0.00	0.00	3476	6
2	467	1	0	4	24	0.00	0.00	1202	6
2	468	1	1	8	22	-368.20	-156.29	2308	7
2	469	1	0	8	38	0.00	0.00	2457	6
2	470	1	1	12	19	306.42	-257.12	2072	7
2	471	1	1	12	27	13.96	399.76	2072	7
2	472	1	1	8	12	-211.97	-339.22	2088	7
2	473	1	1	8	37	315.20	246.26	2289	7
2	474	1	0	4	33	0.00	0.00	1187	6
2	475	1	0	4	52	0.00	0.00	1700	6
2	476	1	1	8	27	116.95	382.52	1530	7
2	477	1	1	12	29	-200.00	346.41	1434	7
2	478	1	0	4	39	0.00	0.00	1584	6
2	479	1	0	8	27	0.00	0.00	2562	6
2	480	1	1	4	33	-223.68	331.62	1181	7
