blk	trl	target	search	nitems	rot_offset	tpos_x	tpos_y	rt	button
3	1	2	1	12	20	-395.08	62.57	1380	7
3	2	2	0	8	17	0.00	0.00	2270	6
3	3	2	0	12	2	0.00	0.00	3833	6
3	4	2	0	4	37	0.00	0.00	1371	6
3	5	2	0	8	42	0.00	0.00	2014	6
3	6	2	1	8	34	327.66	229.43	1327	7
3	7	2	1	4	82	48.75	397.02	988	7
3	8	2	1	12	18	-378.21	-130.23	2481	7
3	9	2	1	12	18	-392.65	76.32	1256	7
3	10	2	1	4	81	396.11	-55.67	1359	7
3	11	2	0	12	2	0.00	0.00	3774	6
3	12	2	0	12	3	0.00	0.00	3129	6
3	13	2	1	8	25	-130.23	-378.21	1908	7
3	14	2	0	12	18	0.00	0.00	3284	6
3	15	2	0	8	33	0.00	0.00	2276	6
3	16	2	1	8	6	246.26	315.20	862	7
3	17	2	1	12	1	211.97	-339.22	2691	7
3	18	2	1	4	4	34.86	-398.48	1327	7
3	19	2	0	4	76	0.00	0.00	1093	6
3	20	2	0	4	18	0.00	0.00	1405	6
3	21	2	0	8	33	0.00	0.00	2150	6
3	22	2	0	8	14	0.00	0.00	1834	6
3	23	2	1	8	9	393.92	69.46	1211	7
3	24	2	1	8	36	-55.67	-396.11	2018	7
3	25	2	0	12	4	0.00	0.00	3588	6
3	26	2	0	12	5	0.00	0.00	3019	6
3	27	2	0	12	11	0.00	0.00	2510	6
3	28	2	0	4	72	0.00	0.00	1291	6
3	29	2	0	4	72	0.00	0.00	1391	6
3	30	2	1	8	33	392.65	-76.32	1116	7
3	31	2	1	12	7	396.11	55.67	1475	7
3	32	2	0	8	42	0.00	0.00	2408	6
3	33	2	1	4	10	76.32	-392.65	1355	7
3	34	2	1	4	43	277.86	-287.74	1406	7
3	35	2	1	4	79	393.92	-69.46	1093	7
3	36	2	1	12	11	-391.26	-83.16	2652	7
3	37	2	0	4	64	0.00	0.00	1299	6
3	38	2	1	8	20	-162.69	-365.42	1800	7
3	39	2	0	4	1	0.00	0.00	1780	6
3	40	2	1	8	31	-89.98	-389.75	1673	7
3	41	2	0	4	16	0.00	0.00	1279	6
3	42	2	0	12	23	0.00	0.00	4070	6
3	43	2	1	8	2	-297.26	267.65	2398	7
3	44	2	0	8	1	0.00	0.00	2568	6
3	45	2	0	4	48	0.00	0.00	1239	6
3	46	2	1	4	64	362.52	-169.05	1191	7
3	47	2	1	12	10	378.21	-130.23	1576	7
3	48	2	0	8	44	0.00	0.00	2766	6
3	49	2	1	12	12	382.52	-116.95	1210	7
3	50	2	0	8	0	0.00	0.00	2208	6
3	51	2	1	4	22	-156.29	368.20	941	7
3	52	2	1	4	25	-359.52	-175.35	1382	7
3	53	2	1	12	6	-156.29	-368.20	2906	7
3	54	2	0	8	17	0.00	0.00	2398	6
3	55	2	0	12	27	0.00	0.00	3671	6
3	56	2	1	8	28	-349.85	-193.92	1675	7
3	57	2	1	12	14	-282.84	282.84	931	7
3	58	2	1	4	71	-123.61	-380.42	1216	6
3	59	2	0	8	18	0.00	0.00	3018	6
3	60	2	0	8	30	0.00	0.00	2950	6
3	61	2	0	4	56	0.00	0.00	1774	6
3	62	2	0	4	17	0.00	0.00	1341	6
3	63	2	1	12	2	399.45	20.93	1249	7
3	64	2	1	8	36	55.67	396.11	1326	7
3	65	2	1	8	38	-251.73	310.86	1348	7
3	66	2	1	12	27	-211.97	-339.22	2304	7
3	67	2	1	8	23	-373.43	143.35	1214	7
3	68	2	0	12	0	0.00	0.00	4507	6
3	69	2	0	12	3	0.00	0.00	3984	6
3	70	2	0	4	60	0.00	0.00	1475	6
3	71	2	1	12	12	-389.75	-89.98	1689	7
3	72	2	0	8	0	0.00	0.00	2576	6
3	73	2	1	12	29	-400.00	0.00	1340	7
3	74	2	0	12	12	0.00	0.00	3733	6
3	75	2	1	8	17	-356.40	181.60	981	7
3	76	2	1	12	25	-175.35	359.52	968	7
3	77	2	0	4	4	0.00	0.00	1341	6
3	78	2	0	12	29	0.00	0.00	3415	6
3	79	2	0	4	82	0.00	0.00	1243	6
3	80	2	0	8	29	0.00	0.00	2020	6
3	81	2	1	8	20	365.42	-162.69	2028	7
3	82	2	1	4	77	83.16	391.26	1169	7
3	83	2	1	8	21	149.84	-370.87	1984	7
3	84	2	0	4	22	0.00	0.00	1387	6
3	85	2	0	8	31	0.00	0.00	2972	6
3	86	2	0	8	31	0.00	0.00	2398	6
3	87	2	0	8	40	0.00	0.00	2448	6
3	88	2	1	8	8	-323.61	235.11	1130	7
3	89	2	1	4	87	-399.76	13.96	1102	7
3	90	2	1	4	82	397.02	-48.75	1091	7
3	91	2	0	8	19	0.00	0.00	2836	6
3	92	2	1	12	1	-211.97	339.22	1014	7
3	93	2	1	12	16	-116.95	382.52	955	7
3	94	2	1	8	42	-399.76	13.96	1965	7
3	95	2	1	4	28	-349.85	-193.92	1535	7
3	96	2	1	12	19	375.88	136.81	2131	7
3	97	2	1	4	83	-397.81	41.81	1082	7
3	98	2	0	4	32	0.00	0.00	1389	6
3	99	2	1	12	1	-339.22	-211.97	2677	7
3	100	2	1	4	32	-335.47	-217.86	1425	7
3	101	2	0	12	0	0.00	0.00	4113	6
3	102	2	0	4	19	0.00	0.00	1406	6
3	103	2	0	12	0	0.00	0.00	3491	6
3	104	2	0	4	61	0.00	0.00	1282	6
3	105	2	0	12	28	0.00	0.00	3881	6
3	106	2	1	4	44	282.84	282.84	887	7
3	107	2	1	4	28	193.92	-349.85	1359	7
3	108	2	1	4	50	310.86	-251.73	1282	7
3	109	2	0	12	18	0.00	0.00	4400	6
3	110	2	0	8	31	0.00	0.00	2033	6
3	111	2	1	12	29	-0.00	-400.00	1945	7
3	112	2	1	4	43	277.86	-287.74	1264	7
3	113	2	0	12	23	0.00	0.00	2600	6
3	114	2	1	8	35	62.57	395.08	943	7
3	115	2	0	4	15	0.00	0.00	1604	6
3	116	2	0	12	11	0.00	0.00	2815	6
3	117	2	1	8	0	287.74	-277.86	1391	7
3	118	2	0	8	2	0.00	0.00	2315	6
3	119	2	0	12	9	0.00	0.00	3207	6
3	120	2	0	4	29	0.00	0.00	1214	6
3	121	3	1	8	16	-187.79	-353.18	1575	7
3	122	3	1	12	5	-235.11	323.61	988	7
3	123	3	0	8	5	0.00	0.00	2014	6
3	124	3	1	8	18	359.52	-175.35	827	7
3	125	3	1	12	25	331.62	-223.68	1762	7
3	126	3	1	4	67	-370.87	149.84	1340	6
3	127	3	0	4	47	0.00	0.00	1267	7
3	128	3	1	4	61	187.79	353.18	1729	7
3	129	3	1	12	2	-181.60	-356.40	1590	7
3	130	3	0	12	10	0.00	0.00	3747	6
3	131	3	0	12	6	0.00	0.00	3350	6
3	132	3	1	8	39	-257.12	306.42	901	7
3	133	3	0	12	29	0.00	0.00	3343	6
3	134	3	1	8	30	-96.77	-388.12	1719	7
3	135	3	1	12	23	-162.69	365.42	1176	7
3	136	3	0	8	38	0.00	0.00	2092	6
3	137	3	1	12	6	240.73	-319.45	1394	7
3	138	3	0	12	2	0.00	0.00	4229	6
3	139	3	1	12	0	-206.02	342.87	955	7
3	140	3	1	4	11	83.16	-391.26	937	7
3	141	3	1	8	41	-20.93	-399.45	1159	7
3	142	3	1	4	63	-359.52	175.35	1094	7
3	143	3	0	12	12	0.00	0.00	2556	6
3	144	3	0	8	20	0.00	0.00	2748	6
3	145	3	0	8	40	0.00	0.00	2372	6
3	146	3	1	8	8	323.61	-235.11	1247	7
3	147	3	1	8	23	-143.35	-373.43	1392	7
3	148	3	1	8	33	76.32	392.65	1469	7
3	149	3	1	4	76	-389.75	89.98	1127	7
3	150	3	0	4	50	0.00	0.00	1207	6
3	151	3	0	4	73	0.00	0.00	1146	6
3	152	3	1	4	1	-399.76	-13.96	988	7
3	153	3	1	12	10	130.23	378.21	926	7
3	154	3	1	12	27	187.79	-353.18	1626	7
3	155	3	1	4	70	-378.21	130.23	1070	7
3	156	3	0	12	26	0.00	0.00	2503	6
3	157	3	1	4	58	-206.02	-342.87	1045	7
3	158	3	0	4	11	0.00	0.00	1082	6
3	159	3	0	4	88	0.00	0.00	1000	6
3	160	3	1	4	74	-103.53	-386.37	945	7
3	161	3	1	4	31	211.97	-339.22	1184	7
3	162	3	0	12	16	0.00	0.00	2932	6
3	163	3	1	8	2	267.65	297.26	826	7
3	164	3	1	12	29	-346.41	200.00	2990	7
3	165	3	0	12	11	0.00	0.00	3339	6
3	166	3	1	12	21	-149.84	370.87	770	7
3	167	3	0	4	28	0.00	0.00	1326	6
3	168	3	1	8	40	399.03	-27.90	1157	7
3	169	3	1	8	10	-392.65	-76.32	1060	7
3	170	3	0	4	22	0.00	0.00	1215	6
3	171	3	0	4	48	0.00	0.00	1359	6
3	172	3	1	8	20	-143.35	373.43	871	7
3	173	3	1	12	1	-399.76	-13.96	2791	7
3	174	3	0	12	26	0.00	0.00	2695	6
3	175	3	1	4	17	-123.61	380.42	1256	7
3	176	3	1	12	6	48.75	-397.02	997	7
3	177	3	0	8	44	0.00	0.00	2650	6
3	178	3	0	8	10	0.00	0.00	1768	6
3	179	3	1	4	32	-335.47	-217.86	1097	7
3	180	3	1	4	1	399.76	13.96	1052	7
3	181	3	0	12	24	0.00	0.00	2029	6
3	182	3	0	4	27	0.00	0.00	1203	6
3	183	3	0	4	87	0.00	0.00	1491	6
3	184	3	0	12	19	0.00	0.00	3873	6
3	185	3	0	12	12	0.00	0.00	2878	6
3	186	3	0	8	5	0.00	0.00	1894	6
3	187	3	0	8	9	0.00	0.00	1536	6
3	188	3	0	12	7	0.00	0.00	2661	6
3	189	3	1	8	21	-149.84	370.87	840	7
3	190	3	0	8	16	0.00	0.00	2162	6
3	191	3	1	12	28	-6.98	-399.94	1865	7
3	192	3	1	8	10	-76.32	392.65	1075	7
3	193	3	1	4	53	-323.61	235.11	1835	7
3	194	3	1	4	21	149.84	-370.87	1139	7
3	195	3	0	12	23	0.00	0.00	2644	6
3	196	3	0	8	6	0.00	0.00	1657	6
3	197	3	1	12	2	-217.86	335.47	958	7
3	198	3	0	12	14	0.00	0.00	3263	6
3	199	3	0	8	42	0.00	0.00	1926	6
3	200	3	0	12	25	0.00	0.00	2282	6
3	201	3	0	4	89	0.00	0.00	1076	6
3	202	3	0	8	3	0.00	0.00	1269	6
3	203	3	0	4	86	0.00	0.00	859	6
3	204	3	1	8	25	-130.23	-378.21	949	7
3	205	3	1	4	51	-246.26	-315.20	1088	7
3	206	3	0	8	21	0.00	0.00	1235	6
3	207	3	0	8	3	0.00	0.00	2102	6
3	208	3	0	8	10	0.00	0.00	2365	6
3	209	3	1	12	2	335.47	217.86	1398	7
3	210	3	0	12	6	0.00	0.00	2634	6
3	211	3	1	4	25	175.35	-359.52	831	7
3	212	3	0	4	83	0.00	0.00	1011	6
3	213	3	1	8	42	292.54	272.80	1041	7
3	214	3	0	12	24	0.00	0.00	2608	6
3	215	3	0	8	20	0.00	0.00	1386	6
3	216	3	1	8	44	400.00	-0.00	1285	7
3	217	3	0	4	5	0.00	0.00	1158	6
3	218	3	0	12	1	0.00	0.00	2045	6
3	219	3	0	4	46	0.00	0.00	1065	6
3	220	3	0	8	34	0.00	0.00	2011	6
3	221	3	1	12	3	359.52	-175.35	841	7
3	222	3	0	8	11	0.00	0.00	2496	6
3	223	3	1	12	24	-398.48	34.86	1786	7
3	224	3	1	8	28	349.85	193.92	832	7
3	225	3	0	12	4	0.00	0.00	1997	6
3	226	3	0	4	41	0.00	0.00	919	6
3	227	3	0	4	12	0.00	0.00	904	6
3	228	3	0	8	35	0.00	0.00	2255	6
3	229	3	0	4	60	0.00	0.00	909	6
3	230	3	1	12	2	-181.60	-356.40	2531	7
3	231	3	1	12	23	-323.61	235.11	1336	7
3	232	3	1	8	23	-162.69	365.42	886	7
3	233	3	1	4	62	-356.40	181.60	856	7
3	234	3	0	4	0	0.00	0.00	1055	6
3	235	3	1	8	27	-116.95	-382.52	1504	7
3	236	3	1	4	4	34.86	-398.48	1206	7
3	237	3	1	12	10	392.65	76.32	1477	7
3	238	3	0	4	47	0.00	0.00	1137	6
3	239	3	1	4	89	-400.00	0.00	1117	7
3	240	3	0	8	43	0.00	0.00	1695	6
3	241	1	0	4	80	0.00	0.00	2362	6
3	242	1	1	8	38	397.81	-41.81	2823	7
3	243	1	0	4	53	0.00	0.00	1808	6
3	244	1	0	8	3	0.00	0.00	2928	6
3	245	1	0	12	13	0.00	0.00	3834	6
3	246	1	1	8	2	297.26	-267.65	1859	7
3	247	1	1	4	45	277.86	287.74	1300	7
3	248	1	1	8	14	346.41	-200.00	1965	7
3	249	1	0	8	14	0.00	0.00	2865	6
3	250	1	1	8	35	-62.57	-395.08	2073	7
3	251	1	1	8	10	-76.32	392.65	1218	7
3	252	1	1	8	37	-397.02	48.75	3280	7
3	253	1	1	4	18	-378.21	-130.23	1953	7
3	254	1	1	12	18	262.42	301.88	3270	7
3	255	1	0	4	76	0.00	0.00	1741	6
3	256	1	0	8	13	0.00	0.00	4033	6
3	257	1	1	12	14	-282.84	-282.84	3511	7
3	258	1	0	8	22	0.00	0.00	3124	6
3	259	1	0	8	40	0.00	0.00	3026	6
3	260	1	1	4	85	27.90	399.03	1077	7
3	261	1	0	8	20	0.00	0.00	3196	6
3	262	1	1	4	51	315.20	-246.26	1954	7
3	263	1	1	12	16	-116.95	382.52	1853	7
3	264	1	0	4	21	0.00	0.00	1667	6
3	265	1	1	12	18	130.23	-378.21	2381	7
3	266	1	0	12	6	0.00	0.00	4090	6
3	267	1	0	8	22	0.00	0.00	2694	6
3	268	1	0	12	9	0.00	0.00	3643	6
3	269	1	0	8	14	0.00	0.00	2836	6
3	270	1	0	12	13	0.00	0.00	4052	6
3	271	1	0	12	21	0.00	0.00	3727	6
3	272	1	0	8	19	0.00	0.00	3091	6
3	273	1	0	12	25	0.00	0.00	5906	6
3	274	1	0	4	59	0.00	0.00	1478	6
3	275	1	1	4	31	211.97	-339.22	1460	7
3	276	1	1	12	24	-398.48	34.86	3413	7
3	277	1	0	4	60	0.00	0.00	1557	6
3	278	1	0	4	60	0.00	0.00	1816	6
3	279	1	1	12	0	-193.92	-349.85	2559	7
3	280	1	1	4	59	200.00	346.41	1230	7
3	281	1	0	8	8	0.00	0.00	2519	6
3	282	1	1	8	40	301.88	262.42	2669	7
3	283	1	1	12	13	277.86	-287.74	2742	7
3	284	1	1	8	6	246.26	315.20	1491	7
3	285	1	1	12	18	-378.21	-130.23	2382	7
3	286	1	1	4	73	-384.50	110.25	1212	7
3	287	1	0	12	11	0.00	0.00	4756	6
3	288	1	1	8	37	397.02	-48.75	1827	7
3	289	1	1	4	67	-149.84	-370.87	1425	7
3	290	1	1	12	1	13.96	-399.76	2717	7
3	291	1	0	12	14	0.00	0.00	3983	6
3	292	1	0	12	27	0.00	0.00	3672	6
3	293	1	1	4	46	-292.54	272.80	1111	7
3	294	1	1	8	40	-301.88	-262.42	2221	7
3	295	1	1	8	42	-13.96	-399.76	1390	7
3	296	1	0	4	49	0.00	0.00	1679	6
3	297	1	0	4	54	0.00	0.00	1541	6
3	298	1	0	8	39	0.00	0.00	2541	6
3	299	1	1	8	43	-399.94	6.98	1581	7
3	300	1	0	12	8	0.00	0.00	3386	6
3	301	1	0	12	26	0.00	0.00	4207	6
3	302	1	0	12	20	0.00	0.00	3471	6
3	303	1	1	4	58	-342.87	206.02	1079	7
3	304	1	1	12	15	287.74	-277.86	2145	7
3	305	1	1	12	23	-323.61	235.11	1449	7
3	306	1	0	8	5	0.00	0.00	2749	6
3	307	1	1	8	7	396.11	55.67	1622	7
3	308	1	0	12	0	0.00	0.00	3887	6
3	309	1	1	8	32	391.26	-83.16	1474	7
3	310	1	1	4	87	-399.76	13.96	1942	7
3	311	1	0	8	19	0.00	0.00	2618	6
3	312	1	1	8	37	315.20	246.26	1330	7
3	313	1	1	12	27	-399.76	13.96	2930	7
3	314	1	1	8	44	-282.84	282.84	2884	7
3	315	1	0	4	0	0.00	0.00	1745	6
3	316	1	1	12	2	-356.40	181.60	3226	7
3	317	1	1	4	18	378.21	130.23	1349	7
3	318	1	0	4	20	0.00	0.00	1895	6
3	319	1	1	12	18	-262.42	-301.88	2462	7
3	320	1	0	4	62	0.00	0.00	1459	6
3	321	1	0	4	84	0.00	0.00	1577	6
3	322	1	0	12	1	0.00	0.00	3209	6
3	323	1	0	8	32	0.00	0.00	2621	6
3	324	1	1	4	85	27.90	399.03	1091	7
3	325	1	1	4	49	-306.42	257.12	1088	7
3	326	1	1	4	56	217.86	335.47	953	7
3	327	1	0	8	24	0.00	0.00	2704	6
3	328	1	0	8	12	0.00	0.00	2789	6
3	329	1	1	12	1	-13.96	399.76	1323	7
3	330	1	0	8	37	0.00	0.00	2964	6
3	331	1	1	12	4	398.48	34.86	2278	7
3	332	1	0	4	73	0.00	0.00	1847	6
3	333	1	0	12	1	0.00	0.00	3311	6
3	334	1	1	12	19	-375.88	-136.81	3266	7
3	335	1	0	4	40	0.00	0.00	1668	6
3	336	1	1	4	48	262.42	301.88	1131	7
3	337	1	0	4	32	0.00	0.00	1468	6
3	338	1	1	8	41	-399.45	20.93	2633	7
3	339	1	1	12	10	76.32	-392.65	2743	7
3	340	1	1	8	37	-315.20	-246.26	1288	7
3	341	1	1	8	11	391.26	83.16	2140	7
3	342	1	0	4	27	0.00	0.00	1532	6
3	343	1	1	4	57	-211.97	-339.22	1634	7
3	344	1	0	8	13	0.00	0.00	2836	6
3	345	1	0	4	45	0.00	0.00	1560	6
3	346	1	0	8	9	0.00	0.00	3632	6
3	347	1	0	12	27	0.00	0.00	3287	6
3	348	1	0	12	15	0.00	0.00	4332	6
3	349	1	1	4	82	-48.75	-397.02	1441	7
3	350	1	0	4	76	0.00	0.00	1538	6
3	351	1	0	12	2	0.00	0.00	4315	6
3	352	1	0	12	2	0.00	0.00	3569	6
3	353	1	1	4	15	384.50	110.25	1728	7
3	354	1	1	8	32	-335.47	-217.86	2471	7
3	355	1	0	12	14	0.00	0.00	3629	6
3	356	1	1	4	37	-246.26	315.20	1081	7
3	357	1	1	12	24	362.52	169.05	1515	7
3	358	1	0	8	1	0.00	0.00	2800	6
3	359	1	0	4	17	0.00	0.00	1646	6
3	360	1	1	12	23	-323.61	235.11	3023	6
3	361	0	1	8	18	175.35	359.52	5750	7
3	362	0	1	4	69	-136.81	-375.88	2349	7
3	363	0	1	8	9	69.46	-393.92	5710	7
3	364	0	0	4	51	0.00	0.00	2581	6
3	365	0	1	8	43	-6.98	-399.94	3601	7
3	366	0	0	4	79	0.00	0.00	2791	6
3	367	0	0	12	27	0.00	0.00	6973	6
3	368	0	0	12	13	0.00	0.00	6627	6
3	369	0	1	4	60	-349.85	193.92	1592	7
3	370	0	0	8	40	0.00	0.00	4661	6
3	371	0	1	12	13	-384.50	110.25	9851	7
3	372	0	1	12	25	27.90	399.03	5948	7
3	373	0	0	8	1	0.00	0.00	4669	6
3	374	0	1	12	21	-315.20	246.26	1749	7
3	375	0	0	12	5	0.00	0.00	7021	6
3	376	0	0	12	27	0.00	0.00	6240	6
3	377	0	0	12	8	0.00	0.00	7431	6
3	378	0	0	4	43	0.00	0.00	2779	6
3	379	0	1	8	43	287.74	277.86	3977	7
3	380	0	1	4	80	395.08	-62.57	3241	7
3	381	0	0	4	74	0.00	0.00	2767	6
3	382	0	0	8	9	0.00	0.00	4939	6
3	383	0	0	8	40	0.00	0.00	4722	6
3	384	0	0	4	34	0.00	0.00	3110	6
3	385	0	1	8	38	41.81	397.81	4416	7
3	386	0	0	8	18	0.00	0.00	4591	6
3	387	0	0	8	21	0.00	0.00	5281	6
3	388	0	1	12	4	169.05	362.52	9378	7
3	389	0	1	8	39	-257.12	306.42	4532	7
3	390	0	1	4	7	-396.11	-55.67	1754	7
3	391	0	0	4	69	0.00	0.00	2708	6
3	392	0	1	4	18	378.21	130.23	3419	7
3	393	0	0	12	16	0.00	0.00	9526	6
3	394	0	0	4	25	0.00	0.00	2684	6
3	395	0	0	8	28	0.00	0.00	5289	6
3	396	0	0	12	15	0.00	0.00	8563	6
3	397	0	1	8	15	-193.92	-349.85	2126	7
3	398	0	0	12	24	0.00	0.00	9663	6
3	399	0	0	4	63	0.00	0.00	2422	6
3	400	0	0	8	14	0.00	0.00	4386	6
3	401	0	1	12	29	-346.41	-200.00	2526	7
3	402	0	1	8	33	331.62	223.68	4767	7
3	403	0	0	12	22	0.00	0.00	8738	6
3	404	0	1	12	25	27.90	399.03	6431	7
3	405	0	1	8	12	-389.75	-89.98	3632	7
3	406	0	0	8	29	0.00	0.00	4473	6
3	407	0	1	8	39	398.48	-34.86	5583	7
3	408	0	0	12	4	0.00	0.00	7915	6
3	409	0	0	4	73	0.00	0.00	2683	6
3	410	0	0	12	27	0.00	0.00	6595	6
3	411	0	0	8	40	0.00	0.00	4822	6
3	412	0	1	4	52	-240.73	-319.45	6932	7
3	413	0	1	12	1	353.18	-187.79	3676	7
3	414	0	1	4	33	-223.68	331.62	2608	7
3	415	0	1	4	51	246.26	315.20	5686	7
3	416	0	0	4	61	0.00	0.00	2979	6
3	417	0	1	12	16	116.95	-382.52	6325	7
3	418	0	1	12	23	-365.42	-162.69	9544	7
3	419	0	0	4	33	0.00	0.00	2836	6
3	420	0	0	12	29	0.00	0.00	6755	6
3	421	0	1	12	12	89.98	-389.75	3076	7
3	422	0	1	8	15	-193.92	-349.85	1628	7
3	423	0	1	12	10	76.32	-392.65	7941	7
3	424	0	1	4	12	389.75	89.98	5862	7
3	425	0	0	12	25	0.00	0.00	8074	6
3	426	0	1	4	21	-149.84	370.87	2982	7
3	427	0	0	8	18	0.00	0.00	4363	6
3	428	0	1	4	47	-297.26	267.65	3931	7
3	429	0	1	12	28	-6.98	-399.94	3898	7
3	430	0	1	4	50	-310.86	251.73	3617	7
3	431	0	0	4	4	0.00	0.00	2507	6
3	432	0	1	8	10	-331.62	223.68	1699	7
3	433	0	1	12	24	362.52	169.05	7030	7
3	434	0	1	12	2	356.40	-181.60	7693	6
3	435	0	1	12	18	76.32	392.65	9307	7
3	436	0	1	8	28	193.92	-349.85	6056	6
3	437	0	1	8	8	-235.11	-323.61	3132	7
3	438	0	1	12	9	306.42	257.12	5122	7
3	439	0	0	8	0	0.00	0.00	5136	6
3	440	0	1	8	14	-200.00	-346.41	2046	7
3	441	0	0	4	82	0.00	0.00	2325	6
3	442	0	1	4	50	-251.73	-310.86	5363	7
3	443	0	0	4	7	0.00	0.00	3054	6
3	444	0	0	12	12	0.00	0.00	7539	6
3	445	0	1	8	8	323.61	-235.11	4901	7
3	446	0	0	12	2	0.00	0.00	7692	6
3	447	0	0	4	44	0.00	0.00	2653	6
3	448	0	1	8	24	-169.05	362.52	5146	7
3	449	0	0	12	3	0.00	0.00	6767	6
3	450	0	1	8	40	301.88	262.42	5443	7
3	451	0	1	12	15	110.25	-384.50	6660	7
3	452	0	0	4	63	0.00	0.00	2842	6
3	453	0	1	8	15	-110.25	384.50	5114	7
3	454	0	1	8	29	103.53	386.37	6398	7
3	455	0	0	8	15	0.00	0.00	4738	6
3	456	0	1	4	85	-27.90	-399.03	1674	7
3	457	0	1	12	12	382.52	-116.95	5572	7
3	458	0	0	8	31	0.00	0.00	5254	6
3	459	0	0	12	28	0.00	0.00	6366	6
3	460	0	0	8	19	0.00	0.00	4266	6
3	461	0	0	8	21	0.00	0.00	4201	6
3	462	0	0	8	25	0.00	0.00	7710	6
3	463	0	0	4	15	0.00	0.00	3105	6
3	464	0	0	8	35	0.00	0.00	6442	6
3	465	0	0	4	6	0.00	0.00	2684	6
3	466	0	1	12	16	292.54	-272.80	6193	7
3	467	0	0	8	30	0.00	0.00	3990	6
3	468	0	1	12	26	-356.40	-181.60	2300	7
3	469	0	0	8	11	0.00	0.00	4092	6
3	470	0	1	4	70	130.23	378.21	3191	7
3	471	0	1	4	87	13.96	399.76	2691	7
3	472	0	1	4	29	-200.00	346.41	1922	7
3	473	0	0	4	32	0.00	0.00	2722	6
3	474	0	0	12	8	0.00	0.00	8366	6
3	475	0	0	12	19	0.00	0.00	9450	6
3	476	0	0	12	1	0.00	0.00	6782	6
3	477	0	0	4	32	0.00	0.00	3134	6
3	478	0	1	4	62	356.40	-181.60	2764	7
3	479	0	1	4	23	-365.42	-162.69	1815	7
3	480	0	1	4	71	-123.61	-380.42	1754	7
