blk	trl	target	search	nitems	rot_offset	tpos_x	tpos_y	rt	button
4	1	2	0	8	39	0.00	0.00	2528	6
4	2	2	1	12	8	-373.43	143.35	2662	7
4	3	2	1	8	0	-6.98	399.94	1053	7
4	4	2	0	4	33	0.00	0.00	1360	6
4	5	2	0	4	45	0.00	0.00	1454	6
4	6	2	0	8	0	0.00	0.00	2666	6
4	7	2	0	12	15	0.00	0.00	3207	6
4	8	2	1	4	45	277.86	287.74	978	7
4	9	2	1	12	3	27.90	-399.03	2286	7
4	10	2	0	12	24	0.00	0.00	3331	6
4	11	2	1	12	7	396.11	55.67	1380	7
4	12	2	0	12	4	0.00	0.00	2923	6
4	13	2	1	8	22	370.87	-149.84	1427	7
4	14	2	1	12	13	277.86	-287.74	1928	7
4	15	2	0	4	43	0.00	0.00	1154	6
4	16	2	0	8	15	0.00	0.00	2710	6
4	17	2	1	12	7	-370.87	149.84	1143	7
4	18	2	1	8	2	-297.26	267.65	1347	7
4	19	2	1	12	12	382.52	-116.95	1399	7
4	20	2	0	12	1	0.00	0.00	3376	6
4	21	2	0	12	11	0.00	0.00	2833	6
4	22	2	1	12	6	-48.75	397.02	3057	7
4	23	2	1	4	13	388.12	96.77	1048	7
4	24	2	0	4	44	0.00	0.00	1241	6
4	25	2	1	4	70	130.23	378.21	981	7
4	26	2	1	4	83	-397.81	41.81	869	7
4	27	2	0	12	9	0.00	0.00	3655	6
4	28	2	1	4	52	319.45	-240.73	1205	7
4	29	2	1	12	4	-229.43	327.66	1427	7
4	30	2	0	4	10	0.00	0.00	1335	6
4	31	2	1	12	17	-123.61	380.42	996	7
4	32	2	0	8	43	0.00	0.00	2674	6
4	33	2	0	12	22	0.00	0.00	3255	6
4	34	2	0	12	12	0.00	0.00	3574	6
4	35	2	0	8	28	0.00	0.00	3115	6
4	36	2	1	4	84	398.48	-34.86	1108	7
4	37	2	0	4	67	0.00	0.00	1295	6
4	38	2	0	12	24	0.00	0.00	4738	6
4	39	2	1	8	34	229.43	-327.66	1565	7
4	40	2	1	12	22	240.73	319.45	955	7
4	41	2	1	4	16	382.52	116.95	1096	7
4	42	2	1	12	0	206.02	-342.87	1731	7
4	43	2	0	12	7	0.00	0.00	4069	6
4	44	2	0	4	36	0.00	0.00	1367	6
4	45	2	1	12	14	282.84	-282.84	1343	7
4	46	2	1	4	85	27.90	399.03	749	7
4	47	2	0	12	25	0.00	0.00	4005	6
4	48	2	1	4	80	62.57	395.08	879	7
4	49	2	1	8	23	-373.43	143.35	2504	7
4	50	2	0	4	61	0.00	0.00	1168	6
4	51	2	0	4	32	0.00	0.00	1424	6
4	52	2	0	8	18	0.00	0.00	2480	6
4	53	2	1	4	85	399.03	-27.90	1272	7
4	54	2	1	12	15	-388.12	96.77	1542	7
4	55	2	1	4	25	175.35	-359.52	1008	7
4	56	2	1	4	73	-384.50	110.25	1046	7
4	57	2	1	8	16	-382.52	-116.95	2114	7
4	58	2	0	8	35	0.00	0.00	3378	6
4	59	2	0	4	41	0.00	0.00	1360	6
4	60	2	1	4	7	-396.11	-55.67	1656	7
4	61	2	1	8	29	-386.37	103.53	2237	7
4	62	2	1	4	30	206.02	-342.87	1131	7
4	63	2	1	8	31	389.75	-89.98	1244	7
4	64	2	0	8	19	0.00	0.00	2483	6
4	65	2	0	12	25	0.00	0.00	3532	6
4	66	2	1	12	20	-62.57	-395.08	1891	7
4	67	2	0	8	0	0.00	0.00	2292	6
4	68	2	1	4	8	-62.57	395.08	949	7
4	69	2	1	4	33	-223.68	331.62	1061	7
4	70	2	1	4	87	399.76	-13.96	1448	7
4	71	2	0	4	14	0.00	0.00	1324	6
4	72	2	0	12	4	0.00	0.00	4170	6
4	73	2	0	8	11	0.00	0.00	2318	6
4	74	2	1	8	21	149.84	-370.87	1626	7
4	75	2	0	8	1	0.00	0.00	2107	6
4	76	2	1	8	23	143.35	373.43	778	7
4	77	2	1	8	34	327.66	229.43	1181	7
4	78	2	1	8	6	397.02	48.75	2316	7
4	79	2	0	12	20	0.00	0.00	3094	6
4	80	2	1	8	9	-327.66	229.43	847	7
4	81	2	1	12	10	-378.21	130.23	1097	7
4	82	2	0	12	3	0.00	0.00	3998	6
4	83	2	0	12	25	0.00	0.00	3539	6
4	84	2	0	4	24	0.00	0.00	1175	6
4	85	2	1	4	76	89.98	389.75	829	7
4	86	2	0	4	42	0.00	0.00	1255	6
4	87	2	1	12	16	389.75	-89.98	1367	7
4	88	2	0	8	11	0.00	0.00	3207	6
4	89	2	0	4	29	0.00	0.00	1240	6
4	90	2	0	4	53	0.00	0.00	1242	6
4	91	2	0	12	1	0.00	0.00	4209	6
4	92	2	1	12	0	399.94	6.98	1592	7
4	93	2	1	8	24	-375.88	136.81	1259	7
4	94	2	1	8	37	-315.20	-246.26	2239	7
4	95	2	0	12	18	0.00	0.00	3616	6
4	96	2	0	4	80	0.00	0.00	1335	6
4	97	2	0	4	28	0.00	0.00	1257	6
4	98	2	1	4	81	396.11	-55.67	1349	7
4	99	2	0	12	16	0.00	0.00	3892	6
4	100	2	1	8	39	-257.12	306.42	839	7
4	101	2	0	8	23	0.00	0.00	2968	6
4	102	2	0	4	21	0.00	0.00	1321	6
4	103	2	1	8	24	-362.52	-169.05	1322	7
4	104	2	0	8	30	0.00	0.00	3331	6
4	105	2	0	4	27	0.00	0.00	1182	6
4	106	2	1	12	5	-41.81	397.81	883	7
4	107	2	1	8	31	89.98	389.75	943	7
4	108	2	0	8	1	0.00	0.00	4175	6
4	109	2	1	8	37	-315.20	-246.26	1563	7
4	110	2	0	8	4	0.00	0.00	3332	6
4	111	2	0	8	11	0.00	0.00	2478	6
4	112	2	0	4	11	0.00	0.00	1449	6
4	113	2	1	12	4	362.52	-169.05	1569	7
4	114	2	0	8	14	0.00	0.00	3021	6
4	115	2	1	8	0	399.94	6.98	1304	7
4	116	2	0	8	23	0.00	0.00	2479	6
4	117	2	0	8	15	0.00	0.00	2179	6
4	118	2	0	12	21	0.00	0.00	4001	6
4	119	2	1	4	42	-272.80	292.54	1142	7
4	120	2	1	12	12	-272.80	292.54	906	7
4	121	1	1	4	27	353.18	187.79	1407	7
4	122	1	1	4	30	342.87	206.02	1072	7
4	123	1	0	8	15	0.00	0.00	2924	6
4	124	1	1	4	89	-400.00	0.00	1335	7
4	125	1	0	8	41	0.00	0.00	2825	6
4	126	1	0	4	78	0.00	0.00	1710	6
4	127	1	0	12	20	0.00	0.00	3955	6
4	128	1	0	8	0	0.00	0.00	2737	6
4	129	1	1	8	25	-378.21	130.23	2790	7
4	130	1	0	8	10	0.00	0.00	2799	6
4	131	1	1	4	72	382.52	-116.95	1923	7
4	132	1	0	4	77	0.00	0.00	1740	6
4	133	1	0	12	4	0.00	0.00	4600	6
4	134	1	1	4	45	277.86	287.74	1318	7
4	135	1	0	12	27	0.00	0.00	6074	6
4	136	1	0	4	47	0.00	0.00	1776	6
4	137	1	0	4	65	0.00	0.00	2023	6
4	138	1	0	12	12	0.00	0.00	5097	6
4	139	1	1	12	3	-331.62	-223.68	3013	7
4	140	1	1	12	24	-398.48	34.86	1257	7
4	141	1	0	8	44	0.00	0.00	2866	6
4	142	1	1	4	25	-175.35	359.52	1212	7
4	143	1	0	8	34	0.00	0.00	3092	6
4	144	1	1	8	39	-257.12	306.42	1365	7
4	145	1	1	8	44	400.00	-0.00	1699	7
4	146	1	1	8	14	386.37	103.53	1370	7
4	147	1	1	12	6	-319.45	-240.73	2217	7
4	148	1	0	8	30	0.00	0.00	4951	6
4	149	1	0	4	86	0.00	0.00	1567	6
4	150	1	1	12	8	-143.35	-373.43	2691	7
4	151	1	0	4	71	0.00	0.00	1605	6
4	152	1	0	12	0	0.00	0.00	5374	6
4	153	1	1	4	28	349.85	193.92	1091	7
4	154	1	1	4	35	-323.61	-235.11	1856	7
4	155	1	1	4	58	206.02	342.87	1397	6
4	156	1	0	12	10	0.00	0.00	4887	6
4	157	1	0	12	16	0.00	0.00	4887	6
4	158	1	0	8	20	0.00	0.00	3327	6
4	159	1	0	8	3	0.00	0.00	3110	6
4	160	1	1	8	34	-69.46	-393.92	2215	7
4	161	1	0	12	27	0.00	0.00	4584	6
4	162	1	0	8	21	0.00	0.00	2819	6
4	163	1	1	8	1	-272.80	-292.54	1960	7
4	164	1	1	12	21	315.20	-246.26	2195	7
4	165	1	1	8	39	34.86	398.48	1218	7
4	166	1	0	12	18	0.00	0.00	5052	6
4	167	1	0	8	44	0.00	0.00	3340	6
4	168	1	1	8	38	-310.86	-251.73	2031	7
4	169	1	0	4	48	0.00	0.00	1552	6
4	170	1	1	4	62	-356.40	181.60	1210	7
4	171	1	1	4	56	-335.47	217.86	1049	7
4	172	1	0	12	29	0.00	0.00	6133	6
4	173	1	1	8	27	116.95	382.52	1413	7
4	174	1	0	12	10	0.00	0.00	4909	6
4	175	1	1	4	75	96.77	388.12	1056	7
4	176	1	1	8	22	368.20	156.29	1603	7
4	177	1	0	12	25	0.00	0.00	4439	6
4	178	1	1	8	31	211.97	-339.22	2304	7
4	179	1	0	12	28	0.00	0.00	5048	6
4	180	1	0	4	11	0.00	0.00	1587	6
4	181	1	1	4	58	-342.87	206.02	1222	7
4	182	1	0	8	41	0.00	0.00	3961	6
4	183	1	0	12	24	0.00	0.00	4592	6
4	184	1	1	12	25	-223.68	-331.62	5315	6
4	185	1	1	8	35	-395.08	62.57	2659	7
4	186	1	0	8	29	0.00	0.00	3600	6
4	187	1	0	8	10	0.00	0.00	2780	6
4	188	1	0	4	50	0.00	0.00	1459	6
4	189	1	0	4	3	0.00	0.00	1416	6
4	190	1	0	4	22	0.00	0.00	1642	6
4	191	1	0	8	36	0.00	0.00	3547	6
4	192	1	1	12	11	-391.26	-83.16	3369	7
4	193	1	0	4	0	0.00	0.00	1663	6
4	194	1	1	12	3	175.35	359.52	1428	7
4	195	1	1	8	38	251.73	-310.86	2612	7
4	196	1	1	12	25	-359.52	-175.35	3401	7
4	197	1	1	12	19	257.12	306.42	2769	7
4	198	1	1	4	45	-287.74	277.86	1158	7
4	199	1	1	12	27	-13.96	-399.76	2727	7
4	200	1	1	4	48	-301.88	262.42	1179	7
4	201	1	0	4	3	0.00	0.00	1360	6
4	202	1	0	12	5	0.00	0.00	5611	6
4	203	1	1	8	38	251.73	-310.86	2227	7
4	204	1	0	4	76	0.00	0.00	1854	6
4	205	1	0	8	19	0.00	0.00	2741	6
4	206	1	1	12	26	356.40	181.60	1477	7
4	207	1	0	8	0	0.00	0.00	2978	6
4	208	1	1	8	12	389.75	89.98	1268	7
4	209	1	0	12	5	0.00	0.00	4881	6
4	210	1	1	8	36	319.45	240.73	1570	7
4	211	1	1	12	22	156.29	-368.20	2616	7
4	212	1	0	4	72	0.00	0.00	1360	6
4	213	1	1	12	21	149.84	-370.87	2101	7
4	214	1	1	12	11	-391.26	-83.16	1219	7
4	215	1	1	4	44	282.84	-282.84	1611	7
4	216	1	0	4	72	0.00	0.00	1514	6
4	217	1	0	8	17	0.00	0.00	3193	6
4	218	1	0	8	4	0.00	0.00	2816	6
4	219	1	1	4	13	96.77	-388.12	1207	7
4	220	1	0	4	39	0.00	0.00	1461	6
4	221	1	1	4	57	211.97	339.22	1142	7
4	222	1	0	8	12	0.00	0.00	3820	6
4	223	1	0	12	25	0.00	0.00	5103	6
4	224	1	1	12	1	-339.22	-211.97	3125	7
4	225	1	0	12	12	0.00	0.00	4630	6
4	226	1	0	12	17	0.00	0.00	4910	6
4	227	1	1	12	10	-392.65	-76.32	3419	7
4	228	1	1	12	8	251.73	-310.86	2041	7
4	229	1	0	4	62	0.00	0.00	1503	6
4	230	1	1	12	1	13.96	-399.76	2693	7
4	231	1	1	8	38	-251.73	310.86	1264	7
4	232	1	0	12	16	0.00	0.00	6033	6
4	233	1	0	4	83	0.00	0.00	1843	6
4	234	1	1	8	16	-353.18	187.79	1316	7
4	235	1	0	4	81	0.00	0.00	1703	6
4	236	1	1	4	65	365.42	-162.69	1597	7
4	237	1	1	8	12	89.98	-389.75	2015	7
4	238	1	1	4	36	-319.45	-240.73	1858	7
4	239	1	1	12	20	-395.08	62.57	3720	7
4	240	1	1	8	31	211.97	-339.22	2199	7
4	241	3	0	8	12	0.00	0.00	1347	6
4	242	3	1	4	15	110.25	-384.50	1294	7
4	243	3	1	12	8	-143.35	-373.43	2020	7
4	244	3	0	4	67	0.00	0.00	1169	6
4	245	3	0	4	9	0.00	0.00	1089	6
4	246	3	1	4	77	391.26	-83.16	1178	7
4	247	3	0	4	21	0.00	0.00	1464	6
4	248	3	0	8	28	0.00	0.00	1725	6
4	249	3	1	8	11	391.26	83.16	1220	7
4	250	3	1	8	20	143.35	-373.43	915	7
4	251	3	0	4	89	0.00	0.00	927	6
4	252	3	1	4	20	143.35	-373.43	794	7
4	253	3	1	4	73	384.50	-110.25	900	7
4	254	3	0	12	15	0.00	0.00	2221	6
4	255	3	1	12	22	240.73	319.45	1005	7
4	256	3	1	12	1	-13.96	399.76	850	7
4	257	3	1	8	10	76.32	-392.65	783	7
4	258	3	1	4	57	-211.97	-339.22	796	7
4	259	3	0	8	15	0.00	0.00	2695	6
4	260	3	0	4	81	0.00	0.00	1146	6
4	261	3	1	8	40	301.88	262.42	754	7
4	262	3	1	4	64	-362.52	169.05	842	7
4	263	3	1	12	16	-389.75	89.98	1162	7
4	264	3	1	4	6	397.02	48.75	779	7
4	265	3	1	8	41	-297.26	-267.65	864	7
4	266	3	1	12	9	-257.12	306.42	806	7
4	267	3	0	12	29	0.00	0.00	3379	6
4	268	3	0	8	18	0.00	0.00	1966	6
4	269	3	0	8	8	0.00	0.00	1716	6
4	270	3	0	4	5	0.00	0.00	1163	6
4	271	3	0	12	11	0.00	0.00	2257	6
4	272	3	1	12	3	-359.52	175.35	776	7
4	273	3	1	4	89	-400.00	0.00	1244	7
4	274	3	1	4	8	-62.57	395.08	840	7
4	275	3	0	4	12	0.00	0.00	969	6
4	276	3	0	12	16	0.00	0.00	2785	6
4	277	3	0	4	59	0.00	0.00	1169	6
4	278	3	0	4	17	0.00	0.00	1279	6
4	279	3	1	8	8	-62.57	395.08	848	7
4	280	3	0	4	1	0.00	0.00	863	6
4	281	3	1	12	22	-368.20	-156.29	3096	7
4	282	3	0	8	4	0.00	0.00	1867	6
4	283	3	1	12	25	-175.35	359.52	864	7
4	284	3	0	8	39	0.00	0.00	2434	6
4	285	3	0	8	1	0.00	0.00	1550	6
4	286	3	1	8	7	-396.11	-55.67	1710	7
4	287	3	0	12	10	0.00	0.00	3280	6
4	288	3	1	12	15	-287.74	277.86	1233	7
4	289	3	1	8	2	20.93	-399.45	1280	7
4	290	3	0	8	44	0.00	0.00	2433	6
4	291	3	1	8	25	378.21	-130.23	925	7
4	292	3	1	12	15	388.12	-96.77	1357	7
4	293	3	1	4	60	193.92	349.85	772	7
4	294	3	0	4	63	0.00	0.00	1263	6
4	295	3	0	4	6	0.00	0.00	1245	6
4	296	3	0	12	9	0.00	0.00	2890	6
4	297	3	0	12	17	0.00	0.00	2071	6
4	298	3	1	12	16	382.52	116.95	974	7
4	299	3	1	4	18	378.21	130.23	1047	7
4	300	3	0	4	49	0.00	0.00	1176	6
4	301	3	0	8	10	0.00	0.00	2246	6
4	302	3	1	12	9	393.92	69.46	1106	7
4	303	3	0	12	22	0.00	0.00	2029	6
4	304	3	1	4	47	297.26	-267.65	932	7
4	305	3	0	4	80	0.00	0.00	863	6
4	306	3	1	12	18	-378.21	-130.23	2134	7
4	307	3	1	4	68	-143.35	-373.43	903	7
4	308	3	0	12	25	0.00	0.00	3048	6
4	309	3	1	8	13	206.02	342.87	833	7
4	310	3	1	12	0	399.94	6.98	1482	7
4	311	3	0	8	14	0.00	0.00	1327	6
4	312	3	1	4	88	-6.98	-399.94	976	7
4	313	3	0	12	22	0.00	0.00	2287	6
4	314	3	1	4	47	297.26	-267.65	772	7
4	315	3	0	12	1	0.00	0.00	3527	6
4	316	3	0	4	6	0.00	0.00	920	6
4	317	3	1	12	13	-96.77	388.12	762	7
4	318	3	0	12	23	0.00	0.00	2505	6
4	319	3	0	4	16	0.00	0.00	845	6
4	320	3	0	8	23	0.00	0.00	1580	6
4	321	3	1	12	8	62.57	-395.08	827	7
4	322	3	0	12	14	0.00	0.00	1524	6
4	323	3	1	8	7	396.11	55.67	763	7
4	324	3	1	4	53	323.61	-235.11	753	7
4	325	3	1	4	5	-41.81	397.81	1220	7
4	326	3	0	8	29	0.00	0.00	1192	6
4	327	3	1	12	9	393.92	69.46	779	7
4	328	3	0	4	37	0.00	0.00	780	6
4	329	3	1	8	26	380.42	-123.61	1116	7
4	330	3	1	4	1	13.96	-399.76	913	7
4	331	3	0	12	10	0.00	0.00	2352	6
4	332	3	1	4	15	384.50	110.25	843	7
4	333	3	1	4	22	156.29	-368.20	927	7
4	334	3	1	8	39	-257.12	306.42	1020	7
4	335	3	0	12	25	0.00	0.00	2474	6
4	336	3	1	8	5	251.73	310.86	834	7
4	337	3	0	12	26	0.00	0.00	2039	6
4	338	3	1	12	7	246.26	-315.20	735	7
4	339	3	0	8	16	0.00	0.00	2385	6
4	340	3	1	12	15	-277.86	-287.74	1734	7
4	341	3	1	8	14	200.00	346.41	712	7
4	342	3	0	8	7	0.00	0.00	1464	6
4	343	3	1	8	16	-187.79	-353.18	1739	7
4	344	3	0	12	28	0.00	0.00	2829	6
4	345	3	1	8	29	200.00	-346.41	1035	7
4	346	3	0	8	2	0.00	0.00	2009	6
4	347	3	0	8	38	0.00	0.00	1162	6
4	348	3	0	12	18	0.00	0.00	1602	6
4	349	3	0	12	18	0.00	0.00	3237	6
4	350	3	0	4	80	0.00	0.00	995	6
4	351	3	1	8	30	96.77	388.12	744	7
4	352	3	0	8	2	0.00	0.00	1811	6
4	353	3	0	4	9	0.00	0.00	1028	6
4	354	3	0	4	81	0.00	0.00	1028	6
4	355	3	1	8	29	-386.37	103.53	1336	7
4	356	3	0	8	2	0.00	0.00	2366	6
4	357	3	1	8	41	267.65	-297.26	1079	7
4	358	3	0	12	14	0.00	0.00	3527	6
4	359	3	1	12	22	368.20	156.29	772	7
4	360	3	0	8	15	0.00	0.00	2410	6
4	361	0	0	8	39	0.00	0.00	4695	6
4	362	0	0	4	8	0.00	0.00	3066	6
4	363	0	1	12	9	-257.12	306.42	4734	7
4	364	0	0	4	20	0.00	0.00	2769	6
4	365	0	0	8	36	0.00	0.00	4499	6
4	366	0	0	8	24	0.00	0.00	4600	6
4	367	0	0	8	9	0.00	0.00	4171	6
4	368	0	0	12	1	0.00	0.00	5862	6
4	369	0	1	4	89	-0.00	-400.00	2869	7
4	370	0	1	4	50	-251.73	-310.86	1893	7
4	371	0	1	12	17	-83.16	-391.26	2505	7
4	372	0	1	12	21	370.87	149.84	5378	7
4	373	0	1	8	29	-346.41	-200.00	2722	7
4	374	0	0	8	11	0.00	0.00	3870	6
4	375	0	1	12	13	384.50	-110.25	6386	7
4	376	0	1	4	88	-399.94	6.98	1648	7
4	377	0	0	8	27	0.00	0.00	4428	6
4	378	0	0	8	11	0.00	0.00	4669	6
4	379	0	1	12	24	34.86	398.48	5961	7
4	380	0	1	8	28	193.92	-349.85	5257	7
4	381	0	1	8	36	-240.73	319.45	1851	7
4	382	0	1	4	17	380.42	123.61	3212	7
4	383	0	1	4	55	223.68	331.62	2836	7
4	384	0	1	12	29	-0.00	-400.00	5770	7
4	385	0	0	12	3	0.00	0.00	7361	6
4	386	0	1	4	52	319.45	-240.73	2496	7
4	387	0	0	4	34	0.00	0.00	2635	6
4	388	0	1	8	35	323.61	235.11	5174	7
4	389	0	1	8	14	-346.41	200.00	1598	7
4	390	0	1	4	45	277.86	287.74	3003	7
4	391	0	0	8	35	0.00	0.00	4301	6
4	392	0	1	8	8	-62.57	395.08	4279	7
4	393	0	0	8	41	0.00	0.00	3917	6
4	394	0	1	4	16	-382.52	-116.95	1463	7
4	395	0	1	8	38	251.73	-310.86	2571	7
4	396	0	0	4	83	0.00	0.00	2547	6
4	397	0	1	12	27	-399.76	13.96	2709	7
4	398	0	0	12	8	0.00	0.00	7116	6
4	399	0	0	4	29	0.00	0.00	2770	6
4	400	0	0	4	52	0.00	0.00	2668	6
4	401	0	1	12	1	-13.96	399.76	6198	7
4	402	0	1	12	14	-282.84	282.84	3548	7
4	403	0	0	4	13	0.00	0.00	3424	6
4	404	0	1	12	8	-251.73	310.86	1349	7
4	405	0	0	8	16	0.00	0.00	4357	6
4	406	0	1	8	30	388.12	-96.77	3146	7
4	407	0	1	4	70	-130.23	-378.21	1457	7
4	408	0	1	8	20	-373.43	-143.35	1727	7
4	409	0	1	4	26	356.40	181.60	2151	7
4	410	0	0	12	17	0.00	0.00	7348	6
4	411	0	1	8	28	-384.50	110.25	1558	7
4	412	0	1	8	22	368.20	156.29	3454	7
4	413	0	1	8	12	-89.98	389.75	1610	7
4	414	0	1	4	3	399.03	27.90	2895	7
4	415	0	1	8	43	399.94	-6.98	3669	7
4	416	0	0	12	1	0.00	0.00	7405	6
4	417	0	0	12	0	0.00	0.00	7945	6
4	418	0	0	4	13	0.00	0.00	3279	6
4	419	0	0	8	42	0.00	0.00	4740	6
4	420	0	0	12	23	0.00	0.00	7375	6
4	421	0	1	4	65	365.42	-162.69	3056	7
4	422	0	0	8	4	0.00	0.00	3877	6
4	423	0	0	12	23	0.00	0.00	7776	6
4	424	0	0	4	72	0.00	0.00	2529	6
4	425	0	0	4	0	0.00	0.00	2185	6
4	426	0	0	12	2	0.00	0.00	5682	6
4	427	0	0	12	2	0.00	0.00	6469	6
4	428	0	1	12	5	-235.11	323.61	1540	7
4	429	0	1	8	40	-27.90	-399.03	4032	7
4	430	0	1	4	89	0.00	400.00	2302	6
4	431	0	1	8	37	397.02	-48.75	4421	7
4	432	0	1	12	12	389.75	89.98	1838	7
4	433	0	0	4	45	0.00	0.00	2438	6
4	434	0	1	8	39	-257.12	306.42	1477	7
4	435	0	0	4	64	0.00	0.00	2202	6
4	436	0	1	8	6	246.26	315.20	5863	7
4	437	0	0	12	0	0.00	0.00	6554	6
4	438	0	1	12	6	240.73	-319.45	3774	7
4	439	0	0	4	33	0.00	0.00	2553	6
4	440	0	0	8	43	0.00	0.00	3677	6
4	441	0	0	12	19	0.00	0.00	5454	6
4	442	0	0	12	10	0.00	0.00	5524	6
4	443	0	0	12	8	0.00	0.00	9754	6
4	444	0	0	8	5	0.00	0.00	3643	6
4	445	0	1	8	0	-287.74	277.86	1673	7
4	446	0	1	8	21	370.87	149.84	5110	7
4	447	0	0	4	44	0.00	0.00	2271	6
4	448	0	0	8	44	0.00	0.00	3354	6
4	449	0	0	4	37	0.00	0.00	2259	6
4	450	0	1	4	42	-292.54	-272.80	2355	7
4	451	0	1	12	5	397.81	41.81	4061	7
4	452	0	1	12	7	246.26	-315.20	5491	7
4	453	0	0	4	87	0.00	0.00	2560	6
4	454	0	0	12	5	0.00	0.00	8816	6
4	455	0	1	4	20	-373.43	-143.35	1641	7
4	456	0	0	12	25	0.00	0.00	6762	6
4	457	0	0	4	2	0.00	0.00	2468	6
4	458	0	1	12	24	-34.86	-398.48	7031	6
4	459	0	0	12	12	0.00	0.00	6357	6
4	460	0	0	12	22	0.00	0.00	7257	6
4	461	0	1	4	27	187.79	-353.18	3810	7
4	462	0	1	12	24	327.66	-229.43	11737	7
4	463	0	0	8	18	0.00	0.00	4518	6
4	464	0	1	4	33	223.68	-331.62	2205	7
4	465	0	1	8	4	257.12	306.42	7314	7
4	466	0	1	12	14	-103.53	-386.37	6941	7
4	467	0	0	8	30	0.00	0.00	8920	6
4	468	0	0	4	81	0.00	0.00	2605	6
4	469	0	0	8	17	0.00	0.00	4939	6
4	470	0	0	12	26	0.00	0.00	7787	6
4	471	0	0	4	17	0.00	0.00	2552	6
4	472	0	1	4	81	-55.67	-396.11	3188	7
4	473	0	0	8	0	0.00	0.00	4537	6
4	474	0	0	8	19	0.00	0.00	6593	6
4	475	0	1	12	5	-397.81	-41.81	3047	7
4	476	0	0	12	21	0.00	0.00	6662	6
4	477	0	1	4	18	378.21	130.23	2622	7
4	478	0	0	4	53	0.00	0.00	2535	6
4	479	0	1	4	63	359.52	-175.35	2897	7
4	480	0	1	12	22	-156.29	368.20	12388	7
