blk	trl	target	search	nitems	rot_offset	tpos_x	tpos_y	rt	button
4	1	0	0	4	17	0.00	0.00	2293	6
4	2	0	1	4	16	382.52	116.95	2344	7
4	3	0	1	8	38	397.81	-41.81	3151	7
4	4	0	1	8	13	342.87	-206.02	3152	7
4	5	0	1	8	29	-200.00	346.41	2819	7
4	6	0	0	4	45	0.00	0.00	2115	6
4	7	0	1	4	11	391.26	83.16	1815	7
4	8	0	0	4	49	0.00	0.00	2433	6
4	9	0	1	12	12	272.80	-292.54	4230	7
4	10	0	1	8	40	-262.42	301.88	1561	7
4	11	0	0	4	19	0.00	0.00	2123	6
4	12	0	0	12	2	0.00	0.00	5063	6
4	13	0	0	12	21	0.00	0.00	5324	6
4	14	0	1	12	23	-365.42	-162.69	1669	7
4	15	0	1	4	30	206.02	-342.87	2216	7
4	16	0	0	8	32	0.00	0.00	3363	6
4	17	0	0	12	24	0.00	0.00	5019	6
4	18	0	1	4	54	229.43	327.66	1878	7
4	19	0	1	8	41	-267.65	297.26	1414	7
4	20	0	1	4	25	175.35	-359.52	2222	7
4	21	0	0	4	43	0.00	0.00	2176	6
4	22	0	0	4	52	0.00	0.00	2104	6
4	23	0	0	8	19	0.00	0.00	3521	6
4	24	0	1	4	32	-217.86	335.47	1982	7
4	25	0	0	12	8	0.00	0.00	5090	6
4	26	0	0	8	4	0.00	0.00	4226	6
4	27	0	1	12	8	251.73	-310.86	4658	7
4	28	0	0	4	22	0.00	0.00	2008	6
4	29	0	1	12	20	143.35	-373.43	4350	7
4	30	0	1	4	78	392.65	-76.32	1762	7
4	31	0	1	8	23	-162.69	365.42	2089	7
4	32	0	0	4	22	0.00	0.00	1883	6
4	33	0	0	8	39	0.00	0.00	3857	6
4	34	0	1	12	9	393.92	69.46	3355	7
4	35	0	0	8	8	0.00	0.00	3572	6
4	36	0	1	12	22	-156.29	368.20	2014	7
4	37	0	1	8	21	-368.20	156.29	1293	7
4	38	0	0	4	76	0.00	0.00	2105	6
4	39	0	0	12	20	0.00	0.00	5872	6
4	40	0	1	8	10	-76.32	392.65	1793	7
4	41	0	1	4	23	-365.42	-162.69	1814	7
4	42	0	1	4	49	257.12	306.42	1973	7
4	43	0	1	4	60	193.92	349.85	1537	7
4	44	0	0	4	38	0.00	0.00	2594	6
4	45	0	1	8	17	-123.61	380.42	1784	7
4	46	0	1	8	44	-0.00	-400.00	3048	7
4	47	0	1	4	10	-76.32	392.65	1745	7
4	48	0	0	12	29	0.00	0.00	5534	6
4	49	0	0	4	58	0.00	0.00	2504	6
4	50	0	1	4	40	301.88	262.42	1447	7
4	51	0	1	12	16	272.80	292.54	2841	7
4	52	0	0	12	7	0.00	0.00	4775	6
4	53	0	0	4	88	0.00	0.00	2099	6
4	54	0	0	8	1	0.00	0.00	3678	6
4	55	0	1	4	1	399.76	13.96	1841	7
4	56	0	1	12	18	-392.65	76.32	1473	7
4	57	0	0	8	25	0.00	0.00	3449	6
4	58	0	0	4	21	0.00	0.00	2039	6
4	59	0	1	4	6	-397.02	-48.75	1428	7
4	60	0	1	8	38	251.73	-310.86	2843	7
4	61	0	0	8	32	0.00	0.00	3592	6
4	62	0	1	8	21	-370.87	-149.84	1480	7
4	63	0	0	12	0	0.00	0.00	5188	6
4	64	0	0	4	56	0.00	0.00	2077	6
4	65	0	1	4	35	323.61	235.11	1821	7
4	66	0	0	12	25	0.00	0.00	4666	6
4	67	0	1	12	29	400.00	-0.00	4237	7
4	68	0	1	8	40	301.88	262.42	2763	7
4	69	0	0	4	87	0.00	0.00	1783	6
4	70	0	0	8	39	0.00	0.00	3109	6
4	71	0	0	8	37	0.00	0.00	3487	6
4	72	0	1	8	6	315.20	-246.26	2604	7
4	73	0	0	12	20	0.00	0.00	4464	6
4	74	0	1	12	15	96.77	388.12	2619	7
4	75	0	0	8	32	0.00	0.00	3624	6
4	76	0	0	12	11	0.00	0.00	5314	6
4	77	0	0	12	25	0.00	0.00	6058	6
4	78	0	1	12	17	-380.42	-123.61	1666	7
4	79	0	1	8	19	136.81	-375.88	3224	7
4	80	0	1	12	10	392.65	76.32	3612	7
4	81	0	0	12	20	0.00	0.00	5337	6
4	82	0	1	4	54	229.43	327.66	1325	7
4	83	0	0	8	13	0.00	0.00	3921	6
4	84	0	1	12	1	-339.22	-211.97	5021	6
4	85	0	1	8	29	-386.37	103.53	1433	7
4	86	0	0	12	9	0.00	0.00	4632	6
4	87	0	1	8	6	397.02	48.75	2422	7
4	88	0	0	12	1	0.00	0.00	4500	6
4	89	0	1	8	44	-400.00	0.00	1782	7
4	90	0	1	12	4	362.52	-169.05	3574	7
4	91	0	0	4	21	0.00	0.00	2360	6
4	92	0	1	4	84	-34.86	-398.48	2129	6
4	93	0	1	12	21	396.11	-55.67	3638	7
4	94	0	0	8	30	0.00	0.00	3309	6
4	95	0	0	12	7	0.00	0.00	4994	6
4	96	0	1	12	19	-69.46	-393.92	5627	7
4	97	0	0	8	38	0.00	0.00	4162	6
4	98	0	1	4	49	306.42	-257.12	2553	7
4	99	0	1	8	22	-149.84	-370.87	3846	7
4	100	0	1	4	79	-69.46	-393.92	2521	7
4	101	0	0	8	24	0.00	0.00	5762	6
4	102	0	1	8	14	386.37	103.53	2306	7
4	103	0	0	8	27	0.00	0.00	3189	6
4	104	0	0	4	67	0.00	0.00	1974	6
4	105	0	0	8	27	0.00	0.00	3302	6
4	106	0	0	4	70	0.00	0.00	2618	6
4	107	0	0	12	7	0.00	0.00	5761	6
4	108	0	0	8	15	0.00	0.00	3607	6
4	109	0	1	12	0	206.02	-342.87	4371	7
4	110	0	1	12	22	-240.73	-319.45	4998	6
4	111	0	0	4	78	0.00	0.00	2207	6
4	112	0	0	12	20	0.00	0.00	5915	6
4	113	0	1	12	20	-373.43	-143.35	5060	6
4	114	0	0	4	75	0.00	0.00	2126	6
4	115	0	0	12	18	0.00	0.00	4789	6
4	116	0	1	12	21	-55.67	-396.11	4329	7
4	117	0	0	12	21	0.00	0.00	5302	6
4	118	0	0	8	37	0.00	0.00	3494	6
4	119	0	0	8	31	0.00	0.00	4081	6
4	120	0	1	4	58	-342.87	206.02	1420	7
4	121	3	1	8	40	-301.88	-262.42	679	7
4	122	3	0	8	33	0.00	0.00	759	6
4	123	3	1	12	6	-397.02	-48.75	1131	7
4	124	3	0	4	88	0.00	0.00	889	6
4	125	3	1	4	11	-391.26	-83.16	651	7
4	126	3	0	8	11	0.00	0.00	766	6
4	127	3	1	12	16	-389.75	89.98	576	7
4	128	3	1	12	25	223.68	331.62	764	7
4	129	3	1	8	17	181.60	356.40	768	7
4	130	3	0	12	27	0.00	0.00	789	6
4	131	3	0	12	27	0.00	0.00	1025	6
4	132	3	1	4	70	378.21	-130.23	577	7
4	133	3	1	8	24	-362.52	-169.05	617	7
4	134	3	0	8	30	0.00	0.00	980	6
4	135	3	1	8	35	395.08	-62.57	531	7
4	136	3	1	8	12	389.75	89.98	601	7
4	137	3	1	12	12	-292.54	-272.80	786	7
4	138	3	0	4	16	0.00	0.00	742	6
4	139	3	1	4	55	223.68	331.62	589	7
4	140	3	0	12	10	0.00	0.00	867	6
4	141	3	1	8	31	339.22	211.97	585	7
4	142	3	1	12	19	136.81	-375.88	587	7
4	143	3	0	12	25	0.00	0.00	725	6
4	144	3	1	12	16	-382.52	-116.95	923	7
4	145	3	1	12	19	-69.46	-393.92	747	7
4	146	3	0	8	28	0.00	0.00	756	6
4	147	3	0	12	20	0.00	0.00	893	6
4	148	3	0	8	28	0.00	0.00	729	6
4	149	3	0	8	16	0.00	0.00	685	6
4	150	3	0	12	17	0.00	0.00	635	6
4	151	3	1	12	12	389.75	89.98	601	7
4	152	3	0	4	42	0.00	0.00	569	6
4	153	3	0	4	32	0.00	0.00	786	6
4	154	3	0	4	78	0.00	0.00	598	6
4	155	3	0	12	28	0.00	0.00	891	6
4	156	3	1	4	26	181.60	-356.40	747	7
4	157	3	0	12	22	0.00	0.00	650	6
4	158	3	0	12	15	0.00	0.00	1214	6
4	159	3	0	4	28	0.00	0.00	570	6
4	160	3	1	8	35	395.08	-62.57	434	7
4	161	3	0	4	0	0.00	0.00	526	6
4	162	3	0	8	41	0.00	0.00	598	6
4	163	3	0	8	6	0.00	0.00	552	6
4	164	3	0	4	65	0.00	0.00	433	6
4	165	3	0	4	58	0.00	0.00	574	6
4	166	3	1	4	6	48.75	-397.02	567	7
4	167	3	1	4	19	136.81	-375.88	498	7
4	168	3	1	4	18	378.21	130.23	498	7
4	169	3	0	4	27	0.00	0.00	560	7
4	170	3	0	8	36	0.00	0.00	917	6
4	171	3	0	8	42	0.00	0.00	540	6
4	172	3	1	8	6	315.20	-246.26	507	7
4	173	3	0	4	10	0.00	0.00	622	6
4	174	3	1	4	34	229.43	-327.66	558	7
4	175	3	0	4	79	0.00	0.00	527	6
4	176	3	1	8	9	-393.92	-69.46	907	7
4	177	3	1	4	56	335.47	-217.86	598	7
4	178	3	0	4	48	0.00	0.00	617	6
4	179	3	0	12	11	0.00	0.00	735	6
4	180	3	1	8	11	391.26	83.16	567	7
4	181	3	1	12	9	-69.46	393.92	647	6
4	182	3	0	12	8	0.00	0.00	1260	6
4	183	3	1	8	16	-187.79	-353.18	597	7
4	184	3	0	8	15	0.00	0.00	1090	6
4	185	3	0	4	54	0.00	0.00	636	6
4	186	3	1	12	9	-306.42	-257.12	597	7
4	187	3	0	4	88	0.00	0.00	588	6
4	188	3	1	8	18	378.21	130.23	585	7
4	189	3	1	4	63	-175.35	-359.52	576	6
4	190	3	1	8	18	359.52	-175.35	868	7
4	191	3	0	12	9	0.00	0.00	682	6
4	192	3	0	8	40	0.00	0.00	700	6
4	193	3	0	12	16	0.00	0.00	674	6
4	194	3	1	4	74	-103.53	-386.37	519	7
4	195	3	1	4	44	-282.84	-282.84	510	6
4	196	3	1	4	57	211.97	339.22	494	7
4	197	3	0	4	57	0.00	0.00	940	6
4	198	3	0	12	17	0.00	0.00	811	6
4	199	3	1	12	13	-287.74	-277.86	548	7
4	200	3	0	8	12	0.00	0.00	941	6
4	201	3	1	4	39	-257.12	306.42	549	7
4	202	3	0	4	34	0.00	0.00	801	6
4	203	3	1	4	56	-217.86	-335.47	599	7
4	204	3	0	12	26	0.00	0.00	836	6
4	205	3	0	8	0	0.00	0.00	1051	6
4	206	3	1	12	2	-399.45	-20.93	538	7
4	207	3	1	4	24	169.05	-362.52	550	7
4	208	3	1	8	22	149.84	370.87	879	7
4	209	3	1	12	18	-76.32	-392.65	798	7
4	210	3	1	4	81	-396.11	55.67	614	7
4	211	3	1	12	12	-116.95	-382.52	537	7
4	212	3	1	12	6	368.20	-156.29	856	7
4	213	3	1	8	22	156.29	-368.20	730	7
4	214	3	0	12	21	0.00	0.00	911	6
4	215	3	0	8	35	0.00	0.00	682	6
4	216	3	0	8	7	0.00	0.00	577	6
4	217	3	1	4	31	211.97	-339.22	573	7
4	218	3	0	4	0	0.00	0.00	609	6
4	219	3	0	12	15	0.00	0.00	649	6
4	220	3	1	8	15	384.50	110.25	570	7
4	221	3	1	4	32	-217.86	335.47	679	7
4	222	3	0	12	2	0.00	0.00	906	6
4	223	3	1	4	72	382.52	-116.95	504	7
4	224	3	1	8	6	246.26	315.20	541	7
4	225	3	0	4	61	0.00	0.00	612	6
4	226	3	0	8	43	0.00	0.00	728	6
4	227	3	1	8	16	353.18	-187.79	621	7
4	228	3	1	12	14	-282.84	282.84	767	7
4	229	3	1	12	22	368.20	156.29	678	7
4	230	3	0	12	0	0.00	0.00	997	6
4	231	3	1	8	6	246.26	315.20	543	7
4	232	3	0	4	50	0.00	0.00	575	6
4	233	3	1	12	22	240.73	319.45	603	7
4	234	3	1	12	20	143.35	-373.43	888	7
4	235	3	1	12	9	257.12	-306.42	552	7
4	236	3	0	8	11	0.00	0.00	759	6
4	237	3	0	8	5	0.00	0.00	1143	6
4	238	3	0	8	19	0.00	0.00	883	6
4	239	3	1	8	30	-206.02	342.87	692	7
4	240	3	0	12	8	0.00	0.00	907	6
4	241	2	1	4	33	223.68	-331.62	1162	7
4	242	2	1	12	10	-378.21	130.23	2634	7
4	243	2	1	4	9	-393.92	-69.46	1240	7
4	244	2	1	12	16	382.52	116.95	1725	7
4	245	2	1	12	10	262.42	-301.88	2191	7
4	246	2	0	8	38	0.00	0.00	2289	6
4	247	2	0	12	11	0.00	0.00	2861	6
4	248	2	0	4	74	0.00	0.00	1687	6
4	249	2	0	8	28	0.00	0.00	1710	6
4	250	2	0	12	12	0.00	0.00	3270	6
4	251	2	0	12	24	0.00	0.00	2774	6
4	252	2	1	12	10	-262.42	301.88	1010	7
4	253	2	1	4	79	69.46	393.92	915	7
4	254	2	0	4	37	0.00	0.00	1207	6
4	255	2	0	12	8	0.00	0.00	2244	6
4	256	2	0	4	82	0.00	0.00	1102	6
4	257	2	1	4	32	-335.47	-217.86	1137	7
4	258	2	1	8	26	380.42	-123.61	1439	7
4	259	2	1	8	13	206.02	342.87	1097	7
4	260	2	0	4	3	0.00	0.00	1678	6
4	261	2	1	12	22	397.02	-48.75	1247	7
4	262	2	0	4	48	0.00	0.00	929	6
4	263	2	1	4	14	103.53	-386.37	1165	7
4	264	2	1	8	22	370.87	-149.84	1261	7
4	265	2	0	4	45	0.00	0.00	1302	6
4	266	2	1	8	22	156.29	-368.20	1512	7
4	267	2	0	4	43	0.00	0.00	1928	6
4	268	2	0	12	26	0.00	0.00	2696	6
4	269	2	1	12	28	342.87	-206.02	1577	7
4	270	2	1	12	6	48.75	-397.02	2759	7
4	271	2	1	8	6	315.20	-246.26	1588	7
4	272	2	0	4	70	0.00	0.00	1627	6
4	273	2	0	8	18	0.00	0.00	2258	6
4	274	2	1	8	36	240.73	-319.45	1996	7
4	275	2	0	8	22	0.00	0.00	2345	6
4	276	2	0	4	9	0.00	0.00	1592	6
4	277	2	0	12	24	0.00	0.00	2786	6
4	278	2	0	8	1	0.00	0.00	1869	6
4	279	2	1	12	12	-389.75	-89.98	732	7
4	280	2	1	12	11	-391.26	-83.16	807	7
4	281	2	1	8	6	246.26	315.20	1051	7
4	282	2	0	12	28	0.00	0.00	1753	6
4	283	2	1	4	30	342.87	206.02	891	7
4	284	2	1	4	26	-356.40	-181.60	1192	7
4	285	2	1	8	31	389.75	-89.98	1021	7
4	286	2	1	4	65	365.42	-162.69	641	7
4	287	2	1	8	35	395.08	-62.57	891	7
4	288	2	0	4	7	0.00	0.00	825	6
4	289	2	0	12	16	0.00	0.00	2911	6
4	290	2	0	12	4	0.00	0.00	2567	6
4	291	2	0	8	16	0.00	0.00	1957	6
4	292	2	1	8	28	-349.85	-193.92	729	7
4	293	2	0	4	75	0.00	0.00	1307	6
4	294	2	1	12	13	110.25	384.50	1054	7
4	295	2	0	12	28	0.00	0.00	2040	6
4	296	2	0	12	28	0.00	0.00	1949	6
4	297	2	1	12	23	-162.69	365.42	957	7
4	298	2	0	12	18	0.00	0.00	1986	6
4	299	2	0	4	34	0.00	0.00	1281	6
4	300	2	0	8	32	0.00	0.00	1504	6
4	301	2	0	8	40	0.00	0.00	1567	6
4	302	2	1	4	87	-13.96	-399.76	1202	6
4	303	2	0	8	31	0.00	0.00	1630	6
4	304	2	0	8	37	0.00	0.00	1597	6
4	305	2	1	8	19	-169.05	-362.52	1791	7
4	306	2	0	8	7	0.00	0.00	1688	6
4	307	2	0	4	50	0.00	0.00	1126	6
4	308	2	0	8	25	0.00	0.00	1462	6
4	309	2	1	8	9	-327.66	229.43	1062	7
4	310	2	0	12	6	0.00	0.00	2289	6
4	311	2	1	4	82	-397.02	48.75	897	7
4	312	2	0	4	73	0.00	0.00	1530	6
4	313	2	0	8	26	0.00	0.00	1795	6
4	314	2	1	4	73	110.25	384.50	733	7
4	315	2	1	12	22	156.29	-368.20	1822	7
4	316	2	0	4	33	0.00	0.00	1256	6
4	317	2	1	12	6	397.02	48.75	975	7
4	318	2	0	12	15	0.00	0.00	2438	6
4	319	2	1	8	20	143.35	-373.43	1698	7
4	320	2	1	12	1	339.22	211.97	1230	7
4	321	2	0	4	11	0.00	0.00	1545	6
4	322	2	1	4	37	-315.20	-246.26	713	7
4	323	2	0	12	9	0.00	0.00	1635	6
4	324	2	1	4	45	-277.86	-287.74	1029	7
4	325	2	0	8	42	0.00	0.00	2117	6
4	326	2	0	12	29	0.00	0.00	2747	6
4	327	2	0	12	16	0.00	0.00	2296	6
4	328	2	1	12	7	55.67	-396.11	2478	7
4	329	2	0	12	12	0.00	0.00	2431	6
4	330	2	1	4	81	-396.11	55.67	865	7
4	331	2	1	8	30	388.12	-96.77	1507	7
4	332	2	1	4	33	331.62	223.68	878	7
4	333	2	0	8	5	0.00	0.00	1667	6
4	334	2	1	4	35	-235.11	323.61	818	7
4	335	2	1	8	27	116.95	382.52	1121	7
4	336	2	1	12	0	-399.94	-6.98	572	7
4	337	2	0	8	37	0.00	0.00	1922	6
4	338	2	0	8	17	0.00	0.00	1777	6
4	339	2	0	8	24	0.00	0.00	1719	6
4	340	2	0	12	26	0.00	0.00	1609	6
4	341	2	0	4	68	0.00	0.00	1044	6
4	342	2	0	4	44	0.00	0.00	1084	6
4	343	2	1	8	13	342.87	-206.02	1563	7
4	344	2	0	8	20	0.00	0.00	1348	6
4	345	2	1	8	17	-380.42	-123.61	881	7
4	346	2	0	4	60	0.00	0.00	1381	6
4	347	2	1	8	27	-353.18	-187.79	1075	7
4	348	2	1	8	38	-41.81	-397.81	1767	7
4	349	2	1	4	10	-76.32	392.65	951	7
4	350	2	1	12	5	365.42	-162.69	1389	7
4	351	2	1	12	7	-370.87	149.84	646	7
4	352	2	0	4	89	0.00	0.00	1083	6
4	353	2	0	12	26	0.00	0.00	1560	6
4	354	2	1	8	5	310.86	-251.73	1018	7
4	355	2	0	8	42	0.00	0.00	2353	6
4	356	2	1	4	37	246.26	-315.20	550	7
4	357	2	1	4	62	356.40	-181.60	621	7
4	358	2	1	12	25	-27.90	-399.03	1552	7
4	359	2	1	4	7	-396.11	-55.67	880	7
4	360	2	1	12	6	397.02	48.75	1001	7
4	361	1	0	8	23	0.00	0.00	3414	6
4	362	1	1	4	10	76.32	-392.65	1584	6
4	363	1	1	12	0	-206.02	342.87	1390	7
4	364	1	0	12	13	0.00	0.00	4581	6
4	365	1	0	8	36	0.00	0.00	2566	6
4	366	1	1	12	9	393.92	69.46	2336	7
4	367	1	0	12	0	0.00	0.00	4559	6
4	368	1	1	4	33	331.62	223.68	2192	7
4	369	1	1	4	19	-375.88	-136.81	2231	6
4	370	1	1	12	22	-48.75	-397.02	3307	7
4	371	1	0	12	14	0.00	0.00	5236	6
4	372	1	1	8	31	-211.97	339.22	1294	7
4	373	1	1	4	60	-349.85	193.92	1324	7
4	374	1	0	8	31	0.00	0.00	3140	6
4	375	1	1	4	41	-267.65	297.26	1391	7
4	376	1	1	12	16	89.98	389.75	1744	7
4	377	1	0	12	17	0.00	0.00	4406	6
4	378	1	1	4	76	-89.98	-389.75	1970	7
4	379	1	0	12	18	0.00	0.00	3522	6
4	380	1	0	12	17	0.00	0.00	4264	6
4	381	1	0	8	8	0.00	0.00	3097	6
4	382	1	1	8	21	-368.20	156.29	1205	7
4	383	1	0	8	18	0.00	0.00	2561	6
4	384	1	0	12	14	0.00	0.00	4081	6
4	385	1	0	4	36	0.00	0.00	1793	6
4	386	1	0	12	25	0.00	0.00	4849	6
4	387	1	0	12	26	0.00	0.00	4539	6
4	388	1	1	8	3	-27.90	399.03	1519	7
4	389	1	0	4	36	0.00	0.00	1916	6
4	390	1	1	8	41	-267.65	297.26	1228	7
4	391	1	0	8	35	0.00	0.00	2945	6
4	392	1	0	8	22	0.00	0.00	2444	6
4	393	1	0	8	23	0.00	0.00	3287	6
4	394	1	1	12	1	-187.79	-353.18	4128	7
4	395	1	1	4	58	-206.02	-342.87	1892	7
4	396	1	1	8	42	292.54	272.80	1813	7
4	397	1	1	4	88	6.98	399.94	1282	7
4	398	1	0	12	24	0.00	0.00	4194	6
4	399	1	1	8	10	-331.62	223.68	1187	7
4	400	1	0	12	7	0.00	0.00	4508	6
4	401	1	0	8	2	0.00	0.00	3996	6
4	402	1	0	12	13	0.00	0.00	4207	6
4	403	1	1	4	25	175.35	-359.52	2155	7
4	404	1	1	8	25	130.23	378.21	1844	7
4	405	1	1	4	52	319.45	-240.73	1642	7
4	406	1	0	4	79	0.00	0.00	1683	6
4	407	1	1	8	15	384.50	110.25	2116	7
4	408	1	1	8	22	-149.84	-370.87	2927	7
4	409	1	1	12	2	-356.40	181.60	1158	7
4	410	1	1	12	4	362.52	-169.05	2581	7
4	411	1	0	4	7	0.00	0.00	1810	6
4	412	1	1	4	29	200.00	-346.41	1767	7
4	413	1	0	4	6	0.00	0.00	1800	6
4	414	1	0	4	2	0.00	0.00	1634	6
4	415	1	0	4	72	0.00	0.00	1736	6
4	416	1	1	12	8	-251.73	310.86	1477	7
4	417	1	1	4	13	-388.12	-96.77	1513	7
4	418	1	0	4	61	0.00	0.00	1627	6
4	419	1	0	4	12	0.00	0.00	1560	6
4	420	1	0	12	12	0.00	0.00	3140	6
4	421	1	0	8	25	0.00	0.00	2580	6
4	422	1	1	12	0	-6.98	399.94	1638	7
4	423	1	1	4	43	-287.74	-277.86	1872	7
4	424	1	1	8	24	-375.88	136.81	1345	7
4	425	1	1	4	33	331.62	223.68	1801	7
4	426	1	1	8	25	-378.21	130.23	1626	7
4	427	1	0	8	17	0.00	0.00	2856	6
4	428	1	1	4	84	34.86	398.48	1020	7
4	429	1	1	12	22	397.02	-48.75	2631	7
4	430	1	0	8	36	0.00	0.00	2850	6
4	431	1	1	12	5	-397.81	-41.81	1133	7
4	432	1	0	4	76	0.00	0.00	2121	6
4	433	1	1	8	41	297.26	267.65	1568	7
4	434	1	0	4	76	0.00	0.00	1676	6
4	435	1	1	4	89	0.00	400.00	1227	7
4	436	1	1	12	1	-339.22	-211.97	894	7
4	437	1	0	8	11	0.00	0.00	2615	6
4	438	1	1	12	5	-365.42	162.69	1165	7
4	439	1	0	8	14	0.00	0.00	2533	6
4	440	1	1	8	11	391.26	83.16	1973	7
4	441	1	0	12	7	0.00	0.00	3362	6
4	442	1	1	4	45	277.86	287.74	1129	7
4	443	1	1	8	37	-48.75	-397.02	2480	7
4	444	1	1	12	0	-193.92	-349.85	3963	7
4	445	1	0	8	23	0.00	0.00	3699	6
4	446	1	0	4	48	0.00	0.00	1554	6
4	447	1	0	4	37	0.00	0.00	1731	6
4	448	1	1	12	14	386.37	103.53	2250	7
4	449	1	1	12	0	-206.02	342.87	1585	7
4	450	1	0	12	2	0.00	0.00	4301	6
4	451	1	1	4	65	-162.69	-365.42	1738	6
4	452	1	1	12	25	359.52	175.35	2135	7
4	453	1	0	4	82	0.00	0.00	1714	6
4	454	1	0	4	35	0.00	0.00	2231	6
4	455	1	1	4	15	384.50	110.25	1536	7
4	456	1	1	12	15	96.77	388.12	1653	7
4	457	1	0	8	14	0.00	0.00	2555	6
4	458	1	0	8	28	0.00	0.00	3145	6
4	459	1	0	8	16	0.00	0.00	3371	6
4	460	1	0	4	54	0.00	0.00	1663	6
4	461	1	1	8	0	-277.86	-287.74	2574	6
4	462	1	1	8	22	-368.20	-156.29	2724	7
4	463	1	1	8	5	310.86	-251.73	2679	7
4	464	1	0	12	8	0.00	0.00	3613	6
4	465	1	1	8	20	-162.69	-365.42	3087	7
4	466	1	1	8	15	-349.85	193.92	1325	7
4	467	1	1	4	41	297.26	267.65	1558	7
4	468	1	0	4	68	0.00	0.00	1590	6
4	469	1	1	12	29	-0.00	-400.00	4388	7
4	470	1	0	12	2	0.00	0.00	4551	6
4	471	1	0	12	5	0.00	0.00	3494	6
4	472	1	0	8	40	0.00	0.00	2692	6
4	473	1	0	4	20	0.00	0.00	1634	6
4	474	1	0	4	64	0.00	0.00	1896	6
4	475	1	1	12	20	251.73	310.86	1731	7
4	476	1	0	8	40	0.00	0.00	2813	6
4	477	1	1	8	39	-398.48	34.86	1144	7
4	478	1	0	12	26	0.00	0.00	3497	6
4	479	1	0	4	40	0.00	0.00	1547	6
4	480	1	0	12	2	0.00	0.00	3550	6
