trl_n curr_stim_level search nitems curr_target
1 0 1 12 1
2 0 1 12 2
3 0 0 8 1
4 0 0 8 2
5 0 1 8 1
6 0 1 12 2
7 0 1 4 2
8 0 1 4 1
9 0 1 8 2
10 0 0 4 2
11 0 0 4 2
12 0 1 4 2
13 0 0 12 1
14 0 1 12 1
15 0 1 8 1
16 0 0 8 2
17 0 0 8 1
18 0 0 8 1
19 0 0 8 1
20 0 0 4 1
21 0 1 4 2
22 0 1 4 1
23 0 0 12 1
24 0 0 12 2
25 0 0 12 2
26 0 1 12 2
27 0 1 4 2
28 0 0 12 1
29 0 1 12 2
30 0 1 8 2
31 0 0 12 1
32 0 1 4 1
33 0 0 8 2
34 0 0 12 2
35 0 0 8 1
36 0 1 8 1
37 0 1 4 1
38 0 1 12 1
39 0 1 4 1
40 0 0 12 1
41 0 1 8 1
42 0 1 4 2
43 0 1 4 2
44 0 0 8 2
45 0 0 12 1
46 0 1 12 1
47 0 0 12 2
48 0 1 4 2
49 0 0 4 1
50 0 1 12 1
51 0 1 8 2
52 0 1 12 2
53 0 0 8 2
54 0 0 12 1
55 0 0 12 1
56 0 0 8 2
57 0 1 8 2
58 0 0 12 1
59 0 0 4 2
60 0 0 12 2
61 0 1 4 2
62 0 0 4 1
63 0 0 4 2
64 0 1 4 1
65 0 1 8 1
66 0 0 12 2
67 0 0 4 2
68 0 0 4 2
69 0 0 8 2
70 0 1 8 1
71 0 1 8 1
72 0 0 12 1
73 0 1 8 2
74 0 0 4 1
75 0 1 12 2
76 0 1 8 2
77 0 0 8 1
78 0 0 4 2
79 0 1 12 1
80 0 1 12 1
81 0 1 12 1
82 0 0 8 2
83 0 1 12 2
84 0 0 8 2
85 0 0 8 1
86 0 0 4 1
87 0 1 4 1
88 0 1 8 2
89 0 1 8 1
90 0 1 8 2
91 0 0 4 1
92 0 1 8 1
93 0 0 8 2
94 0 1 4 1
95 0 0 4 1
96 0 1 8 2
97 0 0 12 2
98 0 0 12 2
99 0 0 12 2
100 0 0 8 1
101 0 0 4 2
102 0 0 4 1
103 0 0 4 2
104 0 1 8 2
105 0 0 4 1
106 0 1 4 2
107 0 1 12 1
108 0 0 8 1
109 0 1 12 2
110 0 1 4 2
111 0 1 4 1
112 0 0 8 1
113 0 1 8 1
114 0 1 12 2
115 0 1 12 1
116 0 0 4 1
117 0 1 12 2
118 0 0 12 2
119 0 1 4 1
120 0 0 4 2
121 1 1 4 1
122 1 1 12 1
123 1 1 8 2
124 1 1 12 2
125 1 1 8 2
126 1 0 8 2
127 1 1 8 2
128 1 0 8 1
129 1 1 12 1
130 1 0 12 1
131 1 0 8 2
132 1 1 4 1
133 1 0 8 2
134 1 1 8 2
135 1 1 8 2
136 1 1 8 2
137 1 1 12 1
138 1 0 4 2
139 1 0 4 2
140 1 1 4 2
141 1 0 8 1
142 1 0 12 2
143 1 1 12 1
144 1 1 8 1
145 1 0 4 2
146 1 1 12 2
147 1 0 4 1
148 1 0 8 1
149 1 1 4 1
150 1 0 4 1
151 1 1 12 1
152 1 0 12 1
153 1 0 8 1
154 1 1 12 2
155 1 1 4 1
156 1 0 8 2
157 1 0 12 1
158 1 0 12 2
159 1 0 8 1
160 1 1 4 2
161 1 1 8 1
162 1 1 12 2
163 1 0 8 2
164 1 0 12 2
165 1 0 8 1
166 1 0 4 2
167 1 1 4 2
168 1 0 8 1
169 1 0 12 2
170 1 0 8 1
171 1 1 12 2
172 1 1 4 1
173 1 0 4 1
174 1 1 4 1
175 1 0 8 2
176 1 0 12 1
177 1 1 8 1
178 1 1 8 2
179 1 1 12 2
180 1 1 8 1
181 1 0 8 2
182 1 1 8 2
183 1 0 8 2
184 1 1 12 1
185 1 1 4 1
186 1 0 12 2
187 1 1 4 2
188 1 1 4 2
189 1 0 12 1
190 1 0 12 1
191 1 1 4 1
192 1 0 12 2
193 1 1 4 2
194 1 0 4 2
195 1 1 8 1
196 1 0 4 1
197 1 1 8 2
198 1 0 4 2
199 1 1 12 2
200 1 1 8 1
201 1 1 8 1
202 1 1 4 1
203 1 1 4 1
204 1 1 4 2
205 1 0 12 2
206 1 0 12 2
207 1 1 12 1
208 1 1 8 2
209 1 0 4 1
210 1 0 12 1
211 1 0 12 1
212 1 0 8 2
213 1 0 4 1
214 1 0 12 1
215 1 1 12 2
216 1 0 4 2
217 1 0 12 2
218 1 1 8 1
219 1 0 4 1
220 1 0 4 2
221 1 0 4 2
222 1 0 8 1
223 1 1 4 2
224 1 0 8 1
225 1 1 8 1
226 1 1 8 1
227 1 0 4 2
228 1 0 4 1
229 1 0 12 2
230 1 1 4 2
231 1 1 4 2
232 1 0 4 1
233 1 0 12 1
234 1 1 12 2
235 1 1 12 1
236 1 0 8 2
237 1 0 4 1
238 1 1 12 2
239 1 1 12 1
240 1 1 12 1
241 2 0 12 1
242 2 1 8 2
243 2 0 8 1
244 2 0 4 1
245 2 0 4 1
246 2 1 4 2
247 2 0 4 1
248 2 0 12 2
249 2 1 12 1
250 2 0 4 1
251 2 0 4 1
252 2 1 12 1
253 2 1 8 2
254 2 1 12 1
255 2 0 8 2
256 2 0 12 1
257 2 1 12 2
258 2 1 4 2
259 2 0 8 1
260 2 0 8 1
261 2 0 4 2
262 2 1 12 1
263 2 0 8 1
264 2 1 12 1
265 2 1 12 2
266 2 1 8 2
267 2 1 4 2
268 2 0 12 2
269 2 0 12 1
270 2 0 12 1
271 2 1 8 2
272 2 1 12 1
273 2 1 4 1
274 2 1 8 2
275 2 1 12 1
276 2 1 4 1
277 2 1 4 2
278 2 0 12 2
279 2 1 4 1
280 2 1 4 1
281 2 0 4 2
282 2 0 12 2
283 2 0 8 2
284 2 1 12 2
285 2 0 8 1
286 2 0 4 2
287 2 0 12 2
288 2 0 8 2
289 2 1 12 1
290 2 1 12 1
291 2 0 8 2
292 2 1 8 2
293 2 0 8 2
294 2 1 4 2
295 2 0 12 1
296 2 0 12 2
297 2 1 4 1
298 2 0 4 2
299 2 1 4 1
300 2 1 8 2
301 2 0 4 2
302 2 0 4 2
303 2 0 8 2
304 2 1 8 1
305 2 1 12 2
306 2 1 8 1
307 2 1 8 1
308 2 0 4 2
309 2 0 8 1
310 2 1 4 2
311 2 0 8 2
312 2 0 12 2
313 2 0 12 1
314 2 1 8 1
315 2 1 8 1
316 2 0 12 2
317 2 1 4 1
318 2 1 12 1
319 2 0 12 1
320 2 0 12 2
321 2 0 4 1
322 2 1 8 1
323 2 1 8 1
324 2 1 12 2
325 2 0 4 1
326 2 1 4 1
327 2 1 8 2
328 2 0 4 1
329 2 1 4 1
330 2 0 8 2
331 2 0 4 2
332 2 1 4 2
333 2 1 12 2
334 2 1 8 1
335 2 0 12 1
336 2 0 12 1
337 2 1 12 2
338 2 0 8 1
339 2 1 12 2
340 2 0 12 1
341 2 0 8 1
342 2 0 8 2
343 2 0 4 2
344 2 1 8 1
345 2 0 4 2
346 2 1 4 1
347 2 0 8 2
348 2 1 8 1
349 2 0 8 1
350 2 1 4 2
351 2 1 4 2
352 2 0 8 1
353 2 1 8 2
354 2 1 12 2
355 2 1 12 2
356 2 0 4 1
357 2 1 8 2
358 2 0 4 1
359 2 1 4 2
360 2 0 12 2
361 3 0 12 1
362 3 1 12 1
363 3 0 12 2
364 3 1 8 2
365 3 1 12 2
366 3 0 12 1
367 3 1 8 1
368 3 1 12 1
369 3 0 12 1
370 3 1 8 2
371 3 0 8 1
372 3 0 12 2
373 3 1 12 2
374 3 1 4 1
375 3 1 12 1
376 3 0 4 2
377 3 1 12 1
378 3 1 8 2
379 3 1 8 1
380 3 1 4 2
381 3 0 8 2
382 3 0 4 2
383 3 0 4 1
384 3 1 12 1
385 3 0 8 1
386 3 1 4 2
387 3 1 12 2
388 3 1 8 2
389 3 0 12 2
390 3 0 4 2
391 3 1 4 2
392 3 1 12 2
393 3 1 4 1
394 3 1 4 2
395 3 0 12 2
396 3 1 8 1
397 3 1 12 1
398 3 0 12 2
399 3 0 8 2
400 3 1 4 1
401 3 1 4 1
402 3 1 4 2
403 3 0 12 1
404 3 1 4 1
405 3 1 12 1
406 3 0 8 1
407 3 0 12 2
408 3 1 4 2
409 3 0 8 2
410 3 0 12 2
411 3 0 8 1
412 3 0 12 1
413 3 1 8 1
414 3 1 4 1
415 3 0 12 1
416 3 0 4 1
417 3 0 4 1
418 3 0 12 1
419 3 1 12 2
420 3 0 12 2
421 3 1 8 2
422 3 1 4 2
423 3 0 8 2
424 3 0 4 2
425 3 0 4 2
426 3 0 8 1
427 3 0 4 1
428 3 0 8 1
429 3 0 8 2
430 3 1 8 1
431 3 1 12 2
432 3 0 4 1
433 3 0 8 1
434 3 0 4 2
435 3 1 8 2
436 3 1 12 2
437 3 0 4 2
438 3 1 4 1
439 3 0 8 2
440 3 1 8 2
441 3 1 12 2
442 3 1 8 1
443 3 1 12 1
444 3 1 8 1
445 3 1 12 2
446 3 1 12 1
447 3 1 4 1
448 3 1 4 2
449 3 1 4 1
450 3 0 4 2
451 3 0 8 1
452 3 0 8 2
453 3 1 8 1
454 3 0 12 1
455 3 0 8 1
456 3 0 12 2
457 3 1 8 1
458 3 0 4 2
459 3 1 4 2
460 3 0 4 1
461 3 0 4 2
462 3 0 8 2
463 3 1 4 2
464 3 0 4 1
465 3 0 4 1
466 3 0 8 2
467 3 0 12 1
468 3 0 8 1
469 3 1 12 2
470 3 1 8 1
471 3 0 8 2
472 3 0 4 1
473 3 0 12 1
474 3 1 4 1
475 3 1 8 2
476 3 1 8 2
477 3 0 4 1
478 3 0 12 2
479 3 1 12 1
480 3 1 8 2
