trl_n curr_stim_level search nitems curr_target
1 2 0 4 2
2 2 1 4 1
3 2 1 8 2
4 2 0 12 2
5 2 0 4 2
6 2 1 4 2
7 2 0 12 1
8 2 1 4 2
9 2 0 4 1
10 2 1 8 2
11 2 0 8 1
12 2 0 8 1
13 2 1 4 1
14 2 0 8 1
15 2 0 8 1
16 2 1 8 2
17 2 1 4 1
18 2 1 12 1
19 2 0 4 1
20 2 0 4 1
21 2 1 8 1
22 2 1 4 1
23 2 1 8 2
24 2 0 8 1
25 2 1 8 2
26 2 0 12 1
27 2 1 4 2
28 2 1 12 1
29 2 0 4 2
30 2 1 12 2
31 2 0 8 1
32 2 0 8 2
33 2 1 4 2
34 2 0 12 1
35 2 0 8 2
36 2 0 12 2
37 2 1 8 1
38 2 0 8 2
39 2 0 4 1
40 2 1 12 2
41 2 1 4 1
42 2 1 12 1
43 2 1 12 2
44 2 1 12 1
45 2 1 4 1
46 2 0 12 2
47 2 1 4 1
48 2 0 12 1
49 2 0 4 2
50 2 1 12 1
51 2 1 12 1
52 2 1 4 2
53 2 0 12 2
54 2 1 12 2
55 2 0 12 1
56 2 1 8 2
57 2 0 8 1
58 2 0 8 2
59 2 1 8 2
60 2 0 12 2
61 2 0 4 2
62 2 1 12 1
63 2 0 8 1
64 2 0 4 2
65 2 1 4 2
66 2 0 4 2
67 2 0 12 2
68 2 1 4 2
69 2 0 12 1
70 2 1 4 2
71 2 1 8 1
72 2 1 8 1
73 2 1 8 1
74 2 0 8 1
75 2 0 12 1
76 2 0 8 2
77 2 0 4 2
78 2 1 4 2
79 2 1 8 2
80 2 1 12 2
81 2 1 12 1
82 2 0 4 1
83 2 0 4 1
84 2 0 12 2
85 2 0 4 2
86 2 1 12 1
87 2 1 12 2
88 2 1 12 2
89 2 1 4 2
90 2 1 8 1
91 2 0 8 2
92 2 0 4 2
93 2 0 4 1
94 2 0 4 1
95 2 0 12 2
96 2 1 8 1
97 2 0 12 1
98 2 0 4 1
99 2 1 4 1
100 2 1 8 1
101 2 1 8 1
102 2 0 8 1
103 2 0 8 2
104 2 0 8 2
105 2 1 12 2
106 2 1 8 2
107 2 1 8 1
108 2 0 8 2
109 2 1 8 2
110 2 1 12 2
111 2 1 4 1
112 2 0 8 2
113 2 0 4 1
114 2 1 4 1
115 2 0 12 1
116 2 0 12 2
117 2 1 12 1
118 2 0 12 1
119 2 1 12 2
120 2 0 12 2
121 0 0 12 2
122 0 1 4 1
123 0 1 12 1
124 0 0 4 1
125 0 1 4 2
126 0 1 8 2
127 0 1 8 1
128 0 0 8 2
129 0 0 12 2
130 0 0 4 2
131 0 1 12 2
132 0 1 4 1
133 0 1 8 2
134 0 1 12 2
135 0 1 12 1
136 0 0 12 2
137 0 1 8 1
138 0 0 8 2
139 0 0 8 2
140 0 1 12 1
141 0 1 12 2
142 0 0 4 1
143 0 0 4 1
144 0 0 4 1
145 0 0 4 2
146 0 1 4 2
147 0 0 4 2
148 0 1 12 2
149 0 1 8 2
150 0 0 4 2
151 0 0 8 1
152 0 0 4 1
153 0 0 12 2
154 0 1 4 2
155 0 1 4 1
156 0 1 12 2
157 0 0 8 1
158 0 0 8 2
159 0 1 12 2
160 0 0 8 2
161 0 0 4 2
162 0 0 4 1
163 0 1 8 1
164 0 1 4 1
165 0 0 4 2
166 0 0 8 2
167 0 1 4 1
168 0 0 12 1
169 0 1 8 2
170 0 1 8 1
171 0 0 12 1
172 0 0 8 2
173 0 0 12 2
174 0 0 12 2
175 0 1 8 1
176 0 0 4 2
177 0 0 8 2
178 0 1 4 1
179 0 0 8 1
180 0 0 8 1
181 0 0 12 1
182 0 0 4 2
183 0 0 12 1
184 0 1 4 2
185 0 1 12 1
186 0 0 4 2
187 0 0 8 2
188 0 1 4 2
189 0 1 8 2
190 0 0 12 1
191 0 0 8 2
192 0 1 12 2
193 0 1 12 1
194 0 0 8 1
195 0 0 12 2
196 0 0 12 1
197 0 0 8 1
198 0 1 4 1
199 0 1 12 2
200 0 1 8 2
201 0 1 4 2
202 0 1 4 1
203 0 1 8 1
204 0 1 4 1
205 0 0 12 1
206 0 1 8 2
207 0 1 8 2
208 0 1 12 1
209 0 1 8 1
210 0 0 4 1
211 0 1 8 1
212 0 1 4 1
213 0 0 12 2
214 0 1 12 2
215 0 0 12 1
216 0 0 12 1
217 0 0 4 2
218 0 0 12 1
219 0 1 12 1
220 0 0 4 1
221 0 0 8 1
222 0 1 4 2
223 0 0 12 2
224 0 0 8 1
225 0 1 4 2
226 0 0 8 1
227 0 1 12 1
228 0 0 4 1
229 0 1 12 1
230 0 1 8 2
231 0 1 4 2
232 0 1 8 1
233 0 1 12 1
234 0 0 4 1
235 0 1 12 2
236 0 1 8 2
237 0 1 4 2
238 0 0 8 1
239 0 1 8 1
240 0 0 12 2
241 1 0 8 1
242 1 1 12 1
243 1 1 12 2
244 1 1 8 1
245 1 0 8 2
246 1 1 4 1
247 1 0 4 2
248 1 0 4 1
249 1 0 12 2
250 1 1 12 2
251 1 1 4 1
252 1 0 8 1
253 1 1 4 2
254 1 0 4 1
255 1 1 4 1
256 1 0 8 2
257 1 1 4 1
258 1 1 12 2
259 1 1 8 2
260 1 0 4 2
261 1 0 12 1
262 1 1 4 2
263 1 0 8 2
264 1 1 4 2
265 1 1 8 2
266 1 1 8 2
267 1 1 4 2
268 1 1 12 1
269 1 0 4 1
270 1 0 4 1
271 1 0 4 2
272 1 1 8 1
273 1 1 8 1
274 1 0 8 1
275 1 0 12 1
276 1 1 12 2
277 1 0 4 2
278 1 1 12 2
279 1 0 12 2
280 1 0 8 1
281 1 0 8 2
282 1 1 4 2
283 1 0 12 1
284 1 1 12 1
285 1 1 8 1
286 1 1 4 2
287 1 0 8 2
288 1 0 12 1
289 1 0 12 2
290 1 0 12 1
291 1 1 8 1
292 1 0 8 1
293 1 0 4 2
294 1 0 4 1
295 1 1 12 2
296 1 1 8 2
297 1 1 12 2
298 1 0 12 1
299 1 0 4 2
300 1 0 4 2
301 1 1 12 1
302 1 0 12 2
303 1 1 4 1
304 1 0 12 1
305 1 1 12 1
306 1 1 4 1
307 1 0 8 1
308 1 0 4 1
309 1 0 8 2
310 1 0 4 2
311 1 1 12 1
312 1 1 8 1
313 1 0 4 1
314 1 0 4 2
315 1 0 4 1
316 1 1 12 1
317 1 0 4 1
318 1 0 12 1
319 1 1 4 1
320 1 1 8 2
321 1 1 12 2
322 1 0 8 2
323 1 1 4 2
324 1 0 12 2
325 1 1 4 2
326 1 1 4 2
327 1 0 8 1
328 1 1 12 2
329 1 1 8 1
330 1 0 8 1
331 1 0 8 2
332 1 1 4 1
333 1 1 4 2
334 1 1 12 2
335 1 1 4 1
336 1 1 8 2
337 1 1 8 1
338 1 0 12 2
339 1 1 12 1
340 1 1 8 1
341 1 0 12 1
342 1 1 12 1
343 1 0 4 2
344 1 1 8 2
345 1 0 8 1
346 1 1 4 1
347 1 1 8 2
348 1 0 8 1
349 1 1 12 1
350 1 0 8 2
351 1 0 12 1
352 1 1 8 2
353 1 0 8 2
354 1 0 12 2
355 1 1 8 1
356 1 0 4 1
357 1 1 8 2
358 1 0 12 2
359 1 0 12 2
360 1 0 12 2
361 3 0 4 1
362 3 1 4 2
363 3 0 4 1
364 3 0 12 1
365 3 1 12 2
366 3 1 4 1
367 3 0 12 2
368 3 1 12 1
369 3 1 12 2
370 3 0 12 2
371 3 1 8 1
372 3 1 8 2
373 3 1 8 2
374 3 1 12 1
375 3 1 4 2
376 3 0 12 2
377 3 0 12 1
378 3 1 8 1
379 3 1 12 1
380 3 1 12 1
381 3 0 4 2
382 3 0 8 1
383 3 1 8 1
384 3 0 8 2
385 3 1 8 1
386 3 0 12 2
387 3 1 4 2
388 3 1 8 2
389 3 1 12 2
390 3 1 12 2
391 3 1 12 1
392 3 0 12 1
393 3 0 4 2
394 3 0 8 1
395 3 0 8 1
396 3 1 12 1
397 3 1 4 2
398 3 1 4 1
399 3 0 12 1
400 3 0 8 2
401 3 0 8 2
402 3 1 4 1
403 3 1 8 1
404 3 0 12 1
405 3 0 4 2
406 3 1 4 2
407 3 1 4 1
408 3 0 12 2
409 3 1 12 2
410 3 0 4 2
411 3 0 8 1
412 3 0 12 1
413 3 0 12 1
414 3 1 8 2
415 3 0 4 1
416 3 1 4 1
417 3 1 4 1
418 3 1 4 2
419 3 1 12 2
420 3 1 12 2
421 3 0 4 2
422 3 1 8 2
423 3 0 4 1
424 3 0 8 1
425 3 0 4 1
426 3 1 8 2
427 3 1 12 1
428 3 1 8 2
429 3 1 12 1
430 3 1 8 1
431 3 0 12 2
432 3 0 12 2
433 3 0 12 2
434 3 0 8 1
435 3 0 4 2
436 3 0 8 2
437 3 0 8 2
438 3 1 4 2
439 3 1 8 1
440 3 0 8 2
441 3 1 4 2
442 3 1 8 1
443 3 0 12 1
444 3 1 4 1
445 3 0 12 1
446 3 1 12 2
447 3 1 4 1
448 3 0 8 1
449 3 1 8 1
450 3 0 8 2
451 3 0 4 2
452 3 0 4 1
453 3 1 4 2
454 3 0 4 1
455 3 1 12 1
456 3 0 4 1
457 3 0 12 2
458 3 1 12 2
459 3 1 4 2
460 3 1 4 1
461 3 1 8 2
462 3 1 8 1
463 3 0 12 2
464 3 0 12 1
465 3 0 4 2
466 3 0 4 1
467 3 1 12 2
468 3 0 8 1
469 3 0 8 1
470 3 1 4 1
471 3 0 4 2
472 3 0 8 2
473 3 1 8 2
474 3 1 8 2
475 3 1 12 1
476 3 0 4 2
477 3 0 4 1
478 3 0 8 1
479 3 0 8 2
480 3 0 8 2
