blk	trl	target	search	nitems	rot_offset	tpos_x	tpos_y	rt	button
1	1	0	1	8	23	-143.35	-373.43	5060	6
1	2	0	0	8	43	0.00	0.00	7044	6
1	3	0	1	12	7	-315.20	-246.26	7040	7
1	4	0	1	4	39	257.12	-306.42	3343	7
1	5	0	1	12	13	96.77	-388.12	5398	7
1	6	0	0	4	25	0.00	0.00	2071	6
1	7	0	1	12	11	-297.26	-267.65	2440	7
1	8	0	0	4	65	0.00	0.00	3331	6
1	9	0	1	4	50	-251.73	-310.86	2079	7
1	10	0	0	12	2	0.00	0.00	5191	6
1	11	0	0	12	8	0.00	0.00	6403	6
1	12	0	0	4	14	0.00	0.00	2931	6
1	13	0	1	12	27	399.76	-13.96	4176	7
1	14	0	1	8	40	301.88	262.42	4085	7
1	15	0	0	4	18	0.00	0.00	2616	6
1	16	0	0	8	14	0.00	0.00	4572	6
1	17	0	0	4	85	0.00	0.00	3381	6
1	18	0	1	8	1	272.80	292.54	1933	7
1	19	0	1	12	17	-391.26	83.16	2744	7
1	20	0	0	12	13	0.00	0.00	5547	6
1	21	0	0	12	0	0.00	0.00	5942	6
1	22	0	1	8	21	368.20	-156.29	3694	7
1	23	0	0	8	2	0.00	0.00	3718	6
1	24	0	0	4	9	0.00	0.00	2054	6
1	25	0	0	8	31	0.00	0.00	3382	6
1	26	0	0	12	25	0.00	0.00	7354	6
1	27	0	1	4	57	-211.97	-339.22	2032	7
1	28	0	0	8	26	0.00	0.00	4138	6
1	29	0	1	4	33	223.68	-331.62	2141	7
1	30	0	1	8	4	398.48	34.86	2262	7
1	31	0	0	12	12	0.00	0.00	6339	6
1	32	0	0	12	17	0.00	0.00	7433	6
1	33	0	0	4	55	0.00	0.00	2158	6
1	34	0	0	4	87	0.00	0.00	2403	6
1	35	0	0	12	8	0.00	0.00	5835	6
1	36	0	0	8	37	0.00	0.00	3675	6
1	37	0	1	12	14	386.37	-103.53	7180	6
1	38	0	0	4	76	0.00	0.00	4215	6
1	39	0	1	4	4	-34.86	398.48	3590	7
1	40	0	0	4	68	0.00	0.00	4728	6
1	41	0	0	12	23	0.00	0.00	5466	6
1	42	0	1	8	40	-399.03	27.90	2716	7
1	43	0	0	8	8	0.00	0.00	7225	6
1	44	0	0	12	15	0.00	0.00	6186	6
1	45	0	0	8	6	0.00	0.00	3912	6
1	46	0	1	8	9	229.43	327.66	2238	7
1	47	0	0	8	28	0.00	0.00	4802	6
1	48	0	1	4	53	-323.61	235.11	2197	7
1	49	0	1	12	4	362.52	-169.05	4239	7
1	50	0	0	4	39	0.00	0.00	3612	6
1	51	0	1	4	6	-397.02	-48.75	2479	7
1	52	0	1	4	27	-187.79	353.18	2014	7
1	53	0	1	4	84	34.86	398.48	1642	7
1	54	0	1	8	32	391.26	-83.16	3898	7
1	55	0	1	4	68	-373.43	143.35	2458	7
1	56	0	0	8	31	0.00	0.00	5755	6
1	57	0	1	8	18	-378.21	-130.23	4280	7
1	58	0	1	12	17	-123.61	380.42	4150	7
1	59	0	0	12	29	0.00	0.00	7455	6
1	60	0	1	4	63	-175.35	-359.52	2482	7
1	61	0	1	12	23	-397.81	41.81	6835	7
1	62	0	1	4	1	399.76	13.96	2064	7
1	63	0	0	8	27	0.00	0.00	4274	7
1	64	0	0	12	8	0.00	0.00	6518	6
1	65	0	1	8	23	162.69	-365.42	3717	7
1	66	0	0	12	8	0.00	0.00	5811	6
1	67	0	1	12	1	-353.18	187.79	1934	7
1	68	0	1	4	9	393.92	69.46	3625	7
1	69	0	0	8	30	0.00	0.00	4183	6
1	70	0	0	4	66	0.00	0.00	2416	6
1	71	0	1	4	43	277.86	-287.74	1776	7
1	72	0	1	8	27	353.18	187.79	3778	7
1	73	0	0	4	36	0.00	0.00	3393	6
1	74	0	1	12	23	162.69	-365.42	5135	7
1	75	0	1	4	7	396.11	55.67	3116	7
1	76	0	1	12	22	-397.02	48.75	2841	7
1	77	0	1	12	2	-399.45	-20.93	1735	7
1	78	0	1	4	22	156.29	-368.20	3045	7
1	79	0	0	4	35	0.00	0.00	2097	6
1	80	0	0	12	1	0.00	0.00	6608	6
1	81	0	0	4	5	0.00	0.00	2213	6
1	82	0	1	12	6	240.73	-319.45	5154	7
1	83	0	0	12	14	0.00	0.00	6972	6
1	84	0	0	4	70	0.00	0.00	2153	6
1	85	0	1	4	34	-327.66	-229.43	2623	7
1	86	0	1	12	19	-375.88	-136.81	6482	7
1	87	0	0	8	44	0.00	0.00	3993	6
1	88	0	0	4	87	0.00	0.00	2524	6
1	89	0	0	4	34	0.00	0.00	2846	6
1	90	0	0	12	8	0.00	0.00	5096	6
1	91	0	1	8	30	388.12	-96.77	3937	7
1	92	0	1	8	42	-399.76	13.96	2275	7
1	93	0	1	4	59	-200.00	-346.41	2536	7
1	94	0	1	12	17	-123.61	380.42	4746	7
1	95	0	1	4	51	315.20	-246.26	2798	7
1	96	0	0	12	10	0.00	0.00	7955	6
1	97	0	0	8	42	0.00	0.00	4245	6
1	98	0	0	8	32	0.00	0.00	5220	6
1	99	0	0	4	13	0.00	0.00	1987	6
1	100	0	0	8	36	0.00	0.00	4533	6
1	101	0	1	12	13	277.86	-287.74	3854	7
1	102	0	1	8	43	6.98	399.94	3770	7
1	103	0	1	12	11	-123.61	-380.42	2826	7
1	104	0	0	12	14	0.00	0.00	6380	6
1	105	0	1	12	25	359.52	175.35	3820	7
1	106	0	1	4	89	0.00	400.00	2908	7
1	107	0	1	8	27	-382.52	116.95	1555	6
1	108	0	0	12	2	0.00	0.00	5953	6
1	109	0	0	8	28	0.00	0.00	3826	6
1	110	0	0	8	15	0.00	0.00	3591	6
1	111	0	1	8	28	384.50	-110.25	3199	7
1	112	0	1	8	0	6.98	-399.94	3850	7
1	113	0	0	8	14	0.00	0.00	3893	6
1	114	0	1	12	29	200.00	-346.41	5463	7
1	115	0	1	8	30	96.77	388.12	2224	7
1	116	0	0	4	32	0.00	0.00	2491	6
1	117	0	1	8	27	-382.52	116.95	1567	7
1	118	0	0	8	17	0.00	0.00	3436	6
1	119	0	0	12	25	0.00	0.00	5653	6
1	120	0	1	8	4	257.12	306.42	2127	7
1	121	3	1	8	4	-398.48	-34.86	774	6
1	122	3	0	8	14	0.00	0.00	2061	6
1	123	3	0	12	12	0.00	0.00	1067	6
1	124	3	0	12	14	0.00	0.00	954	6
1	125	3	1	4	84	34.86	398.48	1021	7
1	126	3	0	8	15	0.00	0.00	972	6
1	127	3	1	12	9	-69.46	393.92	835	6
1	128	3	1	12	0	349.85	-193.92	756	7
1	129	3	0	8	38	0.00	0.00	2100	6
1	130	3	1	12	18	-76.32	-392.65	3077	7
1	131	3	1	12	12	-389.75	-89.98	923	7
1	132	3	1	8	1	-292.54	272.80	1700	7
1	133	3	0	8	17	0.00	0.00	1754	6
1	134	3	1	4	10	-392.65	-76.32	1113	7
1	135	3	0	8	0	0.00	0.00	1904	6
1	136	3	1	8	10	-331.62	223.68	1060	7
1	137	3	0	8	33	0.00	0.00	1098	6
1	138	3	1	4	8	395.08	62.57	1109	7
1	139	3	0	12	19	0.00	0.00	1615	6
1	140	3	1	8	26	-181.60	356.40	873	7
1	141	3	0	4	20	0.00	0.00	982	6
1	142	3	0	8	23	0.00	0.00	1263	6
1	143	3	0	4	29	0.00	0.00	784	6
1	144	3	1	4	27	-187.79	353.18	651	7
1	145	3	0	12	1	0.00	0.00	1045	6
1	146	3	1	8	33	331.62	223.68	818	7
1	147	3	0	4	33	0.00	0.00	1070	6
1	148	3	0	8	4	0.00	0.00	1532	6
1	149	3	1	8	6	-48.75	397.02	724	7
1	150	3	0	8	41	0.00	0.00	1243	6
1	151	3	0	12	28	0.00	0.00	989	7
1	152	3	1	8	44	-282.84	282.84	987	6
1	153	3	0	8	0	0.00	0.00	1046	6
1	154	3	0	4	82	0.00	0.00	1316	6
1	155	3	0	12	0	0.00	0.00	3019	6
1	156	3	0	4	27	0.00	0.00	818	6
1	157	3	0	4	17	0.00	0.00	885	6
1	158	3	0	4	17	0.00	0.00	888	7
1	159	3	0	12	24	0.00	0.00	1225	6
1	160	3	1	8	38	-41.81	-397.81	833	7
1	161	3	0	4	67	0.00	0.00	1216	6
1	162	3	1	4	51	-246.26	-315.20	776	7
1	163	3	1	8	27	116.95	382.52	1054	6
1	164	3	0	4	14	0.00	0.00	1303	6
1	165	3	1	4	78	76.32	392.65	601	7
1	166	3	1	4	38	251.73	-310.86	722	7
1	167	3	0	4	57	0.00	0.00	1112	6
1	168	3	1	8	22	368.20	156.29	821	7
1	169	3	1	4	27	-353.18	-187.79	879	7
1	170	3	0	4	28	0.00	0.00	771	6
1	171	3	1	12	1	-339.22	-211.97	663	7
1	172	3	1	4	71	380.42	-123.61	791	7
1	173	3	0	12	1	0.00	0.00	1532	6
1	174	3	0	12	17	0.00	0.00	1032	6
1	175	3	0	8	9	0.00	0.00	1049	6
1	176	3	1	12	26	-356.40	-181.60	629	7
1	177	3	0	8	13	0.00	0.00	1043	6
1	178	3	0	4	34	0.00	0.00	859	6
1	179	3	0	4	78	0.00	0.00	1207	6
1	180	3	0	12	9	0.00	0.00	1251	6
1	181	3	0	12	2	0.00	0.00	810	6
1	182	3	0	4	83	0.00	0.00	825	6
1	183	3	0	8	36	0.00	0.00	1131	6
1	184	3	1	4	2	399.45	20.93	495	7
1	185	3	0	8	34	0.00	0.00	778	6
1	186	3	1	4	69	136.81	375.88	568	7
1	187	3	0	8	13	0.00	0.00	866	6
1	188	3	0	12	7	0.00	0.00	869	6
1	189	3	1	4	6	-397.02	-48.75	746	7
1	190	3	0	4	13	0.00	0.00	677	6
1	191	3	1	8	34	393.92	-69.46	636	7
1	192	3	1	12	19	-69.46	-393.92	1251	7
1	193	3	1	4	40	301.88	262.42	716	7
1	194	3	1	4	44	282.84	282.84	634	7
1	195	3	0	12	16	0.00	0.00	967	6
1	196	3	0	4	41	0.00	0.00	1269	6
1	197	3	0	4	58	0.00	0.00	765	6
1	198	3	1	8	8	62.57	-395.08	870	7
1	199	3	1	12	25	-223.68	-331.62	592	7
1	200	3	1	8	11	83.16	-391.26	718	7
1	201	3	1	12	3	359.52	-175.35	1132	7
1	202	3	1	4	23	162.69	-365.42	655	7
1	203	3	1	8	14	103.53	-386.37	1208	7
1	204	3	1	12	9	306.42	257.12	1076	7
1	205	3	0	4	50	0.00	0.00	767	6
1	206	3	1	12	29	-200.00	-346.41	678	7
1	207	3	1	12	9	-257.12	306.42	1264	7
1	208	3	1	12	10	378.21	-130.23	782	7
1	209	3	1	8	42	-292.54	-272.80	692	7
1	210	3	1	8	40	301.88	262.42	865	7
1	211	3	1	12	13	277.86	-287.74	838	7
1	212	3	0	8	23	0.00	0.00	1432	6
1	213	3	0	12	2	0.00	0.00	2126	6
1	214	3	1	4	57	-339.22	211.97	608	7
1	215	3	0	4	82	0.00	0.00	820	6
1	216	3	0	8	7	0.00	0.00	1458	6
1	217	3	1	4	34	-327.66	-229.43	697	7
1	218	3	0	8	12	0.00	0.00	1525	6
1	219	3	1	8	43	-277.86	287.74	607	7
1	220	3	1	12	25	223.68	331.62	941	7
1	221	3	0	12	19	0.00	0.00	1172	6
1	222	3	1	12	23	-41.81	-397.81	690	7
1	223	3	0	8	39	0.00	0.00	1186	6
1	224	3	0	12	29	0.00	0.00	1808	6
1	225	3	1	12	4	327.66	229.43	669	7
1	226	3	1	8	7	-55.67	396.11	697	7
1	227	3	1	12	9	257.12	-306.42	643	7
1	228	3	0	8	18	0.00	0.00	844	6
1	229	3	1	8	33	392.65	-76.32	685	7
1	230	3	0	12	16	0.00	0.00	1751	6
1	231	3	1	4	10	392.65	76.32	600	7
1	232	3	1	12	10	-130.23	-378.21	1437	7
1	233	3	1	12	2	356.40	-181.60	712	7
1	234	3	0	12	2	0.00	0.00	1011	6
1	235	3	0	12	16	0.00	0.00	1081	6
1	236	3	0	4	8	0.00	0.00	666	6
1	237	3	1	4	5	-397.81	-41.81	570	7
1	238	3	1	8	44	0.00	400.00	1003	7
1	239	3	1	4	23	365.42	162.69	681	7
1	240	3	0	12	29	0.00	0.00	1102	6
1	241	2	1	4	4	398.48	34.86	1161	7
1	242	2	0	4	59	0.00	0.00	1512	6
1	243	2	1	12	16	89.98	389.75	3522	7
1	244	2	1	4	76	389.75	-89.98	1310	7
1	245	2	0	12	0	0.00	0.00	2717	6
1	246	2	1	12	9	-306.42	-257.12	1408	7
1	247	2	0	12	18	0.00	0.00	2098	6
1	248	2	1	12	29	-346.41	200.00	1051	7
1	249	2	0	12	29	0.00	0.00	2008	6
1	250	2	0	8	32	0.00	0.00	1323	6
1	251	2	0	12	10	0.00	0.00	2642	6
1	252	2	1	4	78	-76.32	-392.65	1586	7
1	253	2	0	8	3	0.00	0.00	1522	6
1	254	2	0	4	13	0.00	0.00	2055	6
1	255	2	1	12	1	-339.22	-211.97	3222	7
1	256	2	0	4	67	0.00	0.00	1916	6
1	257	2	1	8	42	13.96	399.76	1492	7
1	258	2	1	8	10	331.62	-223.68	1554	7
1	259	2	1	12	21	-55.67	-396.11	1425	7
1	260	2	1	8	21	-370.87	-149.84	2460	7
1	261	2	0	4	9	0.00	0.00	2211	6
1	262	2	1	12	0	6.98	-399.94	946	7
1	263	2	0	12	1	0.00	0.00	2481	6
1	264	2	0	8	29	0.00	0.00	1475	6
1	265	2	1	8	32	83.16	391.26	1478	7
1	266	2	0	8	3	0.00	0.00	1945	6
1	267	2	0	12	18	0.00	0.00	1742	6
1	268	2	1	8	5	-41.81	397.81	1699	6
1	269	2	0	12	1	0.00	0.00	2917	6
1	270	2	0	12	26	0.00	0.00	2024	6
1	271	2	0	4	16	0.00	0.00	2261	6
1	272	2	1	4	6	-48.75	397.02	704	7
1	273	2	1	12	9	-136.81	-375.88	1194	7
1	274	2	0	8	29	0.00	0.00	1834	6
1	275	2	1	4	7	396.11	55.67	840	7
1	276	2	0	4	27	0.00	0.00	1456	6
1	277	2	1	12	17	-391.26	83.16	2352	6
1	278	2	1	4	49	306.42	-257.12	1051	7
1	279	2	1	12	3	-27.90	399.03	875	7
1	280	2	1	12	23	-397.81	41.81	1929	6
1	281	2	0	8	26	0.00	0.00	3827	6
1	282	2	0	12	14	0.00	0.00	2298	6
1	283	2	0	4	18	0.00	0.00	1295	6
1	284	2	1	12	18	130.23	-378.21	2035	7
1	285	2	1	8	4	257.12	306.42	1732	7
1	286	2	0	8	20	0.00	0.00	2574	6
1	287	2	1	8	34	-229.43	327.66	950	7
1	288	2	1	4	70	130.23	378.21	770	7
1	289	2	0	8	18	0.00	0.00	3058	6
1	290	2	1	4	48	-301.88	262.42	692	7
1	291	2	0	12	27	0.00	0.00	2452	6
1	292	2	1	12	4	-398.48	-34.86	2090	6
1	293	2	1	8	34	393.92	-69.46	1496	7
1	294	2	1	4	17	-123.61	380.42	1574	7
1	295	2	0	8	43	0.00	0.00	1988	6
1	296	2	0	4	65	0.00	0.00	1267	6
1	297	2	1	12	11	83.16	-391.26	3817	7
1	298	2	0	12	2	0.00	0.00	2457	6
1	299	2	0	4	38	0.00	0.00	1357	6
1	300	2	0	4	45	0.00	0.00	1445	6
1	301	2	0	8	1	0.00	0.00	2493	6
1	302	2	0	8	3	0.00	0.00	1918	6
1	303	2	0	4	43	0.00	0.00	1017	6
1	304	2	0	4	17	0.00	0.00	1352	6
1	305	2	0	4	55	0.00	0.00	1256	6
1	306	2	1	4	41	-267.65	297.26	1016	7
1	307	2	1	12	9	-306.42	-257.12	2017	7
1	308	2	0	8	2	0.00	0.00	1669	6
1	309	2	1	12	9	375.88	-136.81	1393	6
1	310	2	1	4	8	-395.08	-62.57	1066	7
1	311	2	0	8	30	0.00	0.00	2177	6
1	312	2	1	4	51	246.26	315.20	1701	7
1	313	2	1	8	43	-6.98	-399.94	1837	7
1	314	2	1	4	56	335.47	-217.86	852	7
1	315	2	1	4	76	-389.75	89.98	707	7
1	316	2	1	8	42	-399.76	13.96	651	7
1	317	2	1	8	11	-335.47	217.86	592	7
1	318	2	1	8	31	89.98	389.75	996	7
1	319	2	1	8	15	-193.92	-349.85	1481	7
1	320	2	0	12	27	0.00	0.00	1895	6
1	321	2	0	12	25	0.00	0.00	2265	6
1	322	2	0	8	8	0.00	0.00	2047	6
1	323	2	1	8	10	-331.62	223.68	756	7
1	324	2	0	4	32	0.00	0.00	1210	6
1	325	2	1	8	33	-76.32	-392.65	1742	7
1	326	2	1	4	87	399.76	-13.96	1535	7
1	327	2	1	8	13	-96.77	388.12	1656	7
1	328	2	0	8	27	0.00	0.00	1892	6
1	329	2	1	8	42	13.96	399.76	903	7
1	330	2	0	12	24	0.00	0.00	2263	6
1	331	2	0	8	37	0.00	0.00	2231	6
1	332	2	0	12	21	0.00	0.00	1852	6
1	333	2	1	4	1	399.76	13.96	1088	7
1	334	2	0	4	1	0.00	0.00	1302	6
1	335	2	0	4	35	0.00	0.00	1166	6
1	336	2	1	12	10	-262.42	301.88	662	7
1	337	2	0	12	13	0.00	0.00	2509	6
1	338	2	1	12	23	-235.11	-323.61	1874	7
1	339	2	0	4	23	0.00	0.00	2625	6
1	340	2	0	8	36	0.00	0.00	1924	6
1	341	2	0	4	41	0.00	0.00	1672	6
1	342	2	0	8	12	0.00	0.00	2114	6
1	343	2	0	12	2	0.00	0.00	2591	6
1	344	2	0	12	11	0.00	0.00	1715	6
1	345	2	1	8	35	-323.61	-235.11	1031	7
1	346	2	1	4	22	-156.29	368.20	981	7
1	347	2	0	8	29	0.00	0.00	1732	6
1	348	2	1	12	4	-229.43	327.66	769	7
1	349	2	1	4	67	-149.84	-370.87	1005	7
1	350	2	1	4	27	-353.18	-187.79	1008	7
1	351	2	1	8	31	-211.97	339.22	1204	7
1	352	2	0	12	28	0.00	0.00	1734	6
1	353	2	1	8	29	200.00	-346.41	2528	7
1	354	2	1	12	14	103.53	-386.37	4335	6
1	355	2	1	4	57	211.97	339.22	1150	7
1	356	2	0	12	3	0.00	0.00	2196	6
1	357	2	1	12	15	-384.50	-110.25	1090	7
1	358	2	0	4	29	0.00	0.00	1451	6
1	359	2	0	4	21	0.00	0.00	1225	6
1	360	2	0	8	43	0.00	0.00	1797	6
1	361	1	1	12	17	-391.26	83.16	1322	7
1	362	1	0	4	47	0.00	0.00	1691	6
1	363	1	1	4	65	-365.42	162.69	967	7
1	364	1	1	12	5	-162.69	-365.42	3178	7
1	365	1	1	8	8	-62.57	395.08	2856	6
1	366	1	0	8	4	0.00	0.00	3066	6
1	367	1	1	4	65	-162.69	-365.42	1283	6
1	368	1	0	8	11	0.00	0.00	2592	6
1	369	1	0	4	63	0.00	0.00	1579	6
1	370	1	1	12	26	-20.93	-399.45	3968	7
1	371	1	0	12	17	0.00	0.00	1100	7
1	372	1	0	4	32	0.00	0.00	2307	6
1	373	1	1	8	27	116.95	382.52	1396	7
1	374	1	0	8	35	0.00	0.00	1131	7
1	375	1	1	8	4	398.48	34.86	2064	7
1	376	1	1	4	83	397.81	-41.81	1384	7
1	377	1	0	4	40	0.00	0.00	1675	6
1	378	1	0	4	67	0.00	0.00	1435	6
1	379	1	1	4	9	69.46	-393.92	1843	7
1	380	1	0	8	43	0.00	0.00	3466	6
1	381	1	1	8	15	193.92	349.85	2947	7
1	382	1	1	4	17	-123.61	380.42	1226	7
1	383	1	0	12	25	0.00	0.00	4149	6
1	384	1	1	4	15	110.25	-384.50	2277	7
1	385	1	0	4	2	0.00	0.00	2583	6
1	386	1	0	12	6	0.00	0.00	3450	6
1	387	1	1	12	19	375.88	136.81	3034	7
1	388	1	1	8	10	223.68	331.62	2337	7
1	389	1	0	4	79	0.00	0.00	2046	6
1	390	1	0	12	14	0.00	0.00	3932	6
1	391	1	1	4	51	315.20	-246.26	1635	7
1	392	1	0	4	87	0.00	0.00	1615	6
1	393	1	1	4	43	287.74	277.86	1925	7
1	394	1	0	8	26	0.00	0.00	2759	6
1	395	1	1	4	83	-41.81	-397.81	1647	7
1	396	1	0	12	18	0.00	0.00	3555	6
1	397	1	1	4	12	-389.75	-89.98	1323	7
1	398	1	0	8	41	0.00	0.00	2818	6
1	399	1	0	8	40	0.00	0.00	2608	6
1	400	1	1	8	15	193.92	349.85	1704	7
1	401	1	1	8	5	-310.86	251.73	1882	7
1	402	1	0	4	50	0.00	0.00	1687	6
1	403	1	1	12	27	353.18	187.79	1682	7
1	404	1	0	4	63	0.00	0.00	1728	6
1	405	1	0	8	23	0.00	0.00	2537	6
1	406	1	0	4	57	0.00	0.00	2000	6
1	407	1	0	8	42	0.00	0.00	2652	6
1	408	1	0	8	28	0.00	0.00	2457	6
1	409	1	1	8	9	-69.46	393.92	1259	7
1	410	1	0	8	18	0.00	0.00	2822	6
1	411	1	0	12	27	0.00	0.00	4515	6
1	412	1	1	12	21	149.84	-370.87	3445	7
1	413	1	1	4	14	103.53	-386.37	1923	7
1	414	1	0	12	0	0.00	0.00	3109	6
1	415	1	0	12	4	0.00	0.00	4033	6
1	416	1	1	8	31	339.22	211.97	1739	7
1	417	1	0	4	8	0.00	0.00	1963	6
1	418	1	1	8	1	-272.80	-292.54	2874	7
1	419	1	0	12	1	0.00	0.00	4196	6
1	420	1	0	12	16	0.00	0.00	3504	6
1	421	1	0	8	13	0.00	0.00	2321	6
1	422	1	1	12	8	143.35	373.43	1945	7
1	423	1	1	8	4	257.12	306.42	1411	7
1	424	1	1	12	3	-175.35	-359.52	2839	7
1	425	1	0	12	15	0.00	0.00	3318	6
1	426	1	0	12	7	0.00	0.00	3344	6
1	427	1	1	8	6	315.20	-246.26	1919	7
1	428	1	0	4	1	0.00	0.00	1759	6
1	429	1	0	8	15	0.00	0.00	3256	6
1	430	1	1	12	15	-277.86	-287.74	4038	7
1	431	1	0	12	13	0.00	0.00	4116	6
1	432	1	1	4	33	223.68	-331.62	1609	7
1	433	1	0	4	7	0.00	0.00	1534	6
1	434	1	0	8	15	0.00	0.00	2515	6
1	435	1	1	8	7	-319.45	240.73	1172	7
1	436	1	1	12	6	397.02	48.75	2858	7
1	437	1	1	8	30	-388.12	96.77	2569	6
1	438	1	0	8	2	0.00	0.00	3148	6
1	439	1	1	8	3	301.88	-262.42	1706	7
1	440	1	0	12	16	0.00	0.00	3449	6
1	441	1	1	12	15	-287.74	277.86	3588	7
1	442	1	0	12	21	0.00	0.00	4017	6
1	443	1	0	8	24	0.00	0.00	3367	6
1	444	1	1	8	30	388.12	-96.77	2133	7
1	445	1	0	12	29	0.00	0.00	4549	6
1	446	1	1	12	11	297.26	267.65	2705	6
1	447	1	0	8	41	0.00	0.00	3178	6
1	448	1	0	4	44	0.00	0.00	2164	6
1	449	1	1	8	35	62.57	395.08	1072	7
1	450	1	1	12	20	-395.08	62.57	3130	6
1	451	1	1	8	20	143.35	-373.43	2677	7
1	452	1	0	4	55	0.00	0.00	1723	7
1	453	1	1	12	22	-397.02	48.75	4086	6
1	454	1	0	4	84	0.00	0.00	1690	6
1	455	1	0	8	13	0.00	0.00	3582	6
1	456	1	1	4	3	-27.90	399.03	1068	7
1	457	1	0	12	24	0.00	0.00	3457	6
1	458	1	1	4	70	-378.21	130.23	1332	7
1	459	1	1	8	30	-388.12	96.77	1840	7
1	460	1	1	4	27	-187.79	353.18	1132	7
1	461	1	0	4	79	0.00	0.00	1466	6
1	462	1	1	12	24	-327.66	229.43	1306	7
1	463	1	1	8	1	272.80	292.54	1411	7
1	464	1	1	4	46	-272.80	-292.54	2152	7
1	465	1	1	4	27	-187.79	353.18	1382	7
1	466	1	1	4	55	-223.68	-331.62	1616	7
1	467	1	1	4	84	398.48	-34.86	1556	7
1	468	1	0	12	0	0.00	0.00	3817	6
1	469	1	0	8	33	0.00	0.00	4235	6
1	470	1	0	8	9	0.00	0.00	3982	6
1	471	1	0	12	1	0.00	0.00	4248	6
1	472	1	1	12	16	116.95	-382.52	3442	7
1	473	1	1	12	16	389.75	-89.98	2609	6
1	474	1	0	12	28	0.00	0.00	3649	6
1	475	1	0	4	43	0.00	0.00	1926	6
1	476	1	1	12	9	-306.42	-257.12	3338	7
1	477	1	1	4	65	365.42	-162.69	1870	7
1	478	1	1	12	11	-83.16	391.26	1546	7
1	479	1	0	4	77	0.00	0.00	1855	6
1	480	1	1	12	23	235.11	323.61	1522	7
