blk	trl	target	search	nitems	rot_offset	tpos_x	tpos_y	rt	button
2	1	0	1	4	21	-149.84	370.87	2515	7
2	2	0	1	8	32	-217.86	335.47	2075	7
2	3	0	1	12	3	-175.35	-359.52	5214	7
2	4	0	1	12	13	-110.25	-384.50	6822	7
2	5	0	0	8	40	0.00	0.00	3836	6
2	6	0	1	12	14	103.53	-386.37	4664	7
2	7	0	0	8	35	0.00	0.00	3864	6
2	8	0	1	12	19	375.88	136.81	4158	7
2	9	0	1	4	24	169.05	-362.52	2582	7
2	10	0	1	12	9	306.42	257.12	4113	7
2	11	0	0	8	6	0.00	0.00	3915	6
2	12	0	0	4	20	0.00	0.00	2139	6
2	13	0	0	4	54	0.00	0.00	2247	6
2	14	0	1	8	10	331.62	-223.68	2652	7
2	15	0	0	4	59	0.00	0.00	2352	7
2	16	0	1	8	32	-391.26	83.16	3732	7
2	17	0	1	8	37	-315.20	-246.26	4105	7
2	18	0	0	4	54	0.00	0.00	2540	6
2	19	0	1	12	3	-331.62	-223.68	6057	7
2	20	0	0	4	5	0.00	0.00	2475	6
2	21	0	0	4	65	0.00	0.00	2986	6
2	22	0	0	4	85	0.00	0.00	2492	6
2	23	0	0	4	59	0.00	0.00	2593	6
2	24	0	1	8	38	397.81	-41.81	2789	7
2	25	0	1	12	26	335.47	-217.86	4475	7
2	26	0	0	8	39	0.00	0.00	5274	6
2	27	0	0	4	73	0.00	0.00	2380	6
2	28	0	0	8	20	0.00	0.00	4688	6
2	29	0	1	12	29	-346.41	-200.00	5739	7
2	30	0	1	8	28	349.85	193.92	3142	7
2	31	0	0	12	12	0.00	0.00	5759	6
2	32	0	1	12	2	-20.93	399.45	2912	7
2	33	0	0	12	1	0.00	0.00	7391	6
2	34	0	1	8	10	223.68	331.62	2353	7
2	35	0	0	8	3	0.00	0.00	4721	6
2	36	0	0	8	11	0.00	0.00	3830	6
2	37	0	0	4	82	0.00	0.00	2197	6
2	38	0	1	8	23	-143.35	-373.43	5732	7
2	39	0	0	12	6	0.00	0.00	5626	6
2	40	0	0	8	16	0.00	0.00	4004	6
2	41	0	0	12	21	0.00	0.00	5382	6
2	42	0	1	12	4	327.66	229.43	3966	7
2	43	0	0	12	18	0.00	0.00	5862	6
2	44	0	0	4	57	0.00	0.00	2201	6
2	45	0	1	4	55	-223.68	-331.62	2202	7
2	46	0	0	12	2	0.00	0.00	6423	6
2	47	0	0	8	39	0.00	0.00	3522	6
2	48	0	0	8	39	0.00	0.00	5540	6
2	49	0	1	4	1	-13.96	399.76	1448	7
2	50	0	0	8	19	0.00	0.00	5150	6
2	51	0	1	12	16	272.80	292.54	3885	7
2	52	0	0	8	17	0.00	0.00	4447	6
2	53	0	0	8	21	0.00	0.00	4532	6
2	54	0	0	4	24	0.00	0.00	1888	6
2	55	0	0	12	7	0.00	0.00	5541	6
2	56	0	0	12	0	0.00	0.00	6733	6
2	57	0	0	4	18	0.00	0.00	2654	6
2	58	0	0	4	32	0.00	0.00	2113	6
2	59	0	1	4	53	323.61	-235.11	2074	7
2	60	0	1	4	71	-123.61	-380.42	2735	7
2	61	0	1	12	15	277.86	287.74	3067	7
2	62	0	1	8	10	-331.62	223.68	1492	7
2	63	0	1	4	70	378.21	-130.23	2134	7
2	64	0	0	8	11	0.00	0.00	3965	6
2	65	0	0	8	10	0.00	0.00	4613	6
2	66	0	1	12	15	384.50	110.25	3143	7
2	67	0	0	12	11	0.00	0.00	5250	6
2	68	0	0	4	20	0.00	0.00	2277	6
2	69	0	1	8	2	-399.45	-20.93	1585	7
2	70	0	0	12	10	0.00	0.00	5328	6
2	71	0	0	4	21	0.00	0.00	1827	6
2	72	0	1	4	75	388.12	-96.77	1820	7
2	73	0	1	12	10	378.21	-130.23	4476	7
2	74	0	1	4	71	123.61	380.42	2426	7
2	75	0	1	4	58	-342.87	206.02	2091	7
2	76	0	0	4	42	0.00	0.00	2440	6
2	77	0	1	8	38	251.73	-310.86	3222	7
2	78	0	0	12	27	0.00	0.00	5042	6
2	79	0	1	8	0	-6.98	399.94	2204	7
2	80	0	1	4	6	-397.02	-48.75	1996	7
2	81	0	1	4	51	246.26	315.20	2330	7
2	82	0	1	12	9	-375.88	136.81	1273	7
2	83	0	1	12	28	-193.92	349.85	2279	7
2	84	0	0	8	23	0.00	0.00	3766	6
2	85	0	0	4	25	0.00	0.00	2469	6
2	86	0	1	4	87	13.96	399.76	1392	7
2	87	0	1	8	43	-277.86	287.74	2143	7
2	88	0	0	12	18	0.00	0.00	4831	6
2	89	0	0	12	0	0.00	0.00	5251	6
2	90	0	1	12	15	-287.74	277.86	3056	7
2	91	0	0	8	37	0.00	0.00	4536	6
2	92	0	0	12	8	0.00	0.00	9443	6
2	93	0	1	12	29	-0.00	-400.00	4727	7
2	94	0	1	4	60	349.85	-193.92	1846	6
2	95	0	1	12	11	-380.42	123.61	3225	7
2	96	0	0	4	87	0.00	0.00	2209	6
2	97	0	0	8	31	0.00	0.00	3989	6
2	98	0	1	8	31	389.75	-89.98	2454	7
2	99	0	1	8	40	301.88	262.42	2262	7
2	100	0	1	4	85	-399.03	27.90	3294	7
2	101	0	0	12	10	0.00	0.00	5310	6
2	102	0	1	8	0	399.94	6.98	2617	6
2	103	0	0	12	5	0.00	0.00	5803	6
2	104	0	1	12	15	277.86	287.74	3841	7
2	105	0	1	8	16	116.95	-382.52	3931	7
2	106	0	0	12	26	0.00	0.00	5825	6
2	107	0	1	4	71	-380.42	123.61	2792	7
2	108	0	0	12	7	0.00	0.00	5554	6
2	109	0	1	8	15	384.50	110.25	2485	7
2	110	0	0	8	44	0.00	0.00	3384	6
2	111	0	1	8	38	397.81	-41.81	2920	7
2	112	0	0	4	89	0.00	0.00	2687	6
2	113	0	1	4	23	-162.69	365.42	3546	7
2	114	0	0	8	18	0.00	0.00	4054	6
2	115	0	0	12	6	0.00	0.00	5771	6
2	116	0	1	4	21	-370.87	-149.84	1541	7
2	117	0	1	8	30	206.02	-342.87	3224	7
2	118	0	1	4	33	-331.62	-223.68	1840	7
2	119	0	0	12	14	0.00	0.00	4903	6
2	120	0	1	4	83	-397.81	41.81	1444	7
2	121	3	0	4	41	0.00	0.00	2059	6
2	122	3	0	12	17	0.00	0.00	4007	6
2	123	3	0	8	18	0.00	0.00	2290	6
2	124	3	1	4	25	-175.35	359.52	833	7
2	125	3	1	8	31	-339.22	-211.97	1165	7
2	126	3	1	8	24	362.52	169.05	1117	7
2	127	3	1	8	4	-34.86	398.48	802	7
2	128	3	0	12	9	0.00	0.00	1576	6
2	129	3	1	4	58	-342.87	206.02	743	7
2	130	3	0	4	20	0.00	0.00	1445	6
2	131	3	0	12	19	0.00	0.00	1334	6
2	132	3	1	4	27	353.18	187.79	1036	7
2	133	3	1	12	18	378.21	130.23	596	7
2	134	3	0	4	16	0.00	0.00	1349	6
2	135	3	1	4	60	349.85	-193.92	731	7
2	136	3	1	4	37	-246.26	315.20	984	7
2	137	3	0	4	31	0.00	0.00	1268	6
2	138	3	1	12	9	375.88	-136.81	634	7
2	139	3	0	8	33	0.00	0.00	1181	6
2	140	3	0	8	43	0.00	0.00	1603	6
2	141	3	0	4	74	0.00	0.00	1138	6
2	142	3	0	8	36	0.00	0.00	1413	6
2	143	3	0	8	37	0.00	0.00	1425	6
2	144	3	0	12	11	0.00	0.00	1388	6
2	145	3	1	4	4	-398.48	-34.86	972	7
2	146	3	1	8	30	342.87	206.02	797	7
2	147	3	0	12	27	0.00	0.00	1671	6
2	148	3	0	8	26	0.00	0.00	1528	6
2	149	3	1	8	2	-20.93	399.45	970	7
2	150	3	0	4	31	0.00	0.00	1210	6
2	151	3	0	4	82	0.00	0.00	766	6
2	152	3	0	12	28	0.00	0.00	1351	6
2	153	3	0	4	74	0.00	0.00	1068	6
2	154	3	1	12	18	392.65	-76.32	621	7
2	155	3	0	8	8	0.00	0.00	1160	6
2	156	3	1	4	52	319.45	-240.73	606	7
2	157	3	1	4	22	-156.29	368.20	721	7
2	158	3	0	8	7	0.00	0.00	1406	6
2	159	3	0	8	4	0.00	0.00	1008	6
2	160	3	1	12	15	96.77	388.12	599	7
2	161	3	0	4	63	0.00	0.00	775	6
2	162	3	0	12	14	0.00	0.00	1087	6
2	163	3	0	8	23	0.00	0.00	988	6
2	164	3	1	8	12	-389.75	-89.98	681	7
2	165	3	0	12	6	0.00	0.00	1006	6
2	166	3	1	8	6	-48.75	397.02	753	7
2	167	3	0	8	23	0.00	0.00	1028	6
2	168	3	1	8	26	356.40	181.60	762	7
2	169	3	0	4	77	0.00	0.00	780	6
2	170	3	0	4	24	0.00	0.00	889	6
2	171	3	0	12	10	0.00	0.00	1203	6
2	172	3	0	12	11	0.00	0.00	1170	6
2	173	3	1	4	81	396.11	-55.67	782	7
2	174	3	0	12	7	0.00	0.00	1053	6
2	175	3	1	12	21	-315.20	246.26	817	7
2	176	3	0	8	0	0.00	0.00	1541	6
2	177	3	1	12	15	110.25	-384.50	1472	7
2	178	3	1	12	1	187.79	353.18	548	7
2	179	3	1	12	21	396.11	-55.67	793	7
2	180	3	0	8	38	0.00	0.00	1235	6
2	181	3	1	12	1	211.97	-339.22	529	7
2	182	3	1	4	77	83.16	391.26	476	7
2	183	3	1	12	14	-282.84	-282.84	935	7
2	184	3	0	12	2	0.00	0.00	1344	6
2	185	3	0	4	20	0.00	0.00	997	6
2	186	3	0	8	19	0.00	0.00	1221	6
2	187	3	1	12	29	400.00	-0.00	654	7
2	188	3	1	4	61	-353.18	187.79	697	7
2	189	3	1	8	21	-368.20	156.29	742	6
2	190	3	0	8	39	0.00	0.00	1159	6
2	191	3	0	8	25	0.00	0.00	1192	6
2	192	3	1	4	68	-143.35	-373.43	671	7
2	193	3	1	8	9	-229.43	-327.66	719	7
2	194	3	1	4	85	-399.03	27.90	819	7
2	195	3	1	12	18	-262.42	-301.88	702	7
2	196	3	0	8	33	0.00	0.00	912	6
2	197	3	0	12	0	0.00	0.00	1377	6
2	198	3	0	4	55	0.00	0.00	855	6
2	199	3	1	4	21	-370.87	-149.84	672	7
2	200	3	0	8	35	0.00	0.00	990	6
2	201	3	0	12	17	0.00	0.00	953	6
2	202	3	1	8	30	206.02	-342.87	545	7
2	203	3	0	12	21	0.00	0.00	811	6
2	204	3	1	4	26	356.40	181.60	549	7
2	205	3	0	8	23	0.00	0.00	763	6
2	206	3	0	4	41	0.00	0.00	1025	6
2	207	3	0	4	57	0.00	0.00	682	6
2	208	3	1	12	24	-398.48	34.86	889	7
2	209	3	1	12	29	-346.41	-200.00	558	7
2	210	3	0	4	65	0.00	0.00	747	6
2	211	3	0	4	62	0.00	0.00	713	6
2	212	3	0	12	5	0.00	0.00	1217	6
2	213	3	1	8	23	143.35	373.43	707	7
2	214	3	0	12	20	0.00	0.00	1521	6
2	215	3	0	12	14	0.00	0.00	1112	6
2	216	3	0	12	3	0.00	0.00	1027	6
2	217	3	1	4	72	382.52	-116.95	791	7
2	218	3	1	12	13	384.50	-110.25	678	6
2	219	3	1	4	62	-356.40	181.60	559	7
2	220	3	1	8	1	-399.76	-13.96	636	7
2	221	3	1	4	32	217.86	-335.47	644	7
2	222	3	1	8	42	-13.96	-399.76	874	7
2	223	3	0	4	71	0.00	0.00	667	6
2	224	3	1	8	4	-34.86	398.48	669	7
2	225	3	1	8	15	110.25	-384.50	764	7
2	226	3	0	12	24	0.00	0.00	879	6
2	227	3	1	8	36	240.73	-319.45	717	7
2	228	3	1	12	11	297.26	267.65	738	7
2	229	3	1	4	9	-69.46	393.92	522	7
2	230	3	1	12	20	143.35	-373.43	534	7
2	231	3	1	12	7	396.11	55.67	671	7
2	232	3	1	12	2	217.86	-335.47	555	7
2	233	3	1	8	13	342.87	-206.02	753	7
2	234	3	0	4	28	0.00	0.00	596	7
2	235	3	0	8	10	0.00	0.00	961	6
2	236	3	0	4	73	0.00	0.00	745	6
2	237	3	1	8	34	-229.43	327.66	560	7
2	238	3	1	4	15	-110.25	384.50	662	7
2	239	3	1	12	8	310.86	251.73	689	7
2	240	3	1	8	24	136.81	375.88	819	7
2	241	1	0	8	2	0.00	0.00	2696	6
2	242	1	1	12	0	-206.02	342.87	1221	7
2	243	1	0	8	11	0.00	0.00	3014	6
2	244	1	0	4	7	0.00	0.00	1847	6
2	245	1	0	12	5	0.00	0.00	3650	6
2	246	1	1	4	19	375.88	136.81	1355	7
2	247	1	0	4	7	0.00	0.00	2001	6
2	248	1	1	12	19	69.46	393.92	1568	7
2	249	1	0	8	31	0.00	0.00	3073	6
2	250	1	0	12	28	0.00	0.00	3717	6
2	251	1	0	12	10	0.00	0.00	4151	6
2	252	1	0	8	7	0.00	0.00	2635	6
2	253	1	0	8	18	0.00	0.00	2461	6
2	254	1	1	8	38	-310.86	-251.73	2272	6
2	255	1	0	4	66	0.00	0.00	1664	6
2	256	1	1	4	88	-6.98	-399.94	1523	7
2	257	1	0	12	16	0.00	0.00	5994	6
2	258	1	0	4	88	0.00	0.00	1793	6
2	259	1	0	8	17	0.00	0.00	2845	6
2	260	1	1	4	61	353.18	-187.79	1410	7
2	261	1	0	8	9	0.00	0.00	3148	7
2	262	1	0	12	1	0.00	0.00	4032	6
2	263	1	1	12	16	389.75	-89.98	2544	7
2	264	1	0	8	6	0.00	0.00	3015	6
2	265	1	1	8	5	-310.86	251.73	1412	7
2	266	1	0	4	1	0.00	0.00	1854	6
2	267	1	1	8	10	223.68	331.62	3879	7
2	268	1	1	12	29	-200.00	346.41	1270	7
2	269	1	0	4	16	0.00	0.00	1568	6
2	270	1	0	12	25	0.00	0.00	3620	6
2	271	1	1	8	30	-388.12	96.77	1711	7
2	272	1	0	12	23	0.00	0.00	3785	6
2	273	1	0	12	22	0.00	0.00	6363	6
2	274	1	1	4	8	395.08	62.57	1676	7
2	275	1	1	4	56	-217.86	-335.47	1680	6
2	276	1	1	4	4	-34.86	398.48	1284	7
2	277	1	1	12	2	181.60	356.40	1435	7
2	278	1	0	4	79	0.00	0.00	1435	6
2	279	1	1	12	11	83.16	-391.26	3209	7
2	280	1	0	4	85	0.00	0.00	1833	6
2	281	1	0	4	65	0.00	0.00	1563	6
2	282	1	0	8	0	0.00	0.00	2706	6
2	283	1	0	12	11	0.00	0.00	3964	6
2	284	1	1	4	89	-400.00	0.00	1286	7
2	285	1	1	8	8	-395.08	-62.57	1955	7
2	286	1	0	8	38	0.00	0.00	3482	6
2	287	1	0	12	21	0.00	0.00	3159	6
2	288	1	1	8	26	-356.40	-181.60	2439	6
2	289	1	0	8	21	0.00	0.00	3388	6
2	290	1	1	8	29	386.37	-103.53	2082	7
2	291	1	1	4	86	399.45	-20.93	1930	7
2	292	1	0	4	71	0.00	0.00	2071	6
2	293	1	1	8	37	-397.02	48.75	1762	7
2	294	1	1	12	4	327.66	229.43	2592	7
2	295	1	0	8	14	0.00	0.00	3013	6
2	296	1	1	8	29	386.37	-103.53	2170	7
2	297	1	0	12	21	0.00	0.00	3332	6
2	298	1	0	12	3	0.00	0.00	3507	6
2	299	1	1	12	21	-149.84	370.87	1699	7
2	300	1	1	8	27	-382.52	116.95	1341	7
2	301	1	1	4	46	292.54	-272.80	1659	7
2	302	1	1	12	15	-287.74	277.86	1858	7
2	303	1	1	4	37	-315.20	-246.26	1868	7
2	304	1	1	8	11	-83.16	391.26	1150	7
2	305	1	1	4	79	69.46	393.92	1254	7
2	306	1	1	4	48	301.88	-262.42	1509	7
2	307	1	0	12	22	0.00	0.00	4508	6
2	308	1	1	12	0	-399.94	-6.98	1390	7
2	309	1	1	8	20	143.35	-373.43	3554	7
2	310	1	1	8	44	-400.00	0.00	2525	7
2	311	1	0	12	6	0.00	0.00	4545	6
2	312	1	1	12	9	-257.12	306.42	1433	7
2	313	1	0	4	65	0.00	0.00	1636	6
2	314	1	0	8	33	0.00	0.00	2558	6
2	315	1	0	8	13	0.00	0.00	3029	6
2	316	1	1	12	14	-282.84	-282.84	4275	7
2	317	1	0	4	81	0.00	0.00	1749	6
2	318	1	1	4	34	229.43	-327.66	2173	7
2	319	1	1	4	84	-398.48	34.86	1375	7
2	320	1	1	8	4	-257.12	-306.42	2976	6
2	321	1	1	8	7	55.67	-396.11	3006	7
2	322	1	0	8	6	0.00	0.00	4113	6
2	323	1	0	4	87	0.00	0.00	1775	6
2	324	1	1	12	22	48.75	397.02	1994	7
2	325	1	1	8	12	-389.75	-89.98	1238	7
2	326	1	1	4	28	-349.85	-193.92	2183	7
2	327	1	1	12	2	-217.86	335.47	2190	7
2	328	1	1	4	16	-116.95	382.52	1407	7
2	329	1	0	4	22	0.00	0.00	1939	6
2	330	1	0	4	25	0.00	0.00	1637	6
2	331	1	0	12	12	0.00	0.00	3959	6
2	332	1	1	12	22	-397.02	48.75	1479	7
2	333	1	1	4	47	267.65	297.26	1339	7
2	334	1	1	12	3	359.52	-175.35	2994	7
2	335	1	0	8	21	0.00	0.00	3193	6
2	336	1	0	8	16	0.00	0.00	3012	6
2	337	1	0	12	24	0.00	0.00	4842	6
2	338	1	0	4	56	0.00	0.00	1737	6
2	339	1	1	4	19	-375.88	-136.81	1351	7
2	340	1	0	12	4	0.00	0.00	3986	6
2	341	1	1	4	8	395.08	62.57	1465	7
2	342	1	1	8	9	229.43	327.66	2656	7
2	343	1	1	8	8	323.61	-235.11	2289	6
2	344	1	0	8	30	0.00	0.00	3398	6
2	345	1	1	4	28	349.85	193.92	2309	7
2	346	1	0	4	21	0.00	0.00	1716	6
2	347	1	0	4	58	0.00	0.00	1887	6
2	348	1	1	12	1	-353.18	187.79	1108	7
2	349	1	0	12	20	0.00	0.00	3926	6
2	350	1	1	8	31	-211.97	339.22	1157	7
2	351	1	1	8	21	-156.29	-368.20	2605	7
2	352	1	1	12	14	-282.84	-282.84	5461	7
2	353	1	0	12	13	0.00	0.00	3658	6
2	354	1	0	4	43	0.00	0.00	1918	6
2	355	1	0	8	8	0.00	0.00	2583	6
2	356	1	0	4	62	0.00	0.00	2705	6
2	357	1	1	12	25	-331.62	223.68	2370	7
2	358	1	0	12	27	0.00	0.00	3897	6
2	359	1	1	12	8	310.86	251.73	2897	7
2	360	1	0	8	13	0.00	0.00	3306	6
2	361	2	0	4	29	0.00	0.00	1183	6
2	362	2	0	4	34	0.00	0.00	1230	6
2	363	2	1	12	3	-175.35	-359.52	2205	7
2	364	2	1	12	17	123.61	-380.42	1837	7
2	365	2	0	8	3	0.00	0.00	2205	6
2	366	2	0	12	23	0.00	0.00	2103	6
2	367	2	1	12	21	149.84	-370.87	1401	7
2	368	2	1	8	29	103.53	386.37	1139	7
2	369	2	0	12	4	0.00	0.00	1619	6
2	370	2	0	8	0	0.00	0.00	1635	6
2	371	2	0	8	10	0.00	0.00	2572	6
2	372	2	0	12	29	0.00	0.00	2593	6
2	373	2	1	4	88	-6.98	-399.94	1280	7
2	374	2	0	4	79	0.00	0.00	1018	6
2	375	2	0	4	32	0.00	0.00	1385	6
2	376	2	1	12	1	-399.76	-13.96	959	7
2	377	2	0	12	13	0.00	0.00	2027	6
2	378	2	0	8	6	0.00	0.00	1890	6
2	379	2	0	4	73	0.00	0.00	1263	6
2	380	2	1	4	13	-96.77	388.12	834	7
2	381	2	0	4	77	0.00	0.00	1317	6
2	382	2	1	12	24	229.43	327.66	1353	7
2	383	2	1	8	0	277.86	287.74	1239	7
2	384	2	0	8	17	0.00	0.00	1907	6
2	385	2	1	8	16	187.79	353.18	1200	7
2	386	2	1	8	1	-272.80	-292.54	1004	7
2	387	2	1	4	13	-96.77	388.12	936	7
2	388	2	0	12	21	0.00	0.00	2116	6
2	389	2	1	4	1	-399.76	-13.96	995	7
2	390	2	0	4	69	0.00	0.00	1247	6
2	391	2	1	12	29	-346.41	200.00	855	7
2	392	2	0	12	15	0.00	0.00	2129	6
2	393	2	1	4	26	181.60	-356.40	1225	7
2	394	2	1	8	6	246.26	315.20	1066	7
2	395	2	0	8	20	0.00	0.00	2408	6
2	396	2	1	4	12	89.98	-389.75	868	7
2	397	2	1	4	29	346.41	200.00	1233	7
2	398	2	0	8	44	0.00	0.00	1889	6
2	399	2	1	12	20	-395.08	62.57	889	7
2	400	2	1	12	7	370.87	-149.84	1888	7
2	401	2	1	12	18	-130.23	378.21	1433	7
2	402	2	0	8	43	0.00	0.00	2007	6
2	403	2	0	8	35	0.00	0.00	2243	6
2	404	2	1	8	38	310.86	251.73	1241	7
2	405	2	0	12	3	0.00	0.00	2176	6
2	406	2	1	12	7	-149.84	-370.87	2360	7
2	407	2	1	12	4	229.43	-327.66	1079	7
2	408	2	0	12	23	0.00	0.00	1829	6
2	409	2	1	12	5	323.61	235.11	1724	7
2	410	2	0	4	48	0.00	0.00	1247	6
2	411	2	0	8	19	0.00	0.00	1688	6
2	412	2	0	12	24	0.00	0.00	2312	6
2	413	2	1	8	16	382.52	116.95	1460	7
2	414	2	0	12	24	0.00	0.00	1944	6
2	415	2	1	4	19	375.88	136.81	1068	7
2	416	2	1	8	21	149.84	-370.87	1274	7
2	417	2	0	8	5	0.00	0.00	1715	6
2	418	2	0	12	1	0.00	0.00	1904	6
2	419	2	0	4	25	0.00	0.00	1600	6
2	420	2	1	8	39	-398.48	34.86	1267	7
2	421	2	1	4	33	223.68	-331.62	830	7
2	422	2	0	12	25	0.00	0.00	2459	6
2	423	2	0	12	10	0.00	0.00	2206	6
2	424	2	1	8	31	389.75	-89.98	906	7
2	425	2	0	4	31	0.00	0.00	1212	6
2	426	2	1	4	48	-262.42	-301.88	1349	7
2	427	2	1	4	83	41.81	397.81	1713	7
2	428	2	0	8	28	0.00	0.00	2536	6
2	429	2	1	8	4	-306.42	257.12	927	7
2	430	2	1	12	0	342.87	206.02	1309	7
2	431	2	1	4	3	27.90	-399.03	1416	7
2	432	2	1	12	26	-20.93	-399.45	2087	7
2	433	2	1	12	17	391.26	-83.16	1915	7
2	434	2	0	8	34	0.00	0.00	2300	6
2	435	2	0	12	14	0.00	0.00	3303	6
2	436	2	1	8	20	-365.42	162.69	3820	7
2	437	2	1	8	41	297.26	267.65	1934	7
2	438	2	0	12	25	0.00	0.00	3378	6
2	439	2	0	8	1	0.00	0.00	2207	6
2	440	2	1	12	14	386.37	103.53	1568	7
2	441	2	1	4	5	397.81	41.81	1039	7
2	442	2	1	12	8	-251.73	310.86	2301	7
2	443	2	1	8	32	83.16	391.26	830	7
2	444	2	1	4	29	200.00	-346.41	985	7
2	445	2	1	4	79	69.46	393.92	777	7
2	446	2	0	4	3	0.00	0.00	1486	6
2	447	2	1	8	30	-342.87	-206.02	848	7
2	448	2	0	12	24	0.00	0.00	2016	6
2	449	2	1	4	48	262.42	301.88	867	7
2	450	2	0	8	7	0.00	0.00	1677	6
2	451	2	0	4	48	0.00	0.00	1142	6
2	452	2	0	12	17	0.00	0.00	2061	6
2	453	2	1	8	24	362.52	169.05	1095	7
2	454	2	0	4	43	0.00	0.00	1302	6
2	455	2	0	4	31	0.00	0.00	1180	6
2	456	2	1	4	61	-353.18	187.79	956	7
2	457	2	0	8	25	0.00	0.00	1804	6
2	458	2	0	8	19	0.00	0.00	2294	6
2	459	2	1	8	40	27.90	399.03	1034	7
2	460	2	1	8	39	34.86	398.48	921	7
2	461	2	0	4	29	0.00	0.00	1397	6
2	462	2	0	12	20	0.00	0.00	2173	6
2	463	2	0	8	33	0.00	0.00	2218	6
2	464	2	1	4	9	-69.46	393.92	814	7
2	465	2	0	4	43	0.00	0.00	1323	6
2	466	2	0	4	75	0.00	0.00	1255	6
2	467	2	1	4	49	257.12	306.42	922	7
2	468	2	1	12	21	-246.26	-315.20	2229	7
2	469	2	1	12	24	-327.66	229.43	893	7
2	470	2	1	8	30	342.87	206.02	1186	7
2	471	2	1	8	16	187.79	353.18	978	7
2	472	2	0	8	3	0.00	0.00	2090	6
2	473	2	1	4	71	-123.61	-380.42	1463	7
2	474	2	0	12	8	0.00	0.00	2456	6
2	475	2	1	12	15	277.86	287.74	1328	7
2	476	2	0	12	3	0.00	0.00	2202	6
2	477	2	0	8	3	0.00	0.00	1584	6
2	478	2	0	4	46	0.00	0.00	1244	6
2	479	2	0	4	39	0.00	0.00	1186	6
2	480	2	0	4	55	0.00	0.00	1124	6
