blk	trl	target	search	nitems	rot_offset	tpos_x	tpos_y	rt	button
3	1	0	0	12	21	0.00	0.00	5414	6
3	2	0	1	8	18	378.21	130.23	3131	7
3	3	0	0	8	22	0.00	0.00	3461	6
3	4	0	0	4	30	0.00	0.00	2762	6
3	5	0	1	8	6	246.26	315.20	2927	7
3	6	0	0	12	23	0.00	0.00	5626	6
3	7	0	0	4	27	0.00	0.00	1920	6
3	8	0	0	4	73	0.00	0.00	2474	6
3	9	0	1	4	0	399.94	6.98	1773	7
3	10	0	0	12	20	0.00	0.00	5163	6
3	11	0	0	8	37	0.00	0.00	3706	6
3	12	0	1	12	15	384.50	110.25	3246	7
3	13	0	0	4	66	0.00	0.00	2264	6
3	14	0	0	8	36	0.00	0.00	3547	6
3	15	0	0	4	6	0.00	0.00	2016	6
3	16	0	1	4	88	-6.98	-399.94	2293	7
3	17	0	1	12	3	359.52	-175.35	4831	7
3	18	0	0	8	38	0.00	0.00	3922	6
3	19	0	1	12	21	-315.20	246.26	2435	7
3	20	0	0	4	89	0.00	0.00	2158	6
3	21	0	1	4	4	34.86	-398.48	2265	7
3	22	0	1	8	16	116.95	-382.52	3250	7
3	23	0	1	8	36	-55.67	-396.11	3606	7
3	24	0	0	12	28	0.00	0.00	4830	6
3	25	0	1	4	14	386.37	103.53	2016	7
3	26	0	1	12	26	356.40	181.60	3939	7
3	27	0	1	8	4	306.42	-257.12	2928	7
3	28	0	1	12	5	365.42	-162.69	3988	7
3	29	0	0	4	63	0.00	0.00	2104	7
3	30	0	1	8	19	136.81	-375.88	4460	7
3	31	0	0	8	41	0.00	0.00	3796	6
3	32	0	1	8	33	-76.32	-392.65	3362	7
3	33	0	0	8	40	0.00	0.00	4468	6
3	34	0	0	8	30	0.00	0.00	3800	6
3	35	0	1	12	23	365.42	162.69	4239	7
3	36	0	0	12	21	0.00	0.00	5058	6
3	37	0	0	12	21	0.00	0.00	4843	6
3	38	0	1	12	17	391.26	-83.16	3799	7
3	39	0	1	8	25	-378.21	130.23	2116	7
3	40	0	0	8	7	0.00	0.00	3163	6
3	41	0	1	4	72	-382.52	116.95	1459	7
3	42	0	1	12	13	110.25	384.50	3253	7
3	43	0	0	8	3	0.00	0.00	3403	6
3	44	0	0	4	63	0.00	0.00	2345	6
3	45	0	0	8	7	0.00	0.00	3307	6
3	46	0	1	4	56	-217.86	-335.47	1976	7
3	47	0	1	4	58	342.87	-206.02	2070	7
3	48	0	0	8	33	0.00	0.00	3980	6
3	49	0	1	4	67	-370.87	149.84	2202	7
3	50	0	1	8	20	-143.35	373.43	2848	7
3	51	0	1	12	4	-327.66	-229.43	5059	7
3	52	0	0	4	82	0.00	0.00	2370	6
3	53	0	0	8	5	0.00	0.00	3511	6
3	54	0	0	4	27	0.00	0.00	2170	6
3	55	0	1	8	12	-389.75	-89.98	1649	7
3	56	0	0	4	55	0.00	0.00	2804	6
3	57	0	0	12	22	0.00	0.00	5157	6
3	58	0	1	4	89	400.00	-0.00	2042	7
3	59	0	0	12	25	0.00	0.00	5359	6
3	60	0	0	12	24	0.00	0.00	4943	6
3	61	0	1	8	10	-223.68	-331.62	4499	7
3	62	0	1	12	18	301.88	-262.42	4802	7
3	63	0	0	8	12	0.00	0.00	3890	6
3	64	0	1	8	41	-20.93	-399.45	3560	7
3	65	0	1	12	16	382.52	116.95	4331	7
3	66	0	1	8	29	200.00	-346.41	3806	7
3	67	0	0	12	26	0.00	0.00	6110	6
3	68	0	0	8	41	0.00	0.00	3446	6
3	69	0	0	4	48	0.00	0.00	2062	6
3	70	0	0	4	59	0.00	0.00	2079	6
3	71	0	1	12	10	-301.88	-262.42	4830	6
3	72	0	1	12	27	353.18	187.79	3250	7
3	73	0	1	8	4	-257.12	-306.42	3387	6
3	74	0	1	4	23	-162.69	365.42	1548	7
3	75	0	0	8	23	0.00	0.00	3626	6
3	76	0	1	12	24	-362.52	-169.05	2388	7
3	77	0	0	8	44	0.00	0.00	3458	6
3	78	0	0	12	23	0.00	0.00	5385	6
3	79	0	1	4	49	257.12	306.42	1814	7
3	80	0	0	4	72	0.00	0.00	2220	6
3	81	0	1	8	39	-306.42	-257.12	5589	7
3	82	0	1	12	23	323.61	-235.11	5632	7
3	83	0	1	8	33	-223.68	331.62	2227	7
3	84	0	0	8	12	0.00	0.00	3575	6
3	85	0	0	12	0	0.00	0.00	5362	6
3	86	0	1	12	5	-323.61	-235.11	4911	7
3	87	0	0	4	29	0.00	0.00	2274	6
3	88	0	1	12	16	-389.75	89.98	1895	7
3	89	0	1	4	69	136.81	375.88	1392	7
3	90	0	1	4	65	-162.69	-365.42	2158	7
3	91	0	0	8	17	0.00	0.00	3892	6
3	92	0	0	12	19	0.00	0.00	5967	6
3	93	0	1	8	21	368.20	-156.29	2751	7
3	94	0	1	8	1	-399.76	-13.96	2811	7
3	95	0	0	12	14	0.00	0.00	5267	6
3	96	0	1	4	78	-76.32	-392.65	2226	7
3	97	0	0	4	68	0.00	0.00	2929	6
3	98	0	0	12	5	0.00	0.00	5052	6
3	99	0	0	8	34	0.00	0.00	4238	6
3	100	0	1	8	2	-297.26	267.65	1539	7
3	101	0	0	12	25	0.00	0.00	5151	6
3	102	0	1	12	22	156.29	-368.20	4111	7
3	103	0	0	12	12	0.00	0.00	5116	6
3	104	0	1	12	0	206.02	-342.87	4487	7
3	105	0	0	4	38	0.00	0.00	2124	6
3	106	0	1	4	65	162.69	365.42	1596	7
3	107	0	1	4	44	-282.84	282.84	2147	7
3	108	0	1	12	9	-393.92	-69.46	2903	7
3	109	0	0	12	16	0.00	0.00	5238	6
3	110	0	0	12	4	0.00	0.00	5576	6
3	111	0	0	4	56	0.00	0.00	2061	6
3	112	0	1	4	42	-272.80	292.54	1544	7
3	113	0	0	4	89	0.00	0.00	2472	6
3	114	0	0	8	19	0.00	0.00	3557	6
3	115	0	1	4	65	-162.69	-365.42	2070	7
3	116	0	0	12	16	0.00	0.00	4757	6
3	117	0	1	4	75	96.77	388.12	1575	7
3	118	0	1	8	44	-282.84	-282.84	3140	6
3	119	0	1	4	68	143.35	373.43	2045	7
3	120	0	0	4	31	0.00	0.00	2080	6
3	121	3	0	8	11	0.00	0.00	1470	6
3	122	3	1	12	28	-206.02	-342.87	710	7
3	123	3	1	8	8	-235.11	-323.61	764	7
3	124	3	0	8	8	0.00	0.00	1118	6
3	125	3	0	4	31	0.00	0.00	1004	6
3	126	3	1	8	25	-359.52	-175.35	588	7
3	127	3	1	8	32	-335.47	-217.86	577	7
3	128	3	1	8	31	-389.75	89.98	623	7
3	129	3	1	8	24	375.88	-136.81	624	7
3	130	3	0	8	33	0.00	0.00	877	6
3	131	3	1	12	6	-319.45	-240.73	649	7
3	132	3	0	4	6	0.00	0.00	753	6
3	133	3	0	8	34	0.00	0.00	790	6
3	134	3	0	12	3	0.00	0.00	1163	6
3	135	3	1	8	29	-200.00	346.41	774	7
3	136	3	0	12	15	0.00	0.00	780	6
3	137	3	0	12	5	0.00	0.00	680	6
3	138	3	1	8	41	-399.45	20.93	549	7
3	139	3	1	4	73	-110.25	-384.50	597	7
3	140	3	1	12	15	-96.77	-388.12	705	7
3	141	3	0	8	37	0.00	0.00	563	6
3	142	3	0	4	86	0.00	0.00	606	6
3	143	3	1	12	6	-156.29	-368.20	561	7
3	144	3	1	12	14	386.37	-103.53	542	7
3	145	3	1	4	32	-335.47	-217.86	545	7
3	146	3	1	12	28	-206.02	-342.87	670	7
3	147	3	1	12	17	267.65	297.26	720	7
3	148	3	1	4	16	-382.52	-116.95	639	7
3	149	3	1	8	22	-370.87	149.84	624	7
3	150	3	0	12	19	0.00	0.00	753	6
3	151	3	1	4	88	-6.98	-399.94	555	7
3	152	3	1	4	37	-246.26	315.20	630	7
3	153	3	1	8	12	-389.75	-89.98	591	7
3	154	3	0	8	26	0.00	0.00	707	6
3	155	3	0	8	5	0.00	0.00	634	6
3	156	3	0	4	12	0.00	0.00	670	6
3	157	3	0	12	17	0.00	0.00	918	6
3	158	3	1	4	82	397.02	-48.75	573	7
3	159	3	0	8	3	0.00	0.00	804	6
3	160	3	0	12	24	0.00	0.00	821	6
3	161	3	0	8	34	0.00	0.00	591	6
3	162	3	1	12	0	-342.87	-206.02	708	7
3	163	3	1	8	7	-55.67	396.11	761	7
3	164	3	0	4	27	0.00	0.00	661	6
3	165	3	0	12	15	0.00	0.00	626	6
3	166	3	0	8	0	0.00	0.00	796	6
3	167	3	1	4	25	-359.52	-175.35	567	7
3	168	3	0	12	17	0.00	0.00	809	6
3	169	3	0	4	57	0.00	0.00	542	6
3	170	3	1	8	16	116.95	-382.52	602	7
3	171	3	1	4	71	-380.42	123.61	620	7
3	172	3	1	12	17	123.61	-380.42	798	7
3	173	3	1	12	28	-6.98	-399.94	602	7
3	174	3	0	4	78	0.00	0.00	594	6
3	175	3	0	12	10	0.00	0.00	641	6
3	176	3	1	4	80	-395.08	62.57	578	6
3	177	3	1	8	29	-200.00	346.41	909	7
3	178	3	0	4	55	0.00	0.00	718	6
3	179	3	0	4	10	0.00	0.00	599	6
3	180	3	0	12	28	0.00	0.00	927	6
3	181	3	0	8	6	0.00	0.00	1245	6
3	182	3	0	12	6	0.00	0.00	733	6
3	183	3	0	4	7	0.00	0.00	732	6
3	184	3	1	12	7	-370.87	149.84	561	7
3	185	3	1	4	39	257.12	-306.42	684	7
3	186	3	1	12	25	-223.68	-331.62	657	7
3	187	3	1	4	43	287.74	277.86	562	7
3	188	3	1	12	26	-399.45	20.93	611	7
3	189	3	0	4	58	0.00	0.00	716	6
3	190	3	1	4	19	-136.81	375.88	729	7
3	191	3	0	8	17	0.00	0.00	845	6
3	192	3	0	8	8	0.00	0.00	904	6
3	193	3	0	4	18	0.00	0.00	594	6
3	194	3	0	12	9	0.00	0.00	854	6
3	195	3	0	12	1	0.00	0.00	795	6
3	196	3	1	4	84	398.48	-34.86	569	7
3	197	3	1	8	5	-397.81	-41.81	612	7
3	198	3	1	12	12	116.95	382.52	682	7
3	199	3	1	8	31	89.98	389.75	631	7
3	200	3	0	8	31	0.00	0.00	697	6
3	201	3	1	4	83	-41.81	-397.81	566	7
3	202	3	1	8	1	399.76	13.96	555	7
3	203	3	1	12	6	368.20	-156.29	616	7
3	204	3	0	8	5	0.00	0.00	689	6
3	205	3	1	8	12	-389.75	-89.98	605	7
3	206	3	0	8	10	0.00	0.00	829	6
3	207	3	0	12	0	0.00	0.00	819	6
3	208	3	0	12	4	0.00	0.00	661	6
3	209	3	0	12	28	0.00	0.00	753	6
3	210	3	0	12	22	0.00	0.00	1040	6
3	211	3	1	12	21	-396.11	55.67	583	7
3	212	3	0	8	34	0.00	0.00	819	6
3	213	3	1	12	22	319.45	-240.73	634	7
3	214	3	1	8	4	-257.12	-306.42	630	7
3	215	3	0	4	6	0.00	0.00	623	6
3	216	3	0	12	3	0.00	0.00	676	6
3	217	3	0	4	55	0.00	0.00	587	6
3	218	3	0	4	5	0.00	0.00	525	6
3	219	3	0	4	27	0.00	0.00	529	6
3	220	3	1	4	14	103.53	-386.37	736	7
3	221	3	0	12	20	0.00	0.00	856	6
3	222	3	0	8	4	0.00	0.00	782	6
3	223	3	0	8	10	0.00	0.00	616	6
3	224	3	0	4	82	0.00	0.00	574	6
3	225	3	0	12	15	0.00	0.00	835	6
3	226	3	1	8	28	-110.25	-384.50	812	7
3	227	3	1	12	13	110.25	384.50	707	7
3	228	3	0	4	13	0.00	0.00	764	6
3	229	3	1	12	14	103.53	386.37	724	7
3	230	3	0	4	10	0.00	0.00	578	6
3	231	3	1	4	32	-217.86	335.47	600	7
3	232	3	1	4	44	282.84	-282.84	709	7
3	233	3	1	4	17	-380.42	-123.61	656	7
3	234	3	1	4	25	175.35	-359.52	529	7
3	235	3	1	4	62	356.40	-181.60	566	7
3	236	3	0	8	3	0.00	0.00	629	6
3	237	3	1	8	44	282.84	-282.84	783	7
3	238	3	1	12	18	76.32	392.65	774	7
3	239	3	0	4	35	0.00	0.00	646	6
3	240	3	1	8	39	306.42	257.12	573	7
3	241	1	1	4	57	339.22	-211.97	1448	7
3	242	1	0	8	37	0.00	0.00	2382	6
3	243	1	0	12	29	0.00	0.00	3047	6
3	244	1	0	8	44	0.00	0.00	2418	6
3	245	1	0	8	32	0.00	0.00	2366	6
3	246	1	1	12	28	193.92	-349.85	2873	7
3	247	1	1	4	66	368.20	-156.29	1569	7
3	248	1	0	4	24	0.00	0.00	1802	6
3	249	1	0	12	5	0.00	0.00	3191	6
3	250	1	1	12	12	-116.95	-382.52	3328	7
3	251	1	0	4	74	0.00	0.00	1492	6
3	252	1	1	4	27	353.18	187.79	1360	7
3	253	1	0	12	27	0.00	0.00	3478	6
3	254	1	1	8	36	-240.73	319.45	3446	6
3	255	1	1	12	19	-375.88	-136.81	1285	7
3	256	1	1	8	6	-315.20	246.26	1660	7
3	257	1	1	12	13	-277.86	287.74	1485	7
3	258	1	1	8	33	392.65	-76.32	2422	7
3	259	1	0	12	6	0.00	0.00	3067	6
3	260	1	1	4	39	306.42	257.12	1562	7
3	261	1	1	8	5	-41.81	397.81	1779	7
3	262	1	1	8	23	373.43	-143.35	2915	7
3	263	1	1	8	33	331.62	223.68	1657	6
3	264	1	0	12	24	0.00	0.00	3638	6
3	265	1	1	4	48	-262.42	-301.88	1537	7
3	266	1	1	4	1	13.96	-399.76	1650	7
3	267	1	1	8	19	169.05	362.52	1721	7
3	268	1	1	8	38	-397.81	41.81	1533	7
3	269	1	0	4	48	0.00	0.00	1752	7
3	270	1	1	8	40	27.90	399.03	1536	7
3	271	1	0	12	16	0.00	0.00	3873	6
3	272	1	0	4	89	0.00	0.00	1482	6
3	273	1	1	12	18	-76.32	-392.65	3984	7
3	274	1	1	12	17	-123.61	380.42	1966	7
3	275	1	1	12	14	386.37	-103.53	2937	7
3	276	1	1	12	29	-200.00	346.41	2031	7
3	277	1	0	12	5	0.00	0.00	4597	6
3	278	1	0	12	17	0.00	0.00	3422	6
3	279	1	0	8	0	0.00	0.00	2921	6
3	280	1	0	12	25	0.00	0.00	3401	6
3	281	1	0	8	18	0.00	0.00	2700	6
3	282	1	1	12	5	41.81	-397.81	3120	7
3	283	1	0	4	41	0.00	0.00	2016	6
3	284	1	1	4	8	62.57	-395.08	1606	7
3	285	1	1	4	22	368.20	156.29	1468	7
3	286	1	0	4	0	0.00	0.00	1683	6
3	287	1	1	8	0	-399.94	-6.98	1332	7
3	288	1	0	8	27	0.00	0.00	3288	6
3	289	1	0	4	87	0.00	0.00	1494	6
3	290	1	1	4	64	-362.52	169.05	1228	7
3	291	1	1	8	22	-156.29	368.20	1111	7
3	292	1	1	12	1	-211.97	339.22	1565	7
3	293	1	0	8	44	0.00	0.00	2888	6
3	294	1	0	12	19	0.00	0.00	3623	6
3	295	1	0	12	17	0.00	0.00	3528	6
3	296	1	0	12	11	0.00	0.00	3764	6
3	297	1	0	12	13	0.00	0.00	3735	6
3	298	1	1	12	25	27.90	399.03	2275	7
3	299	1	1	8	17	-123.61	380.42	2048	7
3	300	1	1	4	87	-399.76	13.96	1246	7
3	301	1	1	8	29	-200.00	346.41	1188	7
3	302	1	1	12	23	41.81	397.81	1408	7
3	303	1	1	8	2	20.93	-399.45	2462	7
3	304	1	1	4	35	-235.11	323.61	1772	7
3	305	1	0	8	22	0.00	0.00	2676	6
3	306	1	1	4	86	-20.93	-399.45	1554	7
3	307	1	0	4	1	0.00	0.00	1650	6
3	308	1	0	8	34	0.00	0.00	2504	6
3	309	1	0	8	10	0.00	0.00	2556	6
3	310	1	0	4	49	0.00	0.00	1473	6
3	311	1	0	4	67	0.00	0.00	1566	6
3	312	1	1	8	19	169.05	362.52	1604	7
3	313	1	1	4	41	267.65	-297.26	1872	7
3	314	1	0	4	89	0.00	0.00	1356	6
3	315	1	0	8	44	0.00	0.00	2344	6
3	316	1	0	8	20	0.00	0.00	2360	6
3	317	1	1	8	43	-287.74	-277.86	2382	6
3	318	1	1	4	24	362.52	169.05	1344	7
3	319	1	1	4	17	-123.61	380.42	1319	7
3	320	1	0	12	21	0.00	0.00	3191	6
3	321	1	0	4	57	0.00	0.00	1374	6
3	322	1	0	8	13	0.00	0.00	1919	6
3	323	1	0	4	89	0.00	0.00	1564	6
3	324	1	1	12	18	-392.65	76.32	1700	7
3	325	1	0	4	8	0.00	0.00	1769	6
3	326	1	1	8	2	-20.93	399.45	1802	7
3	327	1	1	12	2	-181.60	-356.40	3184	7
3	328	1	0	12	14	0.00	0.00	3489	6
3	329	1	1	12	4	327.66	229.43	1790	7
3	330	1	0	8	23	0.00	0.00	2722	6
3	331	1	1	4	71	380.42	-123.61	1976	7
3	332	1	0	4	72	0.00	0.00	1696	6
3	333	1	0	8	15	0.00	0.00	2488	6
3	334	1	0	4	57	0.00	0.00	1842	6
3	335	1	0	12	14	0.00	0.00	4386	6
3	336	1	1	4	49	306.42	-257.12	1868	7
3	337	1	1	12	24	362.52	169.05	2425	7
3	338	1	0	12	8	0.00	0.00	2895	6
3	339	1	0	8	11	0.00	0.00	2492	6
3	340	1	1	4	72	116.95	382.52	1262	7
3	341	1	0	8	21	0.00	0.00	2563	6
3	342	1	0	12	18	0.00	0.00	4222	6
3	343	1	1	8	2	-267.65	-297.26	2509	6
3	344	1	0	4	21	0.00	0.00	1639	7
3	345	1	0	4	75	0.00	0.00	1773	6
3	346	1	1	12	5	-323.61	-235.11	3558	6
3	347	1	1	12	12	116.95	382.52	2087	7
3	348	1	0	12	19	0.00	0.00	3878	6
3	349	1	0	8	27	0.00	0.00	2486	6
3	350	1	1	12	3	399.03	27.90	2679	7
3	351	1	1	8	5	251.73	310.86	1748	7
3	352	1	0	4	25	0.00	0.00	1725	6
3	353	1	0	12	15	0.00	0.00	3954	6
3	354	1	0	8	18	0.00	0.00	2558	6
3	355	1	1	4	40	301.88	262.42	1191	7
3	356	1	1	8	26	356.40	181.60	1833	6
3	357	1	0	4	36	0.00	0.00	2014	6
3	358	1	1	12	11	-297.26	-267.65	3375	7
3	359	1	0	8	5	0.00	0.00	3125	6
3	360	1	1	4	79	69.46	393.92	1205	7
3	361	2	0	12	27	0.00	0.00	2316	6
3	362	2	0	4	34	0.00	0.00	1119	6
3	363	2	1	8	0	-399.94	-6.98	886	7
3	364	2	1	4	33	331.62	223.68	836	7
3	365	2	0	12	22	0.00	0.00	1945	6
3	366	2	0	4	18	0.00	0.00	989	6
3	367	2	1	8	33	-76.32	-392.65	1963	7
3	368	2	1	8	11	217.86	335.47	1185	7
3	369	2	1	12	14	282.84	-282.84	1575	7
3	370	2	1	4	50	-251.73	-310.86	819	7
3	371	2	1	4	56	335.47	-217.86	963	6
3	372	2	1	4	31	339.22	211.97	965	7
3	373	2	0	8	19	0.00	0.00	1716	6
3	374	2	0	8	24	0.00	0.00	1405	6
3	375	2	1	8	0	-287.74	277.86	1464	7
3	376	2	0	4	29	0.00	0.00	1144	6
3	377	2	0	8	24	0.00	0.00	1582	6
3	378	2	0	4	64	0.00	0.00	1120	6
3	379	2	1	8	37	-246.26	315.20	876	7
3	380	2	0	8	42	0.00	0.00	1856	6
3	381	2	1	8	15	384.50	110.25	1384	7
3	382	2	0	8	37	0.00	0.00	1680	6
3	383	2	1	12	1	399.76	13.96	1451	7
3	384	2	0	4	10	0.00	0.00	1084	6
3	385	2	1	8	4	-34.86	398.48	885	7
3	386	2	0	4	89	0.00	0.00	858	6
3	387	2	1	12	20	-395.08	62.57	758	7
3	388	2	0	12	25	0.00	0.00	1898	6
3	389	2	1	12	5	235.11	-323.61	1879	7
3	390	2	0	8	16	0.00	0.00	1662	6
3	391	2	1	12	12	389.75	89.98	1427	7
3	392	2	0	12	24	0.00	0.00	2473	6
3	393	2	1	12	2	-20.93	399.45	1077	7
3	394	2	1	12	1	187.79	353.18	1453	7
3	395	2	0	4	27	0.00	0.00	759	6
3	396	2	0	4	83	0.00	0.00	1196	6
3	397	2	1	12	23	-162.69	365.42	817	7
3	398	2	0	12	12	0.00	0.00	1227	6
3	399	2	1	4	35	-235.11	323.61	667	7
3	400	2	1	8	36	-55.67	-396.11	1290	6
3	401	2	1	4	35	-235.11	323.61	947	7
3	402	2	0	4	35	0.00	0.00	1538	6
3	403	2	1	4	21	-149.84	370.87	634	7
3	404	2	0	8	34	0.00	0.00	1149	6
3	405	2	0	4	44	0.00	0.00	807	6
3	406	2	0	8	42	0.00	0.00	1475	6
3	407	2	0	12	3	0.00	0.00	1545	6
3	408	2	1	8	14	-346.41	200.00	749	7
3	409	2	0	4	57	0.00	0.00	806	6
3	410	2	0	12	15	0.00	0.00	1376	6
3	411	2	0	8	30	0.00	0.00	1735	6
3	412	2	0	4	84	0.00	0.00	949	6
3	413	2	1	8	6	315.20	-246.26	781	7
3	414	2	0	12	10	0.00	0.00	1738	6
3	415	2	1	8	26	-123.61	-380.42	803	7
3	416	2	0	8	36	0.00	0.00	1191	6
3	417	2	0	4	18	0.00	0.00	838	6
3	418	2	0	12	17	0.00	0.00	1284	6
3	419	2	1	8	7	240.73	319.45	1236	7
3	420	2	1	12	1	353.18	-187.79	1532	6
3	421	2	0	12	3	0.00	0.00	1313	6
3	422	2	1	4	3	27.90	-399.03	1002	7
3	423	2	0	8	28	0.00	0.00	1551	6
3	424	2	0	12	4	0.00	0.00	1920	6
3	425	2	0	4	68	0.00	0.00	1311	6
3	426	2	1	12	6	397.02	48.75	1710	6
3	427	2	1	4	31	339.22	211.97	942	7
3	428	2	0	12	1	0.00	0.00	2190	6
3	429	2	1	12	26	356.40	181.60	1381	7
3	430	2	0	4	45	0.00	0.00	1049	6
3	431	2	1	4	86	-20.93	-399.45	1129	7
3	432	2	0	4	45	0.00	0.00	1216	6
3	433	2	1	8	20	-365.42	162.69	804	7
3	434	2	1	8	39	398.48	-34.86	1367	7
3	435	2	1	4	84	-398.48	34.86	903	7
3	436	2	0	8	7	0.00	0.00	1499	6
3	437	2	1	4	7	396.11	55.67	955	7
3	438	2	1	12	13	-96.77	388.12	963	7
3	439	2	0	12	12	0.00	0.00	1949	6
3	440	2	0	8	37	0.00	0.00	1648	6
3	441	2	1	8	16	-382.52	-116.95	991	7
3	442	2	0	4	62	0.00	0.00	1418	6
3	443	2	1	12	12	292.54	272.80	1250	7
3	444	2	0	8	7	0.00	0.00	1538	6
3	445	2	0	4	79	0.00	0.00	1391	6
3	446	2	1	4	35	-323.61	-235.11	1221	7
3	447	2	1	4	88	-399.94	6.98	1393	7
3	448	2	0	12	8	0.00	0.00	1972	6
3	449	2	0	12	17	0.00	0.00	1861	6
3	450	2	1	12	9	-136.81	-375.88	1926	7
3	451	2	0	8	1	0.00	0.00	1877	6
3	452	2	1	8	30	-388.12	96.77	879	7
3	453	2	1	12	6	240.73	-319.45	1734	7
3	454	2	1	8	36	-396.11	55.67	684	7
3	455	2	0	8	23	0.00	0.00	1398	6
3	456	2	1	8	38	397.81	-41.81	787	7
3	457	2	0	8	13	0.00	0.00	1687	6
3	458	2	0	12	5	0.00	0.00	1842	6
3	459	2	1	8	3	-27.90	399.03	1087	7
3	460	2	1	12	27	187.79	-353.18	1223	7
3	461	2	0	8	26	0.00	0.00	1541	6
3	462	2	1	12	5	162.69	365.42	1058	7
3	463	2	0	12	11	0.00	0.00	1236	6
3	464	2	1	12	0	206.02	-342.87	1310	7
3	465	2	0	4	17	0.00	0.00	1287	6
3	466	2	0	8	1	0.00	0.00	1646	6
3	467	2	0	12	15	0.00	0.00	1555	6
3	468	2	0	12	23	0.00	0.00	2113	6
3	469	2	1	4	26	-181.60	356.40	802	7
3	470	2	1	4	11	83.16	-391.26	1073	7
3	471	2	1	8	43	-6.98	-399.94	1394	7
3	472	2	1	4	4	-398.48	-34.86	1024	7
3	473	2	1	12	7	246.26	-315.20	1661	7
3	474	2	1	12	14	-282.84	282.84	854	7
3	475	2	0	4	64	0.00	0.00	1231	6
3	476	2	0	12	20	0.00	0.00	1780	6
3	477	2	1	4	72	382.52	-116.95	986	7
3	478	2	1	4	66	-156.29	-368.20	814	7
3	479	2	0	8	8	0.00	0.00	1829	6
3	480	2	1	4	66	-368.20	156.29	562	7
