blk	trl	target	search	nitems	rot_offset	tpos_x	tpos_y	rt	button
1	2	2	1	8	26	181.60	-356.40	1.9830	7
1	3	2	1	8	4	-306.42	257.12	2.0200	7
1	4	2	1	12	12	389.75	89.98	1.1090	7
1	5	2	1	8	38	310.86	251.73	1.5750	7
1	6	2	0	12	22	0.00	0.00	3.1870	6
1	7	2	0	4	2	0.00	0.00	1.5000	6
1	8	2	1	8	30	-388.12	96.77	2.0620	7
1	9	2	1	8	44	-282.84	282.84	1.1130	7
1	10	2	0	8	4	0.00	0.00	1.5090	6
1	11	2	1	8	5	-397.81	-41.81	1.7820	7
1	12	2	0	8	10	0.00	0.00	1.7520	6
1	13	2	1	8	43	-6.98	-399.94	1.4720	7
1	14	2	1	8	23	-162.69	365.42	1.0770	7
1	15	2	1	8	43	6.98	399.94	1.5150	7
1	16	2	0	12	6	0.00	0.00	2.3000	6
1	17	2	1	8	7	396.11	55.67	1.1850	7
1	18	2	0	4	60	0.00	0.00	1.1370	6
1	19	2	1	8	10	392.65	76.32	1.0610	7
1	20	2	0	4	11	0.00	0.00	1.5110	6
1	21	2	0	8	23	0.00	0.00	1.7180	6
1	22	2	1	4	32	217.86	-335.47	1.7260	7
1	23	2	0	12	17	0.00	0.00	1.9260	6
1	24	2	0	12	29	0.00	0.00	2.6370	6
1	25	2	1	8	11	83.16	-391.26	1.0610	7
1	26	2	0	12	14	0.00	0.00	1.9020	6
1	27	2	0	12	14	0.00	0.00	2.6560	6
1	28	2	1	8	39	398.48	-34.86	1.1660	7
1	29	2	0	8	13	0.00	0.00	1.8520	6
1	30	2	0	8	23	0.00	0.00	1.6660	6
1	31	2	0	8	13	0.00	0.00	1.8280	6
1	32	2	0	12	7	0.00	0.00	2.3420	6
1	33	2	0	4	83	0.00	0.00	1.1870	6
1	34	2	1	4	89	-0.00	-400.00	0.8530	7
1	35	2	1	8	23	-365.42	-162.69	1.5670	7
1	36	2	1	12	3	223.68	-331.62	0.9750	7
1	37	2	0	12	12	0.00	0.00	2.0310	6
1	38	2	1	12	18	-378.21	-130.23	1.4140	7
1	39	2	1	4	29	200.00	-346.41	1.6750	7
1	40	2	0	8	41	0.00	0.00	2.0800	6
1	41	2	1	12	10	-262.42	301.88	2.3750	6
1	42	2	0	12	27	0.00	0.00	2.1550	6
1	43	2	0	12	24	0.00	0.00	1.8420	6
1	44	2	1	4	20	-143.35	373.43	1.2990	7
1	45	2	0	4	49	0.00	0.00	1.2950	6
1	46	2	1	4	17	-380.42	-123.61	0.8470	7
1	47	2	1	12	26	-356.40	-181.60	2.1160	7
1	48	2	1	4	65	162.69	365.42	1.4050	6
1	49	2	0	4	75	0.00	0.00	1.1330	6
1	50	2	1	4	50	310.86	-251.73	0.9530	7
1	51	2	1	12	25	223.68	331.62	0.9450	7
1	52	2	1	12	29	-200.00	346.41	1.0470	7
1	53	2	1	4	5	41.81	-397.81	1.4960	7
1	54	2	1	4	63	359.52	-175.35	1.1320	7
1	55	2	1	8	12	-339.22	211.97	0.9790	7
1	56	2	1	12	16	272.80	292.54	1.1100	7
1	57	2	0	8	19	0.00	0.00	2.2770	6
1	58	2	0	12	26	0.00	0.00	2.0520	6
1	59	2	0	12	19	0.00	0.00	2.0490	6
1	60	2	0	12	1	0.00	0.00	1.9630	6
1	61	2	0	4	3	0.00	0.00	1.4580	6
1	62	2	1	4	17	380.42	123.61	1.0580	7
1	63	2	0	4	55	0.00	0.00	1.7010	6
1	64	2	0	4	11	0.00	0.00	1.4460	6
1	65	2	1	4	4	398.48	34.86	1.4580	7
1	66	2	1	12	8	310.86	251.73	1.7610	7
1	67	2	1	8	34	-393.92	69.46	1.5610	7
1	68	2	0	12	14	0.00	0.00	1.8240	6
1	69	2	0	8	40	0.00	0.00	1.4640	6
1	70	2	1	8	40	-399.03	27.90	1.6870	7
1	71	2	1	12	5	-41.81	397.81	1.2470	7
1	72	2	0	4	51	0.00	0.00	1.2200	6
1	73	2	0	8	3	0.00	0.00	1.7850	6
1	74	2	0	8	38	0.00	0.00	1.4550	6
1	75	2	0	8	31	0.00	0.00	1.5350	6
1	76	2	1	4	55	-331.62	223.68	0.6660	7
1	77	2	1	12	10	-130.23	-378.21	1.4670	7
1	78	2	0	8	35	0.00	0.00	1.6440	6
1	79	2	1	12	24	-229.43	-327.66	0.9460	7
1	80	2	0	12	19	0.00	0.00	1.4800	6
1	81	2	0	8	1	0.00	0.00	1.7050	6
1	82	2	1	4	4	-398.48	-34.86	0.7710	7
1	83	2	1	4	68	-143.35	-373.43	1.0970	7
1	84	2	0	8	26	0.00	0.00	1.8620	6
1	85	2	1	12	15	-277.86	-287.74	1.0560	7
1	86	2	0	4	30	0.00	0.00	0.8350	6
1	87	2	0	4	54	0.00	0.00	1.1800	6
1	88	2	0	12	20	0.00	0.00	1.6040	6
1	89	2	0	12	17	0.00	0.00	2.0400	6
1	90	2	0	12	1	0.00	0.00	1.6480	6
1	91	2	1	12	21	370.87	149.84	1.5280	7
1	92	2	0	8	40	0.00	0.00	1.5070	6
1	93	2	1	8	16	116.95	-382.52	1.5360	7
1	94	2	1	12	28	-193.92	349.85	1.2500	7
1	95	2	1	12	29	-200.00	-346.41	1.1110	7
1	96	2	0	12	22	0.00	0.00	1.8590	6
1	97	2	0	4	52	0.00	0.00	1.2530	6
1	98	2	1	8	32	-335.47	-217.86	1.5640	7
1	99	2	1	4	27	353.18	187.79	1.5360	7
1	100	2	0	4	57	0.00	0.00	0.8990	6
1	101	2	0	4	5	0.00	0.00	0.8470	6
1	102	2	1	12	17	-267.65	-297.26	1.6670	7
1	103	2	1	4	56	-217.86	-335.47	0.8120	7
1	104	2	1	12	28	399.94	-6.98	0.9970	7
1	105	2	0	8	26	0.00	0.00	1.4090	6
1	106	2	0	12	3	0.00	0.00	1.8890	6
1	107	2	0	12	9	0.00	0.00	1.4580	6
1	108	2	0	8	41	0.00	0.00	1.5590	6
1	109	2	0	4	2	0.00	0.00	0.9930	6
1	110	2	1	12	16	-389.75	89.98	1.8930	7
1	111	2	1	4	32	335.47	217.86	1.1210	7
1	112	2	1	12	6	-397.02	-48.75	0.8070	7
1	113	2	1	4	50	251.73	310.86	0.9960	7
1	114	2	1	12	1	-187.79	-353.18	1.5810	7
1	115	2	1	8	5	397.81	41.81	1.2680	7
1	116	2	1	4	6	-48.75	397.02	0.7190	7
1	117	2	1	12	10	392.65	76.32	1.2950	7
1	118	2	0	12	12	0.00	0.00	1.7740	6
1	119	2	1	4	59	-200.00	-346.41	0.8750	7
1	120	2	0	4	67	0.00	0.00	1.3240	6
1	121	2	1	4	39	257.12	-306.42	0.7330	7
1	122	2	0	4	39	0.00	0.00	1.3860	6
1	123	2	0	12	19	0.00	0.00	2.8030	6
1	124	2	0	12	1	0.00	0.00	2.1330	6
1	125	2	1	12	12	-116.95	-382.52	2.0710	7
1	126	2	1	4	68	-143.35	-373.43	1.2410	7
1	127	2	1	8	5	310.86	-251.73	2.5570	7
1	128	2	1	12	23	-365.42	-162.69	2.5290	7
1	129	2	1	4	59	-200.00	-346.41	1.0860	7
1	130	2	0	4	1	0.00	0.00	2.6000	6
1	131	2	1	4	6	-48.75	397.02	1.2740	7
1	132	2	0	12	23	0.00	0.00	1.5140	6
1	133	2	1	12	3	-27.90	399.03	0.8180	7
1	134	2	1	8	29	-103.53	-386.37	1.3390	7
1	135	2	0	4	70	0.00	0.00	0.8920	6
1	136	2	0	12	5	0.00	0.00	1.3650	6
1	137	2	1	8	38	-310.86	-251.73	1.6550	7
1	138	2	0	12	22	0.00	0.00	1.3370	6
1	139	2	0	12	27	0.00	0.00	1.3600	6
1	140	2	0	4	20	0.00	0.00	1.0650	6
1	141	2	1	8	22	-370.87	149.84	0.9970	7
1	142	2	1	4	40	262.42	-301.88	1.0820	7
1	143	2	1	8	13	388.12	96.77	1.3070	6
1	144	2	0	8	36	0.00	0.00	1.6100	6
1	145	2	0	4	2	0.00	0.00	1.0140	6
1	146	2	1	4	87	13.96	399.76	0.9720	7
1	147	2	0	12	7	0.00	0.00	1.7560	6
1	148	2	0	4	75	0.00	0.00	1.3260	6
1	149	2	1	12	5	-365.42	162.69	1.8070	7
1	150	2	1	8	9	69.46	-393.92	1.0530	7
1	151	2	1	4	79	69.46	393.92	1.2260	7
1	152	2	0	8	43	0.00	0.00	1.0230	6
1	153	2	1	12	26	356.40	181.60	1.3790	6
1	154	2	1	8	13	206.02	342.87	0.9990	7
1	155	2	1	4	22	-156.29	368.20	0.8840	7
1	156	2	0	4	34	0.00	0.00	0.8670	6
1	157	2	0	8	40	0.00	0.00	1.4400	6
1	158	2	1	4	21	-370.87	-149.84	0.7170	7
1	159	2	0	12	11	0.00	0.00	1.6350	6
1	160	2	0	8	25	0.00	0.00	1.4620	6
1	161	2	0	4	70	0.00	0.00	1.2670	6
1	162	2	1	8	12	211.97	339.22	1.2500	7
1	163	2	1	4	16	382.52	116.95	0.9230	7
1	164	2	1	8	41	399.45	-20.93	0.6360	7
1	165	2	0	4	20	0.00	0.00	1.3300	6
1	166	2	0	8	37	0.00	0.00	1.3120	6
1	167	2	1	4	10	-392.65	-76.32	1.0650	7
1	168	2	0	4	82	0.00	0.00	1.1420	6
1	169	2	0	8	27	0.00	0.00	1.3140	6
1	170	2	0	12	28	0.00	0.00	1.9860	6
1	171	2	0	8	8	0.00	0.00	2.2880	6
1	172	2	0	12	13	0.00	0.00	2.0790	6
1	173	2	0	4	36	0.00	0.00	1.3530	6
1	174	2	0	4	14	0.00	0.00	1.0690	6
1	175	2	0	8	24	0.00	0.00	1.6930	6
1	176	2	1	12	1	-211.97	339.22	1.2820	7
1	177	2	1	4	88	6.98	399.94	0.9880	7
1	178	2	1	8	41	-399.45	20.93	1.6320	7
1	179	2	1	8	11	83.16	-391.26	1.2870	7
1	180	2	1	12	1	-187.79	-353.18	1.3580	7
1	181	2	1	4	30	-206.02	342.87	1.4210	7
1	182	2	1	4	17	123.61	-380.42	0.9090	7
1	183	2	0	4	0	0.00	0.00	1.3710	6
1	184	2	1	4	34	-327.66	-229.43	1.6550	7
1	185	2	0	8	38	0.00	0.00	1.4270	6
1	186	2	0	12	15	0.00	0.00	2.0300	6
1	187	2	0	4	43	0.00	0.00	0.9650	6
1	188	2	0	4	61	0.00	0.00	1.4860	6
1	189	2	1	8	30	96.77	388.12	0.9870	7
1	190	2	0	8	25	0.00	0.00	1.7540	6
1	191	2	1	12	8	-143.35	-373.43	1.3050	7
1	192	2	1	8	7	-396.11	-55.67	1.6260	7
1	193	2	1	12	27	339.22	-211.97	1.0230	7
1	194	2	0	4	40	0.00	0.00	0.7680	6
1	195	2	0	8	15	0.00	0.00	1.3710	6
1	196	2	0	12	4	0.00	0.00	2.1700	6
1	197	2	0	8	21	0.00	0.00	1.7320	6
1	198	2	1	8	38	-41.81	-397.81	0.7990	7
1	199	2	1	8	22	149.84	370.87	0.9740	7
1	200	2	0	4	1	0.00	0.00	1.2780	6
1	201	2	0	8	37	0.00	0.00	2.0840	6
1	202	2	1	12	3	-331.62	-223.68	1.7950	7
1	203	2	0	8	21	0.00	0.00	1.4690	6
1	204	2	1	8	8	395.08	62.57	1.0580	7
1	205	2	0	12	5	0.00	0.00	2.0310	6
1	206	2	1	12	23	-41.81	-397.81	1.2490	7
1	207	2	0	12	15	0.00	0.00	1.5700	6
1	208	2	1	12	19	-393.92	69.46	1.6440	7
1	209	2	0	4	45	0.00	0.00	1.0220	6
1	210	2	0	4	33	0.00	0.00	1.0590	6
1	211	2	1	12	20	251.73	310.86	0.9350	7
1	212	2	0	8	38	0.00	0.00	1.4020	6
1	213	2	1	4	16	382.52	116.95	1.3920	7
1	214	2	0	8	0	0.00	0.00	2.2390	6
1	215	2	1	12	14	282.84	282.84	0.8680	7
1	216	2	1	12	4	362.52	-169.05	1.7060	7
1	217	2	1	12	28	399.94	-6.98	0.9740	7
1	218	2	0	12	13	0.00	0.00	1.9060	6
1	219	2	0	4	59	0.00	0.00	0.8910	6
1	220	2	0	4	63	0.00	0.00	0.8500	6
1	221	2	0	8	9	0.00	0.00	1.4290	6
1	222	2	1	4	84	398.48	-34.86	1.0830	7
1	223	2	0	8	22	0.00	0.00	1.6880	6
1	224	2	0	8	21	0.00	0.00	1.9910	6
1	225	2	0	4	29	0.00	0.00	1.0090	6
1	226	2	1	4	89	-400.00	0.00	1.0610	7
1	227	2	1	8	28	-193.92	349.85	1.0350	7
1	228	2	1	4	17	-380.42	-123.61	1.6620	7
1	229	2	0	12	4	0.00	0.00	1.8370	6
1	230	2	1	8	2	-297.26	267.65	0.8040	7
1	231	2	1	8	6	-246.26	-315.20	1.3270	7
1	232	2	1	12	8	310.86	251.73	1.7250	7
1	233	2	0	12	12	0.00	0.00	1.7520	6
1	234	2	0	8	42	0.00	0.00	1.4980	6
1	235	2	0	8	9	0.00	0.00	1.7250	6
1	236	2	0	12	28	0.00	0.00	1.5610	6
1	237	2	1	8	33	76.32	392.65	0.8870	7
1	238	2	0	4	80	0.00	0.00	1.2510	6
1	239	2	1	4	18	-378.21	-130.23	0.7340	7
1	240	2	1	12	26	-217.86	-335.47	1.3510	7
1	241	0	0	12	3	0.00	0.00	5.6120	6
1	242	0	0	12	1	0.00	0.00	4.5970	6
1	243	0	1	12	8	310.86	251.73	1.8550	7
1	244	0	0	12	15	0.00	0.00	5.1820	6
1	245	0	0	12	25	0.00	0.00	4.4910	6
1	246	0	0	12	24	0.00	0.00	4.5330	6
1	247	0	0	8	42	0.00	0.00	3.1940	6
1	248	0	1	8	40	-27.90	-399.03	2.8060	7
1	249	0	0	12	13	0.00	0.00	4.1570	6
1	250	0	0	8	1	0.00	0.00	3.3200	6
1	251	0	0	8	42	0.00	0.00	3.1800	6
1	252	0	1	8	41	-297.26	-267.65	2.1890	7
1	253	0	1	4	1	399.76	13.96	1.1990	7
1	254	0	0	12	28	0.00	0.00	3.5200	6
1	255	0	1	8	3	-399.03	-27.90	2.5900	7
1	256	0	0	8	4	0.00	0.00	2.6910	6
1	257	0	1	8	16	-353.18	187.79	2.8210	7
1	258	0	0	12	20	0.00	0.00	4.2490	6
1	259	0	1	4	38	310.86	251.73	1.1750	7
1	260	0	0	8	44	0.00	0.00	2.9820	6
1	261	0	1	8	39	-398.48	34.86	2.6970	7
1	262	0	1	8	10	-331.62	223.68	2.9620	7
1	263	0	1	8	43	-6.98	-399.94	2.0730	7
1	264	0	1	12	28	-349.85	-193.92	3.0460	7
1	265	0	1	4	43	-277.86	287.74	1.2130	7
1	266	0	1	8	20	-365.42	162.69	2.8690	7
1	267	0	1	4	51	315.20	-246.26	1.4660	7
1	268	0	1	12	25	175.35	-359.52	2.7640	7
1	269	0	0	8	20	0.00	0.00	3.0640	6
1	270	0	0	12	12	0.00	0.00	5.0570	6
1	271	0	0	4	38	0.00	0.00	2.5750	6
1	272	0	0	8	15	0.00	0.00	3.1920	6
1	273	0	1	12	21	315.20	-246.26	2.6150	7
1	274	0	0	4	11	0.00	0.00	2.0030	6
1	275	0	1	4	70	-130.23	-378.21	1.7580	7
1	276	0	1	12	29	-200.00	-346.41	3.3260	7
1	277	0	0	8	16	0.00	0.00	3.7700	6
1	278	0	1	12	18	262.42	301.88	1.7370	7
1	279	0	0	12	24	0.00	0.00	4.1170	6
1	280	0	1	8	42	292.54	272.80	1.8290	7
1	281	0	0	8	2	0.00	0.00	3.4080	6
1	282	0	0	4	80	0.00	0.00	1.5620	6
1	283	0	1	8	18	175.35	359.52	2.1440	7
1	284	0	0	12	12	0.00	0.00	4.7980	6
1	285	0	0	4	53	0.00	0.00	1.6210	6
1	286	0	0	4	66	0.00	0.00	2.1320	6
1	287	0	1	4	80	395.08	-62.57	1.5620	7
1	288	0	1	4	44	-282.84	-282.84	1.8090	7
1	289	0	1	12	7	149.84	370.87	2.1680	7
1	290	0	1	4	10	392.65	76.32	1.7770	7
1	291	0	0	4	69	0.00	0.00	2.1830	7
1	292	0	1	12	27	-211.97	-339.22	4.2870	7
1	293	0	1	4	27	353.18	187.79	1.1960	7
1	294	0	0	12	2	0.00	0.00	4.7550	6
1	295	0	0	8	17	0.00	0.00	3.3560	6
1	296	0	1	12	25	399.03	-27.90	3.2860	7
1	297	0	1	12	10	-76.32	392.65	1.7520	7
1	298	0	0	12	17	0.00	0.00	5.6850	6
1	299	0	0	12	6	0.00	0.00	4.8950	6
1	300	0	1	12	23	-41.81	-397.81	3.1850	7
1	301	0	1	4	41	-297.26	-267.65	1.8000	7
1	302	0	1	12	19	-306.42	257.12	3.6590	7
1	303	0	0	8	42	0.00	0.00	2.8660	6
1	304	0	1	8	4	-257.12	-306.42	2.2600	7
1	305	0	0	8	40	0.00	0.00	2.7440	6
1	306	0	1	12	4	-34.86	398.48	1.2000	7
1	307	0	0	4	6	0.00	0.00	2.0080	6
1	308	0	0	4	30	0.00	0.00	1.4050	6
1	309	0	1	4	69	375.88	-136.81	1.5230	7
1	310	0	1	4	47	297.26	-267.65	1.6210	7
1	311	0	1	4	62	-181.60	-356.40	1.9310	7
1	312	0	1	4	58	342.87	-206.02	1.5990	7
1	313	0	1	12	1	353.18	-187.79	2.7680	7
1	314	0	0	4	82	0.00	0.00	2.0120	6
1	315	0	1	4	33	223.68	-331.62	1.5010	7
1	316	0	0	12	20	0.00	0.00	4.2880	6
1	317	0	1	8	38	251.73	-310.86	2.4970	7
1	318	0	0	4	8	0.00	0.00	1.8030	6
1	319	0	1	8	20	143.35	-373.43	2.2300	7
1	320	0	1	8	35	235.11	-323.61	2.1570	7
1	321	0	0	8	1	0.00	0.00	3.2870	6
1	322	0	1	4	16	-116.95	382.52	1.3570	7
1	323	0	0	12	28	0.00	0.00	3.6380	6
1	324	0	1	4	37	246.26	-315.20	2.3720	7
1	325	0	1	12	17	-123.61	380.42	1.3720	7
1	326	0	1	12	29	346.41	200.00	2.0580	7
1	327	0	0	4	24	0.00	0.00	1.7940	6
1	328	0	1	4	86	399.45	-20.93	1.2100	7
1	329	0	0	12	19	0.00	0.00	3.5990	6
1	330	0	1	12	7	-55.67	396.11	1.6340	7
1	331	0	0	8	28	0.00	0.00	2.5540	6
1	332	0	1	4	71	123.61	380.42	1.1390	7
1	333	0	1	8	42	-292.54	-272.80	2.8100	7
1	334	0	0	4	88	0.00	0.00	1.5730	6
1	335	0	0	4	89	0.00	0.00	1.7690	6
1	336	0	1	8	8	-323.61	235.11	1.1680	7
1	337	0	0	12	9	0.00	0.00	3.8020	6
1	338	0	1	12	29	-346.41	200.00	1.2840	7
1	339	0	1	12	16	-89.98	-389.75	3.6310	7
1	340	0	1	4	1	399.76	13.96	1.5210	7
1	341	0	1	8	36	396.11	-55.67	2.2630	7
1	342	0	0	4	68	0.00	0.00	1.9730	6
1	343	0	0	8	30	0.00	0.00	3.1060	6
1	344	0	1	4	40	301.88	262.42	1.3820	7
1	345	0	1	8	13	206.02	342.87	1.6780	7
1	346	0	1	8	26	-123.61	-380.42	2.9250	7
1	347	0	0	4	5	0.00	0.00	1.7610	6
1	348	0	0	8	41	0.00	0.00	2.4590	6
1	349	0	1	4	29	200.00	-346.41	1.8310	7
1	350	0	1	8	21	156.29	368.20	1.5900	6
1	351	0	0	4	27	0.00	0.00	1.6060	6
1	352	0	0	12	12	0.00	0.00	4.7060	6
1	353	0	0	12	14	0.00	0.00	4.4770	6
1	354	0	1	4	41	297.26	267.65	1.9900	7
1	355	0	1	8	32	217.86	-335.47	3.0550	6
1	356	0	1	12	9	-375.88	136.81	1.2870	7
1	357	0	0	12	7	0.00	0.00	5.2910	6
1	358	0	1	8	21	-368.20	156.29	1.2920	7
1	359	0	1	12	4	-34.86	398.48	1.8840	7
1	360	0	0	12	16	0.00	0.00	4.1040	6
1	361	0	0	4	78	0.00	0.00	1.6610	6
1	362	0	1	4	47	297.26	-267.65	1.6900	7
1	363	0	1	12	5	-397.81	-41.81	3.6630	6
1	364	0	0	4	31	0.00	0.00	1.7070	6
1	365	0	0	4	81	0.00	0.00	1.8550	6
1	366	0	1	12	27	-13.96	-399.76	2.8680	7
1	367	0	1	8	22	-156.29	368.20	1.3170	7
1	368	0	1	4	16	-382.52	-116.95	1.2310	7
1	369	0	0	8	13	0.00	0.00	2.8990	6
1	370	0	0	12	21	0.00	0.00	4.0340	6
1	371	0	0	12	11	0.00	0.00	4.4690	6
1	372	0	0	4	67	0.00	0.00	1.7850	6
1	373	0	1	8	1	-272.80	-292.54	2.9680	7
1	374	0	1	12	19	-375.88	-136.81	5.2660	7
1	375	0	0	4	29	0.00	0.00	2.0970	6
1	376	0	0	12	21	0.00	0.00	4.9390	6
1	377	0	1	12	13	-384.50	110.25	4.4240	7
1	378	0	0	8	43	0.00	0.00	2.9660	6
1	379	0	1	8	26	-123.61	-380.42	3.2520	7
1	380	0	0	4	44	0.00	0.00	1.8570	6
1	381	0	0	8	14	0.00	0.00	3.4930	6
1	382	0	0	4	12	0.00	0.00	1.9580	6
1	383	0	1	8	24	-362.52	-169.05	2.9210	6
1	384	0	1	4	8	395.08	62.57	1.8290	7
1	385	0	1	4	15	110.25	-384.50	1.8480	7
1	386	0	1	4	76	89.98	389.75	1.2460	7
1	387	0	0	4	21	0.00	0.00	1.9010	6
1	388	0	1	8	2	-399.45	-20.93	1.2260	7
1	389	0	1	8	18	-359.52	175.35	1.2680	7
1	390	0	0	4	51	0.00	0.00	2.1900	6
1	391	0	0	4	40	0.00	0.00	1.9510	6
1	392	0	0	8	23	0.00	0.00	2.7200	6
1	393	0	0	8	26	0.00	0.00	3.0930	6
1	394	0	1	12	23	235.11	323.61	2.3610	7
1	395	0	0	4	80	0.00	0.00	1.9190	6
1	396	0	1	8	32	-83.16	-391.26	2.8840	7
1	397	0	1	4	41	-267.65	297.26	1.7380	6
1	398	0	0	4	34	0.00	0.00	2.3240	6
1	399	0	0	12	16	0.00	0.00	4.5140	6
1	400	0	0	12	13	0.00	0.00	4.0270	6
1	401	0	1	12	12	-292.54	-272.80	3.9220	7
1	402	0	0	12	0	0.00	0.00	4.4460	6
1	403	0	0	12	16	0.00	0.00	4.2450	6
1	404	0	1	8	22	-370.87	149.84	1.4610	7
1	405	0	0	4	78	0.00	0.00	1.8050	6
1	406	0	0	12	2	0.00	0.00	4.1290	6
1	407	0	0	8	39	0.00	0.00	3.2500	6
1	408	0	1	4	39	-257.12	306.42	1.4940	7
1	409	0	0	8	18	0.00	0.00	2.7030	6
1	410	0	1	4	81	-396.11	55.67	1.2360	7
1	411	0	0	8	5	0.00	0.00	2.5410	6
1	412	0	0	8	25	0.00	0.00	2.6320	6
1	413	0	1	12	12	382.52	-116.95	2.7110	7
1	414	0	1	4	26	-356.40	-181.60	1.4060	7
1	415	0	0	12	14	0.00	0.00	4.0250	6
1	416	0	1	12	17	380.42	123.61	2.2790	7
1	417	0	1	4	43	-287.74	-277.86	1.6430	6
1	418	0	0	12	17	0.00	0.00	4.1580	6
1	419	0	0	8	19	0.00	0.00	2.6530	6
1	420	0	0	8	33	0.00	0.00	3.3580	6
1	421	0	0	8	17	0.00	0.00	2.6790	6
1	422	0	0	8	2	0.00	0.00	2.9510	6
1	423	0	0	8	33	0.00	0.00	2.5170	6
1	424	0	0	4	34	0.00	0.00	1.8530	7
1	425	0	0	8	42	0.00	0.00	2.9410	6
1	426	0	0	12	14	0.00	0.00	4.1930	6
1	427	0	0	8	26	0.00	0.00	3.0870	6
1	428	0	1	12	3	27.90	-399.03	3.4080	7
1	429	0	1	12	29	-200.00	-346.41	4.5200	7
1	430	0	1	12	7	-315.20	-246.26	5.0640	7
1	431	0	0	4	46	0.00	0.00	2.1750	6
1	432	0	1	12	2	-335.47	-217.86	4.4750	6
1	433	0	0	8	17	0.00	0.00	3.6030	6
1	434	0	0	12	21	0.00	0.00	5.2590	6
1	435	0	1	8	25	-359.52	-175.35	1.3660	7
1	436	0	0	8	32	0.00	0.00	3.0820	6
1	437	0	1	4	5	41.81	-397.81	1.8480	7
1	438	0	0	12	14	0.00	0.00	4.7170	6
1	439	0	0	12	19	0.00	0.00	3.9400	6
1	440	0	0	8	43	0.00	0.00	2.8450	6
1	441	0	0	8	17	0.00	0.00	2.8960	6
1	442	0	1	4	77	391.26	-83.16	1.6130	7
1	443	0	1	8	38	310.86	251.73	1.7510	7
1	444	0	0	4	50	0.00	0.00	2.0720	6
1	445	0	1	12	10	-76.32	392.65	1.5100	7
1	446	0	1	4	64	-362.52	169.05	1.1630	7
1	447	0	0	12	5	0.00	0.00	4.0520	6
1	448	0	0	4	54	0.00	0.00	1.9330	6
1	449	0	0	4	76	0.00	0.00	1.7430	6
1	450	0	0	4	17	0.00	0.00	1.8380	6
1	451	0	0	8	40	0.00	0.00	3.0250	6
1	452	0	1	12	17	380.42	123.61	2.2160	7
1	453	0	0	4	61	0.00	0.00	1.5660	6
1	454	0	1	12	28	-399.94	6.98	1.2210	7
1	455	0	1	12	23	41.81	397.81	1.6980	7
1	456	0	1	8	6	-246.26	-315.20	3.1730	7
1	457	0	1	12	5	41.81	-397.81	4.2830	7
1	458	0	1	8	40	262.42	-301.88	2.4160	7
1	459	0	1	8	25	-378.21	130.23	1.3510	7
1	460	0	0	4	21	0.00	0.00	2.1130	6
1	461	0	0	8	8	0.00	0.00	2.8210	6
1	462	0	1	8	18	-378.21	-130.23	1.2800	7
1	463	0	0	12	26	0.00	0.00	4.3620	6
1	464	0	0	8	29	0.00	0.00	2.6300	6
1	465	0	1	4	26	181.60	-356.40	1.7410	7
1	466	0	0	4	10	0.00	0.00	1.6630	6
1	467	0	1	4	85	27.90	399.03	1.1960	7
1	468	0	1	8	35	-62.57	-395.08	2.6950	7
1	469	0	1	8	16	-187.79	-353.18	2.9560	7
1	470	0	1	8	43	-277.86	287.74	1.2180	7
1	471	0	0	12	28	0.00	0.00	3.9980	6
1	472	0	0	4	11	0.00	0.00	1.5090	6
1	473	0	1	12	20	-310.86	251.73	1.1840	7
1	474	0	0	12	13	0.00	0.00	4.1820	6
1	475	0	1	12	12	89.98	-389.75	3.2340	7
1	476	0	1	4	42	292.54	272.80	1.4240	7
1	477	0	0	4	15	0.00	0.00	1.8450	6
1	478	0	1	4	32	-217.86	335.47	1.2260	7
1	479	0	0	8	40	0.00	0.00	3.1320	6
1	480	0	1	8	5	-251.73	-310.86	2.9680	7
1	481	1	0	12	16	0.00	0.00	2.3250	6
1	482	1	1	4	48	262.42	301.88	0.8980	7
1	483	1	0	12	11	0.00	0.00	1.9500	6
1	484	1	1	4	24	-362.52	-169.05	1.0670	7
1	485	1	1	12	4	169.05	362.52	1.8740	7
1	486	1	0	12	24	0.00	0.00	2.1220	6
1	487	1	1	8	32	391.26	-83.16	1.2310	7
1	488	1	0	8	43	0.00	0.00	2.1780	6
1	489	1	0	4	22	0.00	0.00	1.1240	6
1	490	1	1	4	35	-235.11	323.61	1.5340	6
1	491	1	1	12	6	-368.20	156.29	0.9640	7
1	492	1	0	12	7	0.00	0.00	2.0110	6
1	493	1	1	4	68	-143.35	-373.43	1.2830	7
1	494	1	0	8	38	0.00	0.00	2.0490	6
1	495	1	0	4	77	0.00	0.00	1.2720	7
1	496	1	1	4	28	-193.92	349.85	0.9220	7
1	497	1	0	8	22	0.00	0.00	1.3280	7
1	498	1	1	8	33	223.68	-331.62	2.0400	6
1	499	1	1	8	5	251.73	310.86	1.5530	7
1	500	1	1	4	50	-310.86	251.73	1.3530	7
1	501	1	0	4	60	0.00	0.00	1.4250	6
1	502	1	1	12	6	240.73	-319.45	2.0350	7
1	503	1	0	8	10	0.00	0.00	1.8290	6
1	504	1	1	4	79	-69.46	-393.92	1.3060	7
1	505	1	1	8	7	319.45	-240.73	1.7320	7
1	506	1	0	8	15	0.00	0.00	1.8540	6
1	507	1	0	12	13	0.00	0.00	2.2640	6
1	508	1	1	8	39	398.48	-34.86	1.5310	6
1	509	1	1	4	33	-331.62	-223.68	1.2660	7
1	510	1	0	8	7	0.00	0.00	1.9760	6
1	511	1	0	8	36	0.00	0.00	2.3470	6
1	512	1	0	4	61	0.00	0.00	1.2240	6
1	513	1	1	4	1	-399.76	-13.96	0.8760	7
1	514	1	0	4	42	0.00	0.00	1.3680	6
1	515	1	1	8	35	-395.08	62.57	2.2200	7
1	516	1	0	12	19	0.00	0.00	2.0170	6
1	517	1	1	4	54	-327.66	229.43	1.1810	7
1	518	1	1	12	13	388.12	96.77	1.0490	7
1	519	1	1	12	17	-267.65	-297.26	1.6190	7
1	520	1	1	4	11	83.16	-391.26	1.1890	7
1	521	1	0	8	26	0.00	0.00	2.3260	6
1	522	1	1	8	6	397.02	48.75	1.3400	7
1	523	1	1	4	22	368.20	156.29	1.0110	7
1	524	1	1	4	64	-362.52	169.05	1.1910	6
1	525	1	0	4	14	0.00	0.00	1.2030	6
1	526	1	0	8	28	0.00	0.00	1.8140	6
1	527	1	0	4	1	0.00	0.00	1.3740	6
1	528	1	1	12	18	-130.23	378.21	0.9740	7
1	529	1	0	8	7	0.00	0.00	1.9500	6
1	530	1	1	12	28	-6.98	-399.94	1.5200	7
1	531	1	0	4	22	0.00	0.00	1.1890	6
1	532	1	1	4	28	349.85	193.92	1.0120	7
1	533	1	1	4	87	399.76	-13.96	1.1790	6
1	534	1	0	4	16	0.00	0.00	1.3150	6
1	535	1	1	8	22	-368.20	-156.29	1.7960	7
1	536	1	0	12	1	0.00	0.00	2.2100	6
1	537	1	0	8	14	0.00	0.00	2.3210	6
1	538	1	0	8	42	0.00	0.00	1.8700	6
1	539	1	0	12	5	0.00	0.00	1.9910	6
1	540	1	1	4	36	-319.45	-240.73	1.0400	7
1	541	1	1	8	17	-356.40	181.60	1.6200	7
1	542	1	1	4	34	-327.66	-229.43	1.0910	7
1	543	1	1	12	25	331.62	-223.68	2.2360	7
1	544	1	1	8	7	-240.73	-319.45	1.9080	7
1	545	1	1	4	61	-187.79	-353.18	1.3180	7
1	546	1	0	8	37	0.00	0.00	1.9510	6
1	547	1	0	8	33	0.00	0.00	1.9560	6
1	548	1	0	4	4	0.00	0.00	1.3070	6
1	549	1	1	4	23	162.69	-365.42	1.3570	7
1	550	1	1	12	12	-292.54	-272.80	2.0780	7
1	551	1	1	4	43	287.74	277.86	1.5150	7
1	552	1	1	8	13	-96.77	388.12	0.9130	7
1	553	1	0	8	24	0.00	0.00	1.9280	6
1	554	1	1	8	15	-349.85	193.92	1.1940	7
1	555	1	0	8	14	0.00	0.00	1.9640	6
1	556	1	1	12	18	-392.65	76.32	2.2210	7
1	557	1	0	12	1	0.00	0.00	2.3350	6
1	558	1	1	8	0	-277.86	-287.74	2.0590	7
1	559	1	1	8	43	287.74	277.86	1.1480	7
1	560	1	1	12	4	398.48	34.86	1.3590	7
1	561	1	0	12	28	0.00	0.00	2.2310	6
1	562	1	0	4	73	0.00	0.00	1.6430	6
1	563	1	0	4	20	0.00	0.00	1.5720	6
1	564	1	1	12	23	-41.81	-397.81	1.4930	7
1	565	1	0	8	16	0.00	0.00	2.0400	6
1	566	1	1	8	32	335.47	217.86	1.1290	7
1	567	1	1	12	9	306.42	257.12	1.3310	7
1	568	1	1	8	24	362.52	169.05	1.0820	7
1	569	1	0	4	66	0.00	0.00	1.2830	6
1	570	1	1	8	15	384.50	110.25	1.1420	7
1	571	1	1	4	20	-143.35	373.43	1.2450	7
1	572	1	1	8	5	41.81	-397.81	1.4620	7
1	573	1	0	4	9	0.00	0.00	1.1150	6
1	574	1	0	4	20	0.00	0.00	1.4690	6
1	575	1	1	12	10	-392.65	-76.32	2.0270	6
1	576	1	0	8	17	0.00	0.00	1.9820	6
1	577	1	1	12	7	-55.67	396.11	1.0200	7
1	578	1	0	12	28	0.00	0.00	2.1190	6
1	579	1	0	4	53	0.00	0.00	1.1140	6
1	580	1	0	4	39	0.00	0.00	1.1770	6
1	581	1	0	4	41	0.00	0.00	1.2490	6
1	582	1	0	12	2	0.00	0.00	0.8630	7
1	583	1	1	8	10	-76.32	392.65	1.2250	7
1	584	1	1	12	28	-342.87	206.02	2.2270	6
1	585	1	1	8	16	-353.18	187.79	1.1210	7
1	586	1	0	8	36	0.00	0.00	2.1310	6
1	587	1	0	12	12	0.00	0.00	2.3150	6
1	588	1	0	12	5	0.00	0.00	1.8500	6
1	589	1	1	8	18	-359.52	175.35	1.7150	6
1	590	1	1	12	5	-41.81	397.81	0.9630	7
1	591	1	1	4	11	-83.16	391.26	1.0100	7
1	592	1	0	4	76	0.00	0.00	1.1580	6
1	593	1	0	4	20	0.00	0.00	1.1130	6
1	594	1	1	12	20	395.08	-62.57	1.8300	7
1	595	1	0	8	34	0.00	0.00	1.6960	6
1	596	1	0	12	20	0.00	0.00	2.4120	6
1	597	1	1	8	22	-156.29	368.20	0.8360	7
1	598	1	1	4	52	240.73	319.45	1.0230	7
1	599	1	0	8	16	0.00	0.00	1.6920	6
1	600	1	0	8	29	0.00	0.00	0.7860	7
1	601	1	0	12	8	0.00	0.00	2.7330	6
1	602	1	1	8	13	96.77	-388.12	1.6420	7
1	603	1	1	12	28	206.02	342.87	1.0640	7
1	604	1	0	4	66	0.00	0.00	1.2390	6
1	605	1	0	4	68	0.00	0.00	1.3100	6
1	606	1	1	8	34	-327.66	-229.43	1.7640	7
1	607	1	1	12	0	-6.98	399.94	0.7720	7
1	608	1	0	12	26	0.00	0.00	2.1400	6
1	609	1	1	12	4	34.86	-398.48	1.8340	7
1	610	1	1	8	11	391.26	83.16	1.2710	7
1	611	1	0	12	14	0.00	0.00	2.6700	6
1	612	1	0	8	13	0.00	0.00	2.1680	6
1	613	1	0	8	4	0.00	0.00	1.8940	6
1	614	1	1	8	10	331.62	-223.68	1.3330	7
1	615	1	0	8	41	0.00	0.00	1.8290	6
1	616	1	0	8	12	0.00	0.00	1.7660	6
1	617	1	1	4	54	229.43	327.66	1.0100	7
1	618	1	1	12	25	359.52	175.35	1.1710	7
1	619	1	1	4	46	-292.54	272.80	1.1460	7
1	620	1	0	4	29	0.00	0.00	1.4180	6
1	621	1	0	4	85	0.00	0.00	1.2210	6
1	622	1	0	12	11	0.00	0.00	2.3750	6
1	623	1	0	4	50	0.00	0.00	1.2420	6
1	624	1	0	8	22	0.00	0.00	1.7360	6
1	625	1	1	4	75	388.12	-96.77	1.6840	7
1	626	1	0	4	8	0.00	0.00	1.0920	6
1	627	1	0	12	5	0.00	0.00	2.7500	6
1	628	1	1	8	30	206.02	-342.87	1.7420	7
1	629	1	1	12	28	399.94	-6.98	1.4820	7
1	630	1	1	4	19	-375.88	-136.81	2.0070	7
1	631	1	0	12	12	0.00	0.00	3.1710	6
1	632	1	1	4	53	-323.61	235.11	0.7620	7
1	633	1	0	4	67	0.00	0.00	1.0740	6
1	634	1	1	4	27	-187.79	353.18	0.9800	7
1	635	1	1	8	41	267.65	-297.26	1.5700	7
1	636	1	1	12	13	277.86	-287.74	1.7860	7
1	637	1	0	8	31	0.00	0.00	1.9830	6
1	638	1	0	12	11	0.00	0.00	2.2250	6
1	639	1	1	12	15	277.86	287.74	1.2530	7
1	640	1	0	4	51	0.00	0.00	1.1860	6
1	641	1	1	8	20	143.35	-373.43	1.3970	7
1	642	1	1	8	36	-319.45	-240.73	1.5990	7
1	643	1	0	12	14	0.00	0.00	2.5080	6
1	644	1	1	4	88	-6.98	-399.94	1.1290	7
1	645	1	1	12	2	-181.60	-356.40	2.2140	7
1	646	1	1	12	25	331.62	-223.68	1.6560	7
1	647	1	1	4	49	257.12	306.42	1.0320	7
1	648	1	1	8	21	370.87	149.84	1.0490	7
1	649	1	1	8	15	-110.25	384.50	0.8980	7
1	650	1	1	12	0	-6.98	399.94	0.9100	7
1	651	1	0	4	43	0.00	0.00	1.1900	6
1	652	1	0	4	52	0.00	0.00	1.1260	6
1	653	1	0	8	14	0.00	0.00	1.7420	6
1	654	1	0	4	60	0.00	0.00	1.2590	6
1	655	1	0	8	14	0.00	0.00	2.0890	6
1	656	1	1	12	26	181.60	-356.40	1.6000	7
1	657	1	0	12	19	0.00	0.00	2.4310	6
1	658	1	0	12	29	0.00	0.00	2.2560	6
1	659	1	1	8	2	-267.65	-297.26	1.5980	7
1	660	1	1	8	17	-181.60	-356.40	0.9260	7
1	661	1	0	12	20	0.00	0.00	2.5070	6
1	662	1	1	12	12	-382.52	116.95	2.0400	7
1	663	1	1	4	76	-89.98	-389.75	1.0580	7
1	664	1	1	8	30	96.77	388.12	1.0520	7
1	665	1	0	8	39	0.00	0.00	1.5210	6
1	666	1	0	4	61	0.00	0.00	1.1660	6
1	667	1	0	12	7	0.00	0.00	2.0380	6
1	668	1	1	4	73	-384.50	110.25	1.3960	7
1	669	1	1	8	39	-398.48	34.86	1.9710	7
1	670	1	0	4	8	0.00	0.00	1.4530	6
1	671	1	1	4	74	103.53	386.37	1.0190	7
1	672	1	0	4	70	0.00	0.00	1.1020	6
1	673	1	0	12	5	0.00	0.00	2.7430	6
1	674	1	0	8	40	0.00	0.00	1.9660	6
1	675	1	0	12	27	0.00	0.00	2.1120	6
1	676	1	1	12	6	397.02	48.75	1.2970	7
1	677	1	1	8	21	368.20	-156.29	1.8970	6
1	678	1	0	12	13	0.00	0.00	2.3620	6
1	679	1	1	8	23	143.35	373.43	0.8960	7
1	680	1	0	12	10	0.00	0.00	2.3760	6
1	681	1	1	12	12	382.52	-116.95	1.4370	7
1	682	1	0	8	33	0.00	0.00	1.8870	6
1	683	1	1	4	14	-386.37	-103.53	1.3480	7
1	684	1	0	12	17	0.00	0.00	2.6720	6
1	685	1	0	4	71	0.00	0.00	1.1900	6
1	686	1	1	4	46	292.54	-272.80	1.2510	7
1	687	1	1	12	5	365.42	-162.69	1.4010	7
1	688	1	0	12	15	0.00	0.00	2.7680	6
1	689	1	0	8	44	0.00	0.00	2.1110	6
1	690	1	1	4	34	-327.66	-229.43	1.6480	7
1	691	1	1	12	10	378.21	-130.23	1.4900	7
1	692	1	0	8	0	0.00	0.00	1.9130	6
1	693	1	0	8	18	0.00	0.00	1.9510	6
1	694	1	1	4	83	-41.81	-397.81	1.2350	7
1	695	1	0	12	3	0.00	0.00	2.5680	6
1	696	1	0	4	28	0.00	0.00	1.1560	6
1	697	1	1	12	9	-375.88	136.81	2.9030	7
1	698	1	1	4	54	327.66	-229.43	1.2050	7
1	699	1	1	8	3	301.88	-262.42	1.7120	7
1	700	1	0	8	36	0.00	0.00	1.8880	6
1	701	1	1	12	22	368.20	156.29	0.9900	7
1	702	1	1	12	24	-169.05	362.52	0.9780	7
1	703	1	1	12	15	287.74	-277.86	1.6480	7
1	704	1	0	12	4	0.00	0.00	3.0480	6
1	705	1	0	4	49	0.00	0.00	1.4780	6
1	706	1	0	12	23	0.00	0.00	2.4100	6
1	707	1	1	12	22	-397.02	48.75	3.1180	7
1	708	1	0	4	85	0.00	0.00	1.1020	6
1	709	1	0	8	12	0.00	0.00	1.9830	6
1	710	1	1	4	49	-306.42	257.12	0.9850	7
1	711	1	0	8	21	0.00	0.00	1.9400	6
1	712	1	0	4	86	0.00	0.00	1.1310	6
1	713	1	0	8	3	0.00	0.00	1.9900	6
1	714	1	0	4	49	0.00	0.00	1.4080	6
1	715	1	0	12	24	0.00	0.00	2.2180	6
1	716	1	1	8	2	297.26	-267.65	1.2690	7
1	717	1	1	12	27	-13.96	-399.76	1.8800	7
1	718	1	0	12	5	0.00	0.00	2.0350	6
1	719	1	0	12	27	0.00	0.00	2.0020	6
1	720	1	0	12	20	0.00	0.00	1.9430	6
1	721	3	0	12	17	0.00	0.00	2.3630	6
1	722	3	1	12	8	-143.35	-373.43	1.3480	7
1	723	3	1	12	15	-277.86	-287.74	1.3170	7
1	724	3	0	12	14	0.00	0.00	1.8150	6
1	725	3	0	4	13	0.00	0.00	0.8030	6
1	726	3	0	12	17	0.00	0.00	1.4280	6
1	727	3	0	8	17	0.00	0.00	1.5530	6
1	728	3	1	4	73	-384.50	110.25	0.7460	7
1	729	3	0	4	81	0.00	0.00	0.7890	6
1	730	3	0	4	6	0.00	0.00	1.4190	6
1	731	3	1	8	2	297.26	-267.65	0.9440	7
1	732	3	0	12	24	0.00	0.00	2.2300	6
1	733	3	0	8	6	0.00	0.00	1.2910	6
1	734	3	0	12	0	0.00	0.00	1.8190	6
1	735	3	0	8	14	0.00	0.00	1.1970	6
1	736	3	1	8	3	-27.90	399.03	0.7180	7
1	737	3	1	8	40	262.42	-301.88	0.8630	7
1	738	3	0	8	30	0.00	0.00	1.7440	6
