blk	trl	target	search	nitems	rot_offset	tpos_x	tpos_y	rt	button
1	2	2	0	4	54	0.00	0.00	2498	6
1	3	2	0	4	50	0.00	0.00	1251	6
1	4	2	1	8	3	-399.03	-27.90	1615	7
1	5	2	1	12	21	370.87	149.84	1101	7
1	6	2	0	8	5	0.00	0.00	1413	6
1	7	2	0	8	18	0.00	0.00	1572	6
1	8	2	1	8	28	110.25	384.50	1338	7
1	9	2	1	12	5	-397.81	-41.81	1433	7
1	10	2	0	8	43	0.00	0.00	1386	6
1	11	2	1	4	32	335.47	217.86	1187	7
1	12	2	1	12	1	187.79	353.18	1581	7
1	13	2	1	4	69	136.81	375.88	900	7
1	14	2	0	12	23	0.00	0.00	1782	6
1	15	2	1	12	27	-13.96	-399.76	1274	7
1	16	2	0	12	20	0.00	0.00	1776	6
1	17	2	1	4	24	169.05	-362.52	933	7
1	18	2	1	12	12	89.98	-389.75	1324	7
1	19	2	0	12	15	0.00	0.00	1523	6
1	20	2	0	8	28	0.00	0.00	1269	6
1	21	2	0	4	66	0.00	0.00	1077	6
1	22	2	0	8	16	0.00	0.00	1770	6
1	23	2	0	12	11	0.00	0.00	1312	6
1	24	2	0	4	38	0.00	0.00	1129	6
1	25	2	0	8	9	0.00	0.00	1563	6
1	26	2	1	8	23	-162.69	365.42	1310	7
1	27	2	0	12	10	0.00	0.00	1499	6
1	28	2	1	4	61	-353.18	187.79	596	7
1	29	2	0	4	81	0.00	0.00	1328	6
1	30	2	1	12	0	-6.98	399.94	826	7
1	31	2	1	4	68	-373.43	143.35	879	6
1	32	2	1	12	1	-187.79	-353.18	1406	7
1	33	2	1	8	23	-373.43	143.35	911	7
1	34	2	0	8	12	0.00	0.00	1319	6
1	35	2	1	12	8	-310.86	-251.73	1535	7
1	36	2	1	12	7	246.26	-315.20	1633	7
1	37	2	1	8	38	-251.73	310.86	729	7
1	38	2	1	8	8	62.57	-395.08	1390	7
1	39	2	0	8	15	0.00	0.00	1716	6
1	40	2	0	12	16	0.00	0.00	2540	6
1	41	2	1	4	58	342.87	-206.02	1003	7
1	42	2	1	4	38	310.86	251.73	1028	7
1	43	2	1	4	57	-339.22	211.97	768	6
1	44	2	1	4	33	-331.62	-223.68	1209	7
1	45	2	0	12	15	0.00	0.00	1710	6
1	46	2	0	4	49	0.00	0.00	1079	6
1	47	2	0	8	32	0.00	0.00	1767	6
1	48	2	0	12	22	0.00	0.00	1666	6
1	49	2	0	12	29	0.00	0.00	1548	6
1	50	2	1	4	60	349.85	-193.92	778	7
1	51	2	0	4	27	0.00	0.00	1134	6
1	52	2	0	12	6	0.00	0.00	2021	6
1	53	2	0	8	15	0.00	0.00	1338	6
1	54	2	0	8	10	0.00	0.00	930	6
1	55	2	0	4	22	0.00	0.00	1072	6
1	56	2	1	8	32	217.86	-335.47	995	7
1	57	2	1	12	8	-310.86	-251.73	1797	7
1	58	2	1	8	18	130.23	-378.21	1041	7
1	59	2	0	12	2	0.00	0.00	1737	6
1	60	2	0	12	15	0.00	0.00	1671	6
1	61	2	0	8	20	0.00	0.00	1307	6
1	62	2	0	12	8	0.00	0.00	1941	6
1	63	2	0	12	1	0.00	0.00	1747	6
1	64	2	1	8	24	375.88	-136.81	948	7
1	65	2	1	12	9	-257.12	306.42	911	7
1	66	2	1	8	42	-399.76	13.96	1428	7
1	67	2	1	4	46	-292.54	272.80	1085	7
1	68	2	1	4	38	-310.86	-251.73	900	7
1	69	2	0	12	25	0.00	0.00	1582	6
1	70	2	0	4	41	0.00	0.00	1012	6
1	71	2	0	4	72	0.00	0.00	1233	6
1	72	2	0	4	66	0.00	0.00	1348	6
1	73	2	0	4	4	0.00	0.00	1080	6
1	74	2	1	8	11	-391.26	-83.16	1928	7
1	75	2	1	8	41	-399.45	20.93	1854	7
1	76	2	1	12	29	400.00	-0.00	1195	7
1	77	2	1	8	29	200.00	-346.41	1463	7
1	78	2	1	12	0	-206.02	342.87	772	7
1	79	2	0	8	33	0.00	0.00	1607	6
1	80	2	1	12	5	-162.69	-365.42	1562	7
1	81	2	0	4	49	0.00	0.00	1086	6
1	82	2	0	12	13	0.00	0.00	1539	6
1	83	2	1	12	18	76.32	392.65	717	7
1	84	2	1	4	27	-353.18	-187.79	767	7
1	85	2	0	8	31	0.00	0.00	1727	6
1	86	2	0	8	31	0.00	0.00	1426	6
1	87	2	0	8	19	0.00	0.00	1297	6
1	88	2	1	8	8	-62.57	395.08	1044	7
1	89	2	1	4	50	-310.86	251.73	919	6
1	90	2	1	8	34	229.43	-327.66	1195	7
1	91	2	0	12	10	0.00	0.00	1724	6
1	92	2	0	8	29	0.00	0.00	2285	6
1	93	2	1	12	22	-397.02	48.75	1712	7
1	94	2	1	12	13	-277.86	287.74	842	7
1	95	2	1	4	46	272.80	292.54	1001	7
1	96	2	0	8	44	0.00	0.00	1400	6
1	97	2	1	4	52	-319.45	240.73	798	7
1	98	2	0	12	11	0.00	0.00	1561	6
1	99	2	1	8	13	-206.02	-342.87	1238	7
1	100	2	1	8	40	262.42	-301.88	1018	7
1	101	2	1	12	5	365.42	-162.69	1512	7
1	102	2	0	4	9	0.00	0.00	940	6
1	103	2	1	8	22	149.84	370.87	1209	7
1	104	2	0	8	16	0.00	0.00	1358	6
1	105	2	1	4	62	356.40	-181.60	983	7
1	106	2	0	4	80	0.00	0.00	964	6
1	107	2	1	4	59	346.41	-200.00	735	7
1	108	2	0	8	22	0.00	0.00	1767	6
1	109	2	0	4	72	0.00	0.00	1490	6
1	110	2	1	4	59	200.00	346.41	885	7
1	111	2	0	4	73	0.00	0.00	864	6
1	112	2	0	12	9	0.00	0.00	1349	6
1	113	2	1	8	11	217.86	335.47	762	7
1	114	2	0	4	42	0.00	0.00	963	6
1	115	2	1	12	6	319.45	240.73	992	7
1	116	2	0	4	79	0.00	0.00	1026	6
1	117	2	1	8	1	399.76	13.96	885	7
1	118	2	1	4	8	-395.08	-62.57	1409	7
1	119	2	0	12	20	0.00	0.00	1942	6
1	120	2	0	4	55	0.00	0.00	980	6
1	121	0	1	8	7	396.11	55.67	2981	7
1	122	0	1	8	12	339.22	-211.97	2272	7
1	123	0	1	8	21	-156.29	-368.20	2364	7
1	124	0	1	4	30	206.02	-342.87	1621	7
1	125	0	1	8	2	399.45	20.93	1438	7
1	126	0	0	4	80	0.00	0.00	1818	6
1	127	0	0	12	20	0.00	0.00	3785	6
1	128	0	0	8	19	0.00	0.00	2770	6
1	129	0	1	4	42	-292.54	-272.80	1735	7
1	130	0	0	4	66	0.00	0.00	1603	6
1	131	0	1	12	21	396.11	-55.67	2853	7
1	132	0	1	4	16	-382.52	-116.95	1122	7
1	133	0	0	4	17	0.00	0.00	1736	6
1	134	0	0	4	77	0.00	0.00	2071	6
1	135	0	1	8	25	-378.21	130.23	1312	7
1	136	0	1	8	12	389.75	89.98	2048	7
1	137	0	1	4	37	315.20	246.26	1603	7
1	138	0	1	4	89	400.00	-0.00	1398	7
1	139	0	0	4	43	0.00	0.00	1734	6
1	140	0	1	8	33	392.65	-76.32	1903	7
1	141	0	0	8	0	0.00	0.00	2743	6
1	142	0	0	8	15	0.00	0.00	2466	6
1	143	0	0	12	10	0.00	0.00	3768	6
1	144	0	0	4	29	0.00	0.00	1578	6
1	145	0	1	8	31	339.22	211.97	1901	7
1	146	0	1	4	83	-397.81	41.81	1382	7
1	147	0	0	12	14	0.00	0.00	3864	6
1	148	0	1	4	16	116.95	-382.52	1607	7
1	149	0	0	8	42	0.00	0.00	2722	6
1	150	0	0	8	17	0.00	0.00	2807	6
1	151	0	0	12	22	0.00	0.00	3858	6
1	152	0	0	8	12	0.00	0.00	2809	6
1	153	0	1	8	33	331.62	223.68	1731	7
1	154	0	0	12	7	0.00	0.00	3808	6
1	155	0	0	12	3	0.00	0.00	3852	6
1	156	0	1	12	19	-69.46	-393.92	3693	7
1	157	0	1	4	65	-162.69	-365.42	2005	7
1	158	0	1	4	60	193.92	349.85	1218	7
1	159	0	1	4	75	-388.12	96.77	1174	7
1	160	0	0	8	35	0.00	0.00	2796	6
1	161	0	1	4	81	396.11	-55.67	1371	7
1	162	0	1	12	15	388.12	-96.77	2648	7
1	163	0	1	4	28	-193.92	349.85	1466	7
1	164	0	1	12	3	399.03	27.90	2978	7
1	165	0	1	12	19	136.81	-375.88	3954	7
1	166	0	0	4	61	0.00	0.00	2550	6
1	167	0	1	12	20	373.43	143.35	2728	7
1	168	0	0	8	25	0.00	0.00	3131	6
1	169	0	0	4	78	0.00	0.00	1926	6
1	170	0	0	8	4	0.00	0.00	3315	6
1	171	0	0	4	30	0.00	0.00	1629	6
1	172	0	1	8	37	-315.20	-246.26	2548	6
1	173	0	1	4	52	-240.73	-319.45	1711	7
1	174	0	1	4	85	-399.03	27.90	1158	7
1	175	0	0	8	13	0.00	0.00	2845	6
1	176	0	1	12	23	-41.81	-397.81	3952	7
1	177	0	0	12	7	0.00	0.00	3827	6
1	178	0	0	8	36	0.00	0.00	2797	6
1	179	0	1	4	41	297.26	267.65	2479	7
1	180	0	0	12	24	0.00	0.00	4082	6
1	181	0	1	12	28	193.92	-349.85	3227	7
1	182	0	0	8	10	0.00	0.00	2882	6
1	183	0	1	8	17	380.42	123.61	1964	7
1	184	0	1	12	29	-400.00	0.00	1241	7
1	185	0	0	8	43	0.00	0.00	2560	6
1	186	0	1	4	27	187.79	-353.18	1678	7
1	187	0	0	12	5	0.00	0.00	4512	6
1	188	0	0	4	85	0.00	0.00	1575	6
1	189	0	0	8	33	0.00	0.00	3079	6
1	190	0	0	8	33	0.00	0.00	2539	6
1	191	0	1	8	23	162.69	-365.42	2152	7
1	192	0	0	12	20	0.00	0.00	4071	6
1	193	0	1	4	10	-392.65	-76.32	1071	7
1	194	0	0	12	29	0.00	0.00	3829	6
1	195	0	1	12	18	378.21	130.23	3323	6
1	196	0	1	12	16	116.95	-382.52	3607	7
1	197	0	1	8	15	384.50	110.25	1920	7
1	198	0	0	4	54	0.00	0.00	1651	6
1	199	0	1	12	18	-130.23	378.21	1430	7
1	200	0	1	12	10	392.65	76.32	2378	6
1	201	0	0	12	18	0.00	0.00	4098	6
1	202	0	1	8	26	-356.40	-181.60	2678	7
1	203	0	1	8	20	162.69	365.42	2461	7
1	204	0	1	12	24	-229.43	-327.66	3495	7
1	205	0	0	12	13	0.00	0.00	4438	6
1	206	0	1	4	10	76.32	-392.65	2107	7
1	207	0	0	4	77	0.00	0.00	2177	6
1	208	0	1	12	5	365.42	-162.69	2838	7
1	209	0	0	8	30	0.00	0.00	3431	6
1	210	0	1	4	43	-277.86	287.74	1336	7
1	211	0	0	12	26	0.00	0.00	4045	6
1	212	0	0	4	62	0.00	0.00	1663	6
1	213	0	0	8	20	0.00	0.00	2625	6
1	214	0	0	4	24	0.00	0.00	1313	6
1	215	0	0	8	40	0.00	0.00	2688	6
1	216	0	0	12	29	0.00	0.00	4070	6
1	217	0	1	12	23	-397.81	41.81	1233	7
1	218	0	0	4	52	0.00	0.00	1419	6
1	219	0	0	12	23	0.00	0.00	3605	6
1	220	0	0	8	33	0.00	0.00	2838	6
1	221	0	1	8	10	-331.62	223.68	1456	7
1	222	0	1	8	33	-76.32	-392.65	3249	7
1	223	0	1	8	42	399.76	-13.96	2256	7
1	224	0	1	12	8	143.35	373.43	2485	7
1	225	0	0	12	2	0.00	0.00	4535	6
1	226	0	0	4	4	0.00	0.00	1859	6
1	227	0	0	4	41	0.00	0.00	1567	6
1	228	0	0	12	28	0.00	0.00	3549	6
1	229	0	0	12	11	0.00	0.00	3496	6
1	230	0	0	12	9	0.00	0.00	4117	6
1	231	0	1	12	1	399.76	13.96	3455	7
1	232	0	1	8	34	-69.46	-393.92	2527	7
1	233	0	0	4	66	0.00	0.00	1475	6
1	234	0	0	4	63	0.00	0.00	1625	6
1	235	0	1	12	23	365.42	162.69	2064	7
1	236	0	1	12	23	-235.11	-323.61	3839	7
1	237	0	1	4	39	-257.12	306.42	1363	7
1	238	0	0	4	61	0.00	0.00	1469	6
1	239	0	1	8	39	-257.12	306.42	1344	7
1	240	0	0	8	28	0.00	0.00	2770	7
1	241	3	0	4	11	0.00	0.00	1322	6
1	242	3	1	4	61	353.18	-187.79	799	7
1	243	3	1	4	23	162.69	-365.42	680	7
1	244	3	0	8	41	0.00	0.00	1086	6
1	245	3	1	12	3	-359.52	175.35	736	7
1	246	3	1	8	15	384.50	110.25	832	7
1	247	3	0	4	34	0.00	0.00	1149	6
1	248	3	1	8	15	110.25	-384.50	700	7
1	249	3	0	4	38	0.00	0.00	1189	6
1	250	3	0	4	52	0.00	0.00	1019	7
1	251	3	0	8	28	0.00	0.00	1369	6
1	252	3	1	8	16	-116.95	382.52	643	7
1	253	3	0	4	39	0.00	0.00	704	6
1	254	3	0	12	6	0.00	0.00	1529	6
1	255	3	1	4	82	-48.75	-397.02	656	7
1	256	3	1	12	23	323.61	-235.11	1007	7
1	257	3	0	12	13	0.00	0.00	1280	6
1	258	3	0	12	11	0.00	0.00	1337	6
1	259	3	1	4	28	-193.92	349.85	538	7
1	260	3	0	4	68	0.00	0.00	673	6
1	261	3	0	8	23	0.00	0.00	1529	6
1	262	3	1	8	40	-27.90	-399.03	836	7
1	263	3	1	12	15	-277.86	-287.74	771	7
1	264	3	0	12	6	0.00	0.00	1477	6
1	265	3	0	4	2	0.00	0.00	854	6
1	266	3	1	8	10	-392.65	-76.32	790	7
1	267	3	0	8	25	0.00	0.00	1014	6
1	268	3	1	4	24	362.52	169.05	661	7
1	269	3	1	4	9	-69.46	393.92	1206	7
1	270	3	1	4	70	-378.21	130.23	544	7
1	271	3	0	12	15	0.00	0.00	1852	6
1	272	3	0	4	33	0.00	0.00	884	6
1	273	3	0	12	7	0.00	0.00	1270	6
1	274	3	1	4	84	398.48	-34.86	577	7
1	275	3	1	4	84	398.48	-34.86	654	6
1	276	3	0	4	79	0.00	0.00	725	6
1	277	3	1	4	81	396.11	-55.67	615	7
1	278	3	1	12	26	-356.40	-181.60	606	7
1	279	3	0	4	15	0.00	0.00	691	6
1	280	3	1	12	17	83.16	391.26	1193	7
1	281	3	1	8	40	-262.42	301.88	911	7
1	282	3	0	8	44	0.00	0.00	1260	6
1	283	3	0	8	2	0.00	0.00	1164	6
1	284	3	0	4	55	0.00	0.00	771	6
1	285	3	1	8	14	386.37	103.53	576	7
1	286	3	0	12	14	0.00	0.00	1130	6
1	287	3	0	4	73	0.00	0.00	521	6
1	288	3	1	8	5	397.81	41.81	483	7
1	289	3	0	12	8	0.00	0.00	969	6
1	290	3	1	4	85	-399.03	27.90	550	7
1	291	3	0	12	14	0.00	0.00	1054	6
1	292	3	0	12	17	0.00	0.00	622	6
1	293	3	0	4	54	0.00	0.00	868	6
1	294	3	1	8	15	-110.25	384.50	716	7
1	295	3	0	4	24	0.00	0.00	670	6
1	296	3	0	12	9	0.00	0.00	920	6
1	297	3	0	4	79	0.00	0.00	1016	6
1	298	3	1	12	14	-282.84	-282.84	1245	7
1	299	3	1	12	1	-339.22	-211.97	1007	7
1	300	3	1	8	42	272.80	-292.54	596	7
1	301	3	1	4	24	169.05	-362.52	540	7
1	302	3	1	12	24	327.66	-229.43	511	7
1	303	3	0	12	2	0.00	0.00	809	6
1	304	3	1	8	22	-149.84	-370.87	859	7
1	305	3	0	8	24	0.00	0.00	1186	6
1	306	3	1	12	19	257.12	306.42	609	7
1	307	3	1	12	25	399.03	-27.90	605	7
1	308	3	1	8	7	55.67	-396.11	972	7
1	309	3	0	12	22	0.00	0.00	1522	6
1	310	3	0	12	29	0.00	0.00	1134	6
1	311	3	0	4	5	0.00	0.00	729	6
1	312	3	1	12	1	-339.22	-211.97	689	7
1	313	3	0	8	26	0.00	0.00	738	6
1	314	3	0	8	10	0.00	0.00	900	6
1	315	3	0	12	29	0.00	0.00	1245	6
1	316	3	0	12	12	0.00	0.00	805	6
1	317	3	1	8	8	-395.08	-62.57	565	7
1	318	3	1	12	8	395.08	62.57	994	7
1	319	3	0	8	0	0.00	0.00	684	6
1	320	3	0	8	44	0.00	0.00	695	6
1	321	3	1	4	9	-393.92	-69.46	540	7
1	322	3	1	12	26	217.86	335.47	706	7
1	323	3	0	12	27	0.00	0.00	788	6
1	324	3	0	8	18	0.00	0.00	1123	6
1	325	3	1	8	44	-0.00	-400.00	833	7
1	326	3	0	8	24	0.00	0.00	755	6
1	327	3	1	4	64	362.52	-169.05	556	7
1	328	3	1	12	8	373.43	-143.35	792	7
1	329	3	0	12	4	0.00	0.00	843	6
1	330	3	1	8	4	398.48	34.86	670	7
1	331	3	0	8	38	0.00	0.00	715	6
1	332	3	0	8	4	0.00	0.00	1457	6
1	333	3	0	4	70	0.00	0.00	1008	6
1	334	3	1	8	44	-282.84	282.84	740	7
1	335	3	0	4	10	0.00	0.00	734	6
1	336	3	1	8	11	83.16	-391.26	1203	7
1	337	3	1	12	13	-384.50	110.25	1062	7
1	338	3	0	12	24	0.00	0.00	869	6
1	339	3	1	4	35	-323.61	-235.11	669	7
1	340	3	1	4	25	175.35	-359.52	712	7
1	341	3	1	8	9	-393.92	-69.46	771	7
1	342	3	0	4	10	0.00	0.00	534	6
1	343	3	1	4	34	-229.43	327.66	796	7
1	344	3	1	12	1	-187.79	-353.18	1096	6
1	345	3	1	8	20	-162.69	-365.42	560	7
1	346	3	0	8	9	0.00	0.00	903	6
1	347	3	1	4	50	251.73	310.86	702	7
1	348	3	1	12	18	378.21	130.23	469	7
1	349	3	0	8	37	0.00	0.00	792	6
1	350	3	0	4	27	0.00	0.00	876	6
1	351	3	1	12	0	-206.02	342.87	702	6
1	352	3	0	12	18	0.00	0.00	817	6
1	353	3	1	4	7	-55.67	396.11	493	7
1	354	3	0	8	13	0.00	0.00	700	6
1	355	3	1	12	16	-272.80	-292.54	828	7
1	356	3	1	8	13	388.12	96.77	537	7
1	357	3	1	12	7	396.11	55.67	706	7
1	358	3	1	4	12	-89.98	389.75	627	7
1	359	3	0	8	40	0.00	0.00	858	6
1	360	3	0	8	23	0.00	0.00	925	6
1	361	1	0	4	24	0.00	0.00	1411	6
1	362	1	0	12	10	0.00	0.00	2099	6
1	363	1	1	12	23	365.42	162.69	2067	6
1	364	1	1	4	58	-342.87	206.02	1239	7
1	365	1	1	8	24	169.05	-362.52	1953	7
1	366	1	0	4	63	0.00	0.00	1195	6
1	367	1	1	8	33	-392.65	76.32	1661	6
1	368	1	1	12	9	-257.12	306.42	2285	6
1	369	1	0	4	49	0.00	0.00	1239	6
1	370	1	1	12	20	-395.08	62.57	2489	6
1	371	1	1	8	39	-257.12	306.42	1364	7
1	372	1	1	12	10	-301.88	-262.42	2669	7
1	373	1	1	12	26	-217.86	-335.47	2324	7
1	374	1	0	8	3	0.00	0.00	1929	6
1	375	1	0	4	38	0.00	0.00	1252	6
1	376	1	1	8	37	-397.02	48.75	2210	7
1	377	1	1	8	7	-240.73	-319.45	1753	7
1	378	1	1	8	9	69.46	-393.92	1747	7
1	379	1	1	12	21	55.67	396.11	1003	7
1	380	1	1	8	28	-110.25	-384.50	1635	7
1	381	1	0	8	25	0.00	0.00	2179	6
1	382	1	0	12	25	0.00	0.00	2334	6
1	383	1	0	4	12	0.00	0.00	1137	6
1	384	1	0	12	2	0.00	0.00	2136	6
1	385	1	0	12	7	0.00	0.00	2324	6
1	386	1	0	8	7	0.00	0.00	2173	6
1	387	1	1	8	19	169.05	362.52	913	7
1	388	1	1	4	66	156.29	368.20	919	7
1	389	1	0	4	25	0.00	0.00	1481	6
1	390	1	0	4	80	0.00	0.00	1184	6
1	391	1	1	8	39	-398.48	34.86	1668	7
1	392	1	0	4	83	0.00	0.00	1268	6
1	393	1	0	8	19	0.00	0.00	1949	6
1	394	1	0	8	38	0.00	0.00	1858	6
1	395	1	0	12	12	0.00	0.00	2048	6
1	396	1	1	12	26	217.86	335.47	884	7
1	397	1	0	8	24	0.00	0.00	1839	6
1	398	1	1	4	9	-393.92	-69.46	872	7
1	399	1	1	4	22	156.29	-368.20	1220	7
1	400	1	0	4	7	0.00	0.00	1226	6
1	401	1	0	12	14	0.00	0.00	2601	6
1	402	1	0	8	30	0.00	0.00	1692	6
1	403	1	1	4	51	315.20	-246.26	989	7
1	404	1	0	4	30	0.00	0.00	1332	6
1	405	1	1	12	9	375.88	-136.81	1900	6
1	406	1	0	4	17	0.00	0.00	1286	6
1	407	1	1	12	21	-246.26	-315.20	828	7
1	408	1	1	12	11	267.65	-297.26	1457	7
1	409	1	0	8	16	0.00	0.00	2040	6
1	410	1	1	4	88	6.98	399.94	1135	7
1	411	1	1	4	40	262.42	-301.88	1027	7
1	412	1	0	8	31	0.00	0.00	1777	6
1	413	1	1	8	42	13.96	399.76	1101	7
1	414	1	0	12	2	0.00	0.00	1980	6
1	415	1	0	8	39	0.00	0.00	1735	6
1	416	1	0	4	70	0.00	0.00	1500	6
1	417	1	1	4	77	391.26	-83.16	1026	7
1	418	1	1	4	76	-89.98	-389.75	1060	7
1	419	1	1	8	25	-175.35	359.52	1234	7
1	420	1	0	8	16	0.00	0.00	1813	6
1	421	1	1	8	15	-110.25	384.50	916	7
1	422	1	1	12	25	175.35	-359.52	1988	6
1	423	1	1	12	0	-349.85	193.92	2118	7
1	424	1	1	12	2	-356.40	181.60	1023	7
1	425	1	0	8	44	0.00	0.00	1573	6
1	426	1	1	4	15	-110.25	384.50	969	7
1	427	1	1	8	35	-395.08	62.57	2054	7
1	428	1	1	12	13	-110.25	-384.50	1760	7
1	429	1	1	8	21	370.87	149.84	1219	7
1	430	1	0	12	25	0.00	0.00	2268	6
1	431	1	1	4	63	-175.35	-359.52	1316	7
1	432	1	0	12	7	0.00	0.00	2811	6
1	433	1	0	8	35	0.00	0.00	2289	6
1	434	1	1	4	83	397.81	-41.81	1292	7
1	435	1	0	12	28	0.00	0.00	2060	6
1	436	1	0	12	22	0.00	0.00	2108	6
1	437	1	0	12	17	0.00	0.00	2083	6
1	438	1	0	8	1	0.00	0.00	2154	6
1	439	1	0	4	65	0.00	0.00	1263	6
1	440	1	0	8	14	0.00	0.00	2153	6
1	441	1	0	12	5	0.00	0.00	2490	6
1	442	1	0	8	44	0.00	0.00	2105	6
1	443	1	1	4	68	143.35	373.43	926	7
1	444	1	1	12	10	-130.23	-378.21	2188	7
1	445	1	1	12	11	-83.16	391.26	1272	7
1	446	1	0	12	2	0.00	0.00	2228	6
1	447	1	0	12	21	0.00	0.00	2310	6
1	448	1	1	12	20	-143.35	373.43	1102	7
1	449	1	1	12	4	-229.43	327.66	1224	7
1	450	1	1	12	13	277.86	-287.74	1522	7
1	451	1	1	8	28	349.85	193.92	1564	7
1	452	1	0	4	70	0.00	0.00	1208	6
1	453	1	1	4	29	-346.41	-200.00	966	7
1	454	1	0	12	5	0.00	0.00	2591	6
1	455	1	0	4	69	0.00	0.00	1667	6
1	456	1	1	8	9	-69.46	393.92	1044	7
1	457	1	0	8	6	0.00	0.00	1698	6
1	458	1	1	8	21	-149.84	370.87	843	7
1	459	1	0	12	20	0.00	0.00	2177	6
1	460	1	1	4	28	193.92	-349.85	1152	6
1	461	1	1	4	12	389.75	89.98	1074	6
1	462	1	0	8	0	0.00	0.00	1802	6
1	463	1	0	8	20	0.00	0.00	2103	6
1	464	1	1	12	16	292.54	-272.80	1788	7
1	465	1	1	4	0	-6.98	399.94	991	7
1	466	1	0	12	22	0.00	0.00	2107	6
1	467	1	0	4	87	0.00	0.00	1302	6
1	468	1	1	4	15	384.50	110.25	1120	7
1	469	1	0	12	19	0.00	0.00	2321	6
1	470	1	0	4	33	0.00	0.00	1249	6
1	471	1	0	4	75	0.00	0.00	1244	6
1	472	1	0	12	25	0.00	0.00	2699	6
1	473	1	0	4	58	0.00	0.00	1213	6
1	474	1	1	8	6	315.20	-246.26	1371	7
1	475	1	1	4	34	327.66	229.43	1123	7
1	476	1	0	4	24	0.00	0.00	1153	6
1	477	1	1	8	27	-187.79	353.18	1402	7
1	478	1	1	8	5	-251.73	-310.86	1717	7
1	479	1	0	8	27	0.00	0.00	1931	6
1	480	1	1	4	69	-136.81	-375.88	1100	7
