blk	trl	target	search	nitems	rot_offset	tpos_x	tpos_y	rt	button
1	2	0	1	12	14	386.37	-103.53	18262	6
1	3	0	0	4	13	0.00	0.00	7960	6
1	4	0	1	12	1	-211.97	339.22	5338	7
1	5	0	1	8	15	-384.50	-110.25	6900	7
1	6	0	0	8	35	0.00	0.00	7850	6
1	7	0	1	4	69	-375.88	136.81	2267	7
1	8	0	0	4	61	0.00	0.00	6848	6
1	9	0	1	4	72	382.52	-116.95	2701	7
1	10	0	1	12	22	-48.75	-397.02	7772	7
1	11	0	0	8	3	0.00	0.00	6249	6
1	12	0	1	4	10	-392.65	-76.32	5945	7
1	13	0	0	12	19	0.00	0.00	9208	6
1	14	0	0	12	1	0.00	0.00	10488	6
1	15	0	0	4	5	0.00	0.00	4100	6
1	16	0	1	8	4	34.86	-398.48	3742	7
1	17	0	1	12	7	-55.67	396.11	16553	7
1	18	0	1	4	45	-287.74	277.86	6178	7
1	19	0	0	12	3	0.00	0.00	14142	6
1	20	0	1	8	20	365.42	-162.69	7363	6
1	21	0	0	12	13	0.00	0.00	12584	6
1	22	0	0	8	37	0.00	0.00	10063	6
1	23	0	1	4	28	-193.92	349.85	5409	7
1	24	0	1	8	4	306.42	-257.12	6422	6
1	25	0	1	8	40	-27.90	-399.03	8356	6
1	26	0	0	4	30	0.00	0.00	5352	6
1	27	0	1	4	69	-375.88	136.81	4245	7
1	28	0	0	4	25	0.00	0.00	4212	6
1	29	0	1	8	3	262.42	301.88	8588	6
1	30	0	1	8	11	-335.47	217.86	8164	6
1	31	0	0	12	23	0.00	0.00	9539	6
1	32	0	1	8	22	149.84	370.87	13536	6
1	33	0	0	4	30	0.00	0.00	6373	6
1	34	0	0	12	12	0.00	0.00	12100	6
1	35	0	0	12	27	0.00	0.00	10290	6
1	36	0	0	8	5	0.00	0.00	9692	6
1	37	0	1	12	17	267.65	297.26	15428	6
1	38	0	1	12	27	339.22	-211.97	12747	7
1	39	0	1	12	24	-398.48	34.86	11319	7
1	40	0	1	4	41	297.26	267.65	5687	6
1	41	0	0	8	15	0.00	0.00	11281	6
1	42	0	0	4	48	0.00	0.00	4019	6
1	43	0	0	8	33	0.00	0.00	11336	6
1	44	0	1	4	28	-349.85	-193.92	5764	7
1	45	0	1	8	0	-6.98	399.94	6363	6
1	46	0	0	8	0	0.00	0.00	6350	6
1	47	0	0	4	76	0.00	0.00	7963	6
1	48	0	1	4	20	-373.43	-143.35	2297	7
1	49	0	0	12	29	0.00	0.00	6828	6
1	50	0	0	12	29	0.00	0.00	11358	6
1	51	0	1	8	24	362.52	169.05	8208	6
1	52	0	0	4	26	0.00	0.00	3019	6
1	53	0	0	12	16	0.00	0.00	15453	6
1	54	0	0	12	7	0.00	0.00	14293	6
1	55	0	1	12	17	-267.65	-297.26	12461	6
1	56	0	0	12	22	0.00	0.00	9491	6
1	57	0	1	8	22	370.87	-149.84	7686	7
1	58	0	1	4	35	-323.61	-235.11	5950	7
1	59	0	1	4	28	193.92	-349.85	1904	7
1	60	0	0	4	1	0.00	0.00	3284	6
1	61	0	1	8	32	-335.47	-217.86	4871	7
1	62	0	0	8	40	0.00	0.00	5713	6
1	63	0	1	4	77	-83.16	-391.26	3008	7
1	64	0	1	12	5	397.81	41.81	5817	7
1	65	0	1	12	20	251.73	310.86	5929	7
1	66	0	0	8	39	0.00	0.00	10563	6
1	67	0	1	4	29	346.41	200.00	3689	7
1	68	0	0	4	32	0.00	0.00	3025	6
1	69	0	0	8	12	0.00	0.00	4398	6
1	70	0	0	8	20	0.00	0.00	6088	6
1	71	0	1	8	44	-400.00	0.00	3958	7
1	72	0	1	8	3	-27.90	399.03	4403	7
1	73	0	0	4	33	0.00	0.00	2766	6
1	74	0	1	4	72	382.52	-116.95	3942	7
1	75	0	0	4	69	0.00	0.00	5101	6
1	76	0	0	12	1	0.00	0.00	8176	6
1	77	0	1	8	12	339.22	-211.97	7003	7
1	78	0	1	12	2	-399.45	-20.93	5979	7
1	79	0	1	12	2	399.45	20.93	7545	7
1	80	0	0	4	66	0.00	0.00	3722	6
1	81	0	1	4	14	-103.53	386.37	5902	7
1	82	0	0	12	29	0.00	0.00	8545	6
1	83	0	0	4	4	0.00	0.00	3342	6
1	84	0	0	12	3	0.00	0.00	7012	6
1	85	0	1	12	17	83.16	391.26	7348	6
1	86	0	1	8	22	-156.29	368.20	3208	7
1	87	0	1	8	33	-223.68	331.62	5371	7
1	88	0	0	12	11	0.00	0.00	13074	7
1	89	0	1	4	74	-386.37	103.53	3919	7
1	90	0	1	12	12	389.75	89.98	10258	7
1	91	0	1	12	23	365.42	162.69	12594	7
1	92	0	0	12	3	0.00	0.00	10518	6
1	93	0	1	12	7	370.87	-149.84	6802	7
1	94	0	0	12	11	0.00	0.00	11064	6
1	95	0	1	8	35	235.11	-323.61	3711	7
1	96	0	0	8	16	0.00	0.00	7339	6
1	97	0	0	4	15	0.00	0.00	3612	6
1	98	0	0	4	49	0.00	0.00	3277	6
1	99	0	1	12	3	-223.68	331.62	5973	7
1	100	0	1	4	83	-41.81	-397.81	4065	7
1	101	0	1	12	5	-235.11	323.61	7766	7
1	102	0	0	12	19	0.00	0.00	11595	6
1	103	0	1	8	6	246.26	315.20	8977	7
1	104	0	1	8	21	-370.87	-149.84	4931	7
1	105	0	1	4	15	-384.50	-110.25	5392	7
1	106	0	0	8	34	0.00	0.00	5039	6
1	107	0	0	4	49	0.00	0.00	2739	6
1	108	0	0	8	42	0.00	0.00	8890	6
1	109	0	1	4	82	-397.02	48.75	5811	7
1	110	0	1	12	1	13.96	-399.76	13274	7
1	111	0	0	4	8	0.00	0.00	2996	6
1	112	0	0	8	6	0.00	0.00	7904	6
1	113	0	0	8	24	0.00	0.00	6150	6
1	114	0	0	12	4	0.00	0.00	10969	6
1	115	0	0	8	38	0.00	0.00	7703	6
1	116	0	0	4	56	0.00	0.00	4405	6
1	117	0	1	4	76	389.75	-89.98	2732	7
1	118	0	1	12	23	235.11	323.61	7132	7
1	119	0	0	8	13	0.00	0.00	8165	6
1	120	0	0	8	22	0.00	0.00	5997	6
1	121	3	1	8	10	-331.62	223.68	1287	7
1	122	3	1	4	61	-187.79	-353.18	1737	7
1	123	3	0	8	3	0.00	0.00	2230	6
1	124	3	1	8	31	-339.22	-211.97	1289	7
1	125	3	1	8	7	-240.73	-319.45	936	7
1	126	3	1	12	24	-169.05	362.52	1572	7
1	127	3	0	8	8	0.00	0.00	2498	6
1	128	3	0	12	20	0.00	0.00	2411	6
1	129	3	1	4	49	257.12	306.42	1289	7
1	130	3	1	8	22	-156.29	368.20	1998	7
1	131	3	0	4	72	0.00	0.00	1391	6
1	132	3	0	4	60	0.00	0.00	1219	6
1	133	3	1	8	42	399.76	-13.96	1542	7
1	134	3	0	4	11	0.00	0.00	1786	6
1	135	3	0	8	0	0.00	0.00	1672	6
1	136	3	0	12	9	0.00	0.00	1938	6
1	137	3	0	8	20	0.00	0.00	2087	6
1	138	3	1	4	79	69.46	393.92	2268	7
1	139	3	0	4	74	0.00	0.00	2305	6
1	140	3	1	12	22	156.29	-368.20	2006	7
1	141	3	0	4	39	0.00	0.00	1534	6
1	142	3	0	12	7	0.00	0.00	1880	6
1	143	3	1	12	18	378.21	130.23	1394	7
1	144	3	1	8	2	-297.26	267.65	2122	7
1	145	3	0	4	89	0.00	0.00	1383	6
1	146	3	0	12	9	0.00	0.00	2269	6
1	147	3	1	4	30	-206.02	342.87	1928	7
1	148	3	1	8	10	-392.65	-76.32	955	7
1	149	3	0	4	9	0.00	0.00	1220	6
1	150	3	1	8	0	-287.74	277.86	3012	7
1	151	3	0	4	74	0.00	0.00	1252	6
1	152	3	1	12	27	211.97	339.22	1573	7
1	153	3	1	12	12	89.98	-389.75	1782	7
1	154	3	0	12	6	0.00	0.00	2683	6
1	155	3	0	4	40	0.00	0.00	1010	6
1	156	3	1	4	33	331.62	223.68	1063	7
1	157	3	1	8	23	-162.69	365.42	1759	7
1	158	3	1	8	42	-399.76	13.96	1561	7
1	159	3	0	8	12	0.00	0.00	2030	6
1	160	3	1	4	27	-187.79	353.18	1453	7
1	161	3	0	4	62	0.00	0.00	1659	6
1	162	3	0	8	22	0.00	0.00	2250	6
1	163	3	1	4	22	156.29	-368.20	2220	7
1	164	3	1	8	18	175.35	359.52	1638	7
1	165	3	1	12	27	353.18	187.79	1310	7
1	166	3	1	8	11	-335.47	217.86	3325	7
1	167	3	0	12	2	0.00	0.00	2804	6
1	168	3	0	12	23	0.00	0.00	1765	6
1	169	3	0	12	25	0.00	0.00	3141	6
1	170	3	0	4	72	0.00	0.00	2225	6
1	171	3	1	12	14	103.53	-386.37	1814	7
1	172	3	1	8	34	393.92	-69.46	1788	7
1	173	3	0	4	86	0.00	0.00	1259	6
1	174	3	0	8	36	0.00	0.00	1419	6
1	175	3	0	8	16	0.00	0.00	2356	6
1	176	3	0	4	63	0.00	0.00	2232	6
1	177	3	1	8	19	136.81	-375.88	1433	7
1	178	3	1	8	1	-292.54	272.80	1662	7
1	179	3	1	4	55	223.68	331.62	1887	7
1	180	3	1	8	19	169.05	362.52	1326	7
1	181	3	1	4	56	-217.86	-335.47	1801	7
1	182	3	0	4	60	0.00	0.00	1519	6
1	183	3	0	8	38	0.00	0.00	1023	6
1	184	3	0	8	11	0.00	0.00	1176	6
1	185	3	0	8	4	0.00	0.00	1549	6
1	186	3	1	4	74	-103.53	-386.37	1039	7
1	187	3	1	4	54	229.43	327.66	1218	7
1	188	3	0	12	4	0.00	0.00	2457	6
1	189	3	1	4	69	136.81	375.88	1388	7
1	190	3	1	4	17	380.42	123.61	1310	7
1	191	3	0	12	10	0.00	0.00	2117	6
1	192	3	0	8	41	0.00	0.00	2156	6
1	193	3	1	4	28	-349.85	-193.92	1480	7
1	194	3	0	4	8	0.00	0.00	1188	6
1	195	3	1	12	10	76.32	-392.65	1858	7
1	196	3	1	12	14	386.37	103.53	1576	7
1	197	3	0	12	20	0.00	0.00	2421	6
1	198	3	0	8	1	0.00	0.00	2159	6
1	199	3	1	4	57	-339.22	211.97	1390	7
1	200	3	1	12	15	-388.12	96.77	1835	7
1	201	3	1	12	2	399.45	20.93	2422	7
1	202	3	0	12	12	0.00	0.00	2379	6
1	203	3	0	4	7	0.00	0.00	2048	6
1	204	3	0	12	8	0.00	0.00	2035	6
1	205	3	1	8	37	246.26	-315.20	2587	7
1	206	3	1	12	23	365.42	162.69	1578	7
1	207	3	1	12	14	282.84	-282.84	1195	7
1	208	3	1	12	16	-389.75	89.98	2106	7
1	209	3	1	4	39	257.12	-306.42	2480	7
1	210	3	0	12	20	0.00	0.00	3151	6
1	211	3	0	12	25	0.00	0.00	3607	6
1	212	3	1	12	2	217.86	-335.47	1491	7
1	213	3	1	8	24	-362.52	-169.05	2570	7
1	214	3	0	8	24	0.00	0.00	1629	6
1	215	3	0	4	21	0.00	0.00	1044	6
1	216	3	0	12	3	0.00	0.00	2128	6
1	217	3	0	4	39	0.00	0.00	1007	6
1	218	3	1	8	25	378.21	-130.23	846	7
1	219	3	1	4	4	398.48	34.86	1573	7
1	220	3	1	12	23	-365.42	-162.69	1168	7
1	221	3	1	4	39	306.42	257.12	2349	7
1	222	3	0	12	10	0.00	0.00	4170	6
1	223	3	0	4	67	0.00	0.00	1453	6
1	224	3	1	12	12	-89.98	389.75	1296	7
1	225	3	0	8	5	0.00	0.00	1589	6
1	226	3	0	12	6	0.00	0.00	2769	6
1	227	3	0	12	1	0.00	0.00	1820	6
1	228	3	1	12	24	229.43	327.66	1182	7
1	229	3	1	4	29	-200.00	346.41	1400	7
1	230	3	1	12	1	211.97	-339.22	1302	7
1	231	3	0	8	11	0.00	0.00	1589	6
1	232	3	0	8	24	0.00	0.00	3423	6
1	233	3	0	4	63	0.00	0.00	1454	6
1	234	3	0	8	19	0.00	0.00	3493	6
1	235	3	1	12	5	162.69	365.42	2292	7
1	236	3	1	4	36	-319.45	-240.73	1617	7
1	237	3	0	12	1	0.00	0.00	3563	6
1	238	3	1	8	21	-156.29	-368.20	1745	7
1	239	3	0	8	29	0.00	0.00	2081	6
1	240	3	0	8	18	0.00	0.00	2224	6
1	241	1	1	4	33	223.68	-331.62	2793	7
1	242	1	0	12	24	0.00	0.00	4547	6
1	243	1	1	4	32	-335.47	-217.86	1917	7
1	244	1	1	12	0	206.02	-342.87	1936	7
1	245	1	0	4	0	0.00	0.00	1806	6
1	246	1	1	4	51	-246.26	-315.20	2200	7
1	247	1	1	12	28	349.85	193.92	3079	7
1	248	1	1	8	3	-27.90	399.03	4069	7
1	249	1	1	4	26	181.60	-356.40	2461	7
1	250	1	0	4	72	0.00	0.00	2508	6
1	251	1	0	12	23	0.00	0.00	3130	6
1	252	1	0	4	43	0.00	0.00	1948	6
1	253	1	0	4	49	0.00	0.00	1516	6
1	254	1	1	8	23	162.69	-365.42	2500	7
1	255	1	0	4	84	0.00	0.00	2252	6
1	256	1	1	4	58	-206.02	-342.87	1980	7
1	257	1	1	8	38	397.81	-41.81	3900	7
1	258	1	1	8	35	-395.08	62.57	10249	7
1	259	1	1	12	4	-362.52	169.05	1660	7
1	260	1	0	8	36	0.00	0.00	2788	6
1	261	1	0	8	41	0.00	0.00	4083	6
1	262	1	1	12	3	175.35	359.52	2133	7
1	263	1	1	8	6	-246.26	-315.20	5368	7
1	264	1	1	8	28	-193.92	349.85	1814	7
1	265	1	1	8	21	-370.87	-149.84	3340	7
1	266	1	1	8	37	397.02	-48.75	4357	7
1	267	1	0	8	22	0.00	0.00	3251	6
1	268	1	1	4	21	-149.84	370.87	1944	7
1	269	1	0	12	6	0.00	0.00	5004	6
1	270	1	0	8	14	0.00	0.00	3316	6
1	271	1	0	12	27	0.00	0.00	5622	6
1	272	1	0	4	73	0.00	0.00	5032	6
1	273	1	0	4	6	0.00	0.00	3886	6
1	274	1	1	12	11	391.26	83.16	6363	7
1	275	1	0	8	33	0.00	0.00	6377	6
1	276	1	1	4	49	257.12	306.42	5625	7
1	277	1	0	8	36	0.00	0.00	2994	6
1	278	1	0	4	52	0.00	0.00	2024	6
1	279	1	0	4	60	0.00	0.00	2351	6
1	280	1	1	4	38	-310.86	-251.73	1694	7
1	281	1	0	4	59	0.00	0.00	2141	6
1	282	1	1	8	24	375.88	-136.81	2492	7
1	283	1	0	4	46	0.00	0.00	2998	6
1	284	1	0	12	6	0.00	0.00	3706	6
1	285	1	0	8	25	0.00	0.00	5029	6
1	286	1	0	4	88	0.00	0.00	1754	6
1	287	1	1	4	87	13.96	399.76	2792	7
1	288	1	1	4	77	391.26	-83.16	2814	7
1	289	1	1	12	26	181.60	-356.40	5291	7
1	290	1	0	12	16	0.00	0.00	3949	6
1	291	1	1	8	8	395.08	62.57	2486	7
1	292	1	0	12	16	0.00	0.00	4125	6
1	293	1	0	12	5	0.00	0.00	7232	6
1	294	1	1	12	29	200.00	-346.41	3877	7
1	295	1	0	8	25	0.00	0.00	3347	6
1	296	1	1	4	8	-62.57	395.08	5477	7
1	297	1	0	8	34	0.00	0.00	7010	6
1	298	1	0	4	45	0.00	0.00	1897	6
1	299	1	0	12	23	0.00	0.00	3668	6
1	300	1	1	12	15	-110.25	384.50	3436	7
1	301	1	1	4	70	130.23	378.21	1488	7
1	302	1	0	12	26	0.00	0.00	3098	6
1	303	1	0	12	21	0.00	0.00	3267	6
1	304	1	0	8	42	0.00	0.00	2915	6
1	305	1	1	4	79	69.46	393.92	4248	7
1	306	1	1	8	19	136.81	-375.88	2899	7
1	307	1	0	8	15	0.00	0.00	2972	6
1	308	1	0	12	21	0.00	0.00	4642	6
1	309	1	0	4	62	0.00	0.00	2475	6
1	310	1	0	4	66	0.00	0.00	2291	6
1	311	1	0	8	22	0.00	0.00	2894	6
1	312	1	0	12	1	0.00	0.00	5158	6
1	313	1	1	12	26	-399.45	20.93	2045	7
1	314	1	1	8	35	-395.08	62.57	3170	7
1	315	1	1	12	21	-246.26	-315.20	4580	7
1	316	1	0	8	23	0.00	0.00	3461	6
1	317	1	1	12	29	346.41	-200.00	3466	7
1	318	1	1	8	11	391.26	83.16	3407	7
1	319	1	0	12	9	0.00	0.00	3318	6
1	320	1	1	8	29	-346.41	-200.00	3013	7
1	321	1	0	4	89	0.00	0.00	2148	6
1	322	1	0	8	13	0.00	0.00	2821	6
1	323	1	0	4	66	0.00	0.00	1542	6
1	324	1	1	4	66	368.20	-156.29	2340	7
1	325	1	1	12	29	-200.00	346.41	3505	7
1	326	1	1	12	17	267.65	297.26	2518	7
1	327	1	1	12	17	123.61	-380.42	2286	7
1	328	1	1	8	44	-282.84	282.84	6990	7
1	329	1	0	8	6	0.00	0.00	4575	6
1	330	1	1	12	10	392.65	76.32	5811	7
1	331	1	0	8	42	0.00	0.00	3084	6
1	332	1	0	8	9	0.00	0.00	5541	6
1	333	1	0	8	23	0.00	0.00	3784	6
1	334	1	0	4	64	0.00	0.00	2083	6
1	335	1	1	4	70	-130.23	-378.21	3035	7
1	336	1	1	8	31	-389.75	89.98	1878	7
1	337	1	1	12	6	-156.29	-368.20	2249	7
1	338	1	1	12	27	-399.76	13.96	2913	7
1	339	1	1	8	6	246.26	315.20	1667	7
1	340	1	1	4	37	315.20	246.26	1880	7
1	341	1	1	12	23	365.42	162.69	3464	7
1	342	1	1	8	9	327.66	-229.43	1398	7
1	343	1	0	4	10	0.00	0.00	2375	6
1	344	1	1	8	10	331.62	-223.68	3785	7
1	345	1	0	8	42	0.00	0.00	2552	6
1	346	1	1	4	65	162.69	365.42	3135	7
1	347	1	0	8	43	0.00	0.00	4596	6
1	348	1	0	12	3	0.00	0.00	4716	6
1	349	1	0	4	46	0.00	0.00	2028	6
1	350	1	1	8	36	240.73	-319.45	2132	7
1	351	1	0	12	4	0.00	0.00	3545	6
1	352	1	1	4	29	346.41	200.00	1942	7
1	353	1	1	12	19	-257.12	-306.42	3322	7
1	354	1	0	12	15	0.00	0.00	3152	6
1	355	1	1	4	70	-378.21	130.23	1645	7
1	356	1	1	12	8	-251.73	310.86	5540	7
1	357	1	1	4	80	395.08	-62.57	2859	7
1	358	1	0	12	12	0.00	0.00	13070	6
1	359	1	0	12	1	0.00	0.00	3315	6
1	360	1	0	12	23	0.00	0.00	4295	6
1	361	2	1	12	5	397.81	41.81	2251	7
1	362	2	0	8	15	0.00	0.00	2076	6
1	363	2	0	4	79	0.00	0.00	1258	6
1	364	2	0	8	39	0.00	0.00	2605	6
1	365	2	1	12	5	-162.69	-365.42	3521	7
1	366	2	0	4	52	0.00	0.00	1816	6
1	367	2	1	8	14	-386.37	-103.53	2620	7
1	368	2	1	12	10	392.65	76.32	3140	7
1	369	2	0	12	14	0.00	0.00	2430	6
1	370	2	0	4	86	0.00	0.00	2645	6
1	371	2	1	12	2	-399.45	-20.93	1670	7
1	372	2	0	8	12	0.00	0.00	1921	6
1	373	2	1	8	34	229.43	-327.66	2207	7
1	374	2	0	4	67	0.00	0.00	1216	6
1	375	2	1	12	6	-48.75	397.02	3706	7
1	376	2	0	8	2	0.00	0.00	2215	6
1	377	2	1	12	9	-393.92	-69.46	2572	7
1	378	2	0	12	16	0.00	0.00	2737	6
1	379	2	1	4	32	217.86	-335.47	1704	7
1	380	2	0	12	22	0.00	0.00	4055	6
1	381	2	0	4	24	0.00	0.00	2278	6
1	382	2	1	4	68	-373.43	143.35	1897	7
1	383	2	0	4	14	0.00	0.00	1719	6
1	384	2	1	4	45	287.74	-277.86	2469	7
1	385	2	1	4	14	386.37	103.53	1675	7
1	386	2	1	4	87	13.96	399.76	2256	7
1	387	2	0	8	12	0.00	0.00	3760	6
1	388	2	0	12	22	0.00	0.00	3020	6
1	389	2	0	8	39	0.00	0.00	2094	6
1	390	2	1	4	57	339.22	-211.97	1231	7
1	391	2	1	12	9	69.46	-393.92	2699	7
1	392	2	0	8	14	0.00	0.00	3360	6
1	393	2	0	4	36	0.00	0.00	1834	6
1	394	2	1	4	71	123.61	380.42	988	7
1	395	2	1	8	31	339.22	211.97	1446	7
1	396	2	0	4	18	0.00	0.00	2727	6
1	397	2	1	12	22	48.75	397.02	3621	7
1	398	2	0	8	22	0.00	0.00	2064	6
1	399	2	0	4	51	0.00	0.00	2243	6
1	400	2	0	4	63	0.00	0.00	1525	6
1	401	2	1	4	56	-217.86	-335.47	1334	7
1	402	2	0	12	17	0.00	0.00	2862	6
1	403	2	0	4	83	0.00	0.00	4015	6
1	404	2	0	8	18	0.00	0.00	1874	6
1	405	2	0	12	18	0.00	0.00	2351	6
1	406	2	1	4	83	41.81	397.81	1164	7
1	407	2	0	4	56	0.00	0.00	1528	6
1	408	2	0	12	13	0.00	0.00	1526	6
1	409	2	1	8	39	34.86	398.48	2108	7
1	410	2	1	12	16	-116.95	382.52	1276	7
1	411	2	0	8	28	0.00	0.00	2137	6
1	412	2	1	12	16	389.75	-89.98	2010	7
1	413	2	1	4	47	-297.26	267.65	1816	7
1	414	2	0	4	69	0.00	0.00	1833	6
1	415	2	1	8	13	342.87	-206.02	4707	7
1	416	2	0	12	25	0.00	0.00	3678	6
1	417	2	1	8	28	349.85	193.92	1820	7
1	418	2	0	8	1	0.00	0.00	2267	6
1	419	2	1	8	6	-315.20	246.26	2502	7
1	420	2	0	4	66	0.00	0.00	1128	6
1	421	2	0	12	28	0.00	0.00	2365	6
1	422	2	0	12	2	0.00	0.00	2522	6
1	423	2	1	4	67	-370.87	149.84	1025	7
1	424	2	1	12	18	-262.42	-301.88	2433	7
1	425	2	1	8	43	-287.74	-277.86	1203	7
1	426	2	1	8	3	27.90	-399.03	3312	7
1	427	2	0	4	30	0.00	0.00	1492	6
1	428	2	0	4	21	0.00	0.00	2850	6
1	429	2	0	12	8	0.00	0.00	3345	6
1	430	2	1	8	14	-200.00	-346.41	1800	7
1	431	2	0	4	44	0.00	0.00	1614	6
1	432	2	1	4	77	391.26	-83.16	1262	7
1	433	2	1	4	20	373.43	143.35	4434	7
1	434	2	0	8	44	0.00	0.00	1952	6
1	435	2	1	12	22	48.75	397.02	1693	7
1	436	2	1	8	14	-103.53	386.37	1294	7
1	437	2	1	4	53	-235.11	-323.61	2281	7
1	438	2	0	12	1	0.00	0.00	5624	6
1	439	2	0	8	3	0.00	0.00	3350	6
1	440	2	1	8	10	223.68	331.62	1528	7
1	441	2	0	12	0	0.00	0.00	2193	6
1	442	2	1	4	66	156.29	368.20	2842	7
1	443	2	1	12	16	389.75	-89.98	1568	7
1	444	2	1	12	0	349.85	-193.92	2099	7
1	445	2	0	8	31	0.00	0.00	2306	6
1	446	2	0	12	7	0.00	0.00	2830	6
1	447	2	1	8	14	-200.00	-346.41	4483	7
1	448	2	1	4	2	399.45	20.93	3500	7
1	449	2	1	8	10	-392.65	-76.32	2309	7
1	450	2	1	8	33	331.62	223.68	3608	7
1	451	2	0	12	24	0.00	0.00	3488	6
1	452	2	0	8	34	0.00	0.00	2947	6
1	453	2	0	4	26	0.00	0.00	1141	6
1	454	2	1	12	10	76.32	-392.65	2476	7
1	455	2	0	8	16	0.00	0.00	2901	6
1	456	2	1	8	38	41.81	397.81	1933	7
1	457	2	0	4	87	0.00	0.00	1161	6
1	458	2	0	8	18	0.00	0.00	3774	6
1	459	2	1	4	31	211.97	-339.22	1650	7
1	460	2	1	12	1	187.79	353.18	1144	7
1	461	2	1	4	79	69.46	393.92	1317	7
1	462	2	0	12	27	0.00	0.00	3109	6
1	463	2	1	8	29	103.53	386.37	1456	7
1	464	2	1	8	15	-110.25	384.50	2103	7
1	465	2	1	4	49	306.42	-257.12	1673	7
1	466	2	0	4	10	0.00	0.00	1716	6
1	467	2	0	12	25	0.00	0.00	3296	6
1	468	2	1	8	3	-301.88	262.42	1259	7
1	469	2	0	12	22	0.00	0.00	3117	6
1	470	2	1	8	39	257.12	-306.42	1862	7
1	471	2	0	12	18	0.00	0.00	3432	6
1	472	2	1	12	24	-327.66	229.43	2578	6
1	473	2	0	12	11	0.00	0.00	3185	6
1	474	2	1	12	23	-41.81	-397.81	2120	7
1	475	2	0	8	17	0.00	0.00	2404	6
1	476	2	1	4	22	156.29	-368.20	1478	7
1	477	2	0	8	17	0.00	0.00	4464	6
1	478	2	0	8	3	0.00	0.00	2117	6
1	479	2	1	12	10	378.21	-130.23	4135	7
1	480	2	1	12	16	-272.80	-292.54	1695	7
