blk	trl	target	search	nitems	rot_offset	tpos_x	tpos_y	rt	button
3	1	2	0	4	2	0.00	0.00	1514	6
3	2	2	1	4	68	-373.43	143.35	1093	7
3	3	2	1	8	16	382.52	116.95	1361	7
3	4	2	0	12	7	0.00	0.00	3524	6
3	5	2	0	4	8	0.00	0.00	1506	6
3	6	2	1	4	86	399.45	-20.93	1379	7
3	7	2	0	12	9	0.00	0.00	3494	6
3	8	2	1	4	58	342.87	-206.02	1354	7
3	9	2	0	4	17	0.00	0.00	1762	6
3	10	2	1	8	11	391.26	83.16	1726	7
3	11	2	0	8	44	0.00	0.00	2336	6
3	12	2	0	8	29	0.00	0.00	2206	6
3	13	2	1	4	1	-13.96	399.76	1301	7
3	14	2	0	8	36	0.00	0.00	2459	6
3	15	2	0	8	38	0.00	0.00	2386	6
3	16	2	1	8	19	169.05	362.52	1493	7
3	17	2	1	4	61	-187.79	-353.18	1700	7
3	18	2	1	12	20	-373.43	-143.35	2148	7
3	19	2	0	4	46	0.00	0.00	1587	6
3	20	2	0	4	25	0.00	0.00	1508	6
3	21	2	1	8	23	-365.42	-162.69	1704	7
3	22	2	1	4	88	399.94	-6.98	1209	7
3	23	2	1	8	26	-181.60	356.40	1704	7
3	24	2	0	8	3	0.00	0.00	2180	6
3	25	2	1	8	23	-365.42	-162.69	2598	7
3	26	2	0	12	18	0.00	0.00	2518	6
3	27	2	1	4	58	-206.02	-342.87	1691	7
3	28	2	1	12	15	-287.74	277.86	1169	7
3	29	2	0	4	28	0.00	0.00	1737	6
3	30	2	1	12	27	13.96	399.76	1038	7
3	31	2	0	8	3	0.00	0.00	2665	6
3	32	2	0	8	27	0.00	0.00	2706	6
3	33	2	1	4	31	-211.97	339.22	1276	7
3	34	2	0	12	27	0.00	0.00	2507	6
3	35	2	0	8	26	0.00	0.00	2479	6
3	36	2	0	12	12	0.00	0.00	3154	6
3	37	2	1	8	23	-373.43	143.35	1715	7
3	38	2	0	8	34	0.00	0.00	2278	6
3	39	2	0	4	38	0.00	0.00	1919	6
3	40	2	1	12	28	193.92	-349.85	2057	7
3	41	2	1	4	16	382.52	116.95	1350	7
3	42	2	1	12	25	27.90	399.03	1325	7
3	43	2	1	12	13	110.25	384.50	1193	7
3	44	2	1	12	0	-6.98	399.94	1385	7
3	45	2	1	4	2	-20.93	399.45	1270	7
3	46	2	0	12	29	0.00	0.00	2968	6
3	47	2	1	4	3	-27.90	399.03	1259	7
3	48	2	0	12	3	0.00	0.00	2633	6
3	49	2	0	4	17	0.00	0.00	1685	6
3	50	2	1	12	17	-380.42	-123.61	3018	7
3	51	2	1	12	26	-20.93	-399.45	2310	7
3	52	2	1	4	8	62.57	-395.08	1501	7
3	53	2	0	12	26	0.00	0.00	3745	6
3	54	2	1	12	24	-398.48	34.86	3168	7
3	55	2	0	12	3	0.00	0.00	2922	6
3	56	2	1	8	27	-116.95	-382.52	2004	7
3	57	2	0	8	28	0.00	0.00	2775	6
3	58	2	0	8	15	0.00	0.00	2604	6
3	59	2	1	8	27	116.95	382.52	1468	7
3	60	2	0	12	17	0.00	0.00	2876	6
3	61	2	0	4	35	0.00	0.00	2089	6
3	62	2	1	12	19	375.88	136.81	1398	7
3	63	2	0	8	1	0.00	0.00	2305	6
3	64	2	0	4	68	0.00	0.00	1688	6
3	65	2	1	4	15	384.50	110.25	1475	7
3	66	2	0	4	35	0.00	0.00	1730	6
3	67	2	0	12	27	0.00	0.00	2565	6
3	68	2	1	4	79	393.92	-69.46	1338	7
3	69	2	0	12	10	0.00	0.00	2862	6
3	70	2	1	4	66	156.29	368.20	1324	7
3	71	2	1	8	22	149.84	370.87	1230	7
3	72	2	1	8	44	-400.00	0.00	2554	7
3	73	2	1	8	34	69.46	393.92	1839	7
3	74	2	0	8	36	0.00	0.00	2571	6
3	75	2	0	12	12	0.00	0.00	2622	6
3	76	2	0	8	33	0.00	0.00	2752	6
3	77	2	0	4	18	0.00	0.00	1585	6
3	78	2	1	4	50	251.73	310.86	1140	7
3	79	2	1	8	8	235.11	323.61	1092	7
3	80	2	1	12	10	-262.42	301.88	2272	7
3	81	2	1	12	11	-267.65	297.26	1876	7
3	82	2	0	4	62	0.00	0.00	1751	6
3	83	2	0	4	65	0.00	0.00	1754	6
3	84	2	0	12	29	0.00	0.00	2516	6
3	85	2	0	4	38	0.00	0.00	1704	6
3	86	2	1	12	5	-41.81	397.81	1448	7
3	87	2	1	12	5	397.81	41.81	2623	7
3	88	2	1	12	24	-398.48	34.86	2674	7
3	89	2	1	4	55	-331.62	223.68	1184	7
3	90	2	1	8	20	-162.69	-365.42	2035	7
3	91	2	0	8	14	0.00	0.00	2319	6
3	92	2	0	4	6	0.00	0.00	1786	6
3	93	2	0	4	20	0.00	0.00	1780	6
3	94	2	0	4	1	0.00	0.00	1816	6
3	95	2	0	12	1	0.00	0.00	3323	6
3	96	2	1	8	43	-399.94	6.98	1718	7
3	97	2	0	12	24	0.00	0.00	2497	6
3	98	2	0	4	23	0.00	0.00	1568	6
3	99	2	1	4	14	386.37	103.53	1184	7
3	100	2	1	8	41	297.26	267.65	1240	7
3	101	2	1	8	23	143.35	373.43	1288	7
3	102	2	0	8	40	0.00	0.00	2187	6
3	103	2	0	8	20	0.00	0.00	2550	6
3	104	2	0	8	8	0.00	0.00	2301	6
3	105	2	1	12	16	-116.95	382.52	1233	7
3	106	2	1	8	18	-130.23	378.21	1544	7
3	107	2	1	8	39	306.42	257.12	1340	7
3	108	2	0	8	2	0.00	0.00	2304	6
3	109	2	1	8	4	34.86	-398.48	2450	7
3	110	2	1	12	4	-229.43	327.66	1846	7
3	111	2	1	4	80	395.08	-62.57	1514	7
3	112	2	0	8	6	0.00	0.00	2394	6
3	113	2	0	4	53	0.00	0.00	1529	6
3	114	2	1	4	10	-392.65	-76.32	1862	7
3	115	2	0	12	10	0.00	0.00	2428	6
3	116	2	0	12	20	0.00	0.00	3058	6
3	117	2	1	12	1	-187.79	-353.18	2165	7
3	118	2	0	12	28	0.00	0.00	3235	6
3	119	2	1	12	18	-378.21	-130.23	2514	7
3	120	2	0	12	25	0.00	0.00	3479	6
3	121	0	0	12	0	0.00	0.00	6810	6
3	122	0	1	4	29	-200.00	346.41	3329	7
3	123	0	1	12	29	400.00	-0.00	7965	7
3	124	0	0	4	7	0.00	0.00	2856	6
3	125	0	1	4	77	83.16	391.26	5196	7
3	126	0	1	8	24	-362.52	-169.05	6683	7
3	127	0	1	8	37	-246.26	315.20	5173	7
3	128	0	0	8	32	0.00	0.00	9347	6
3	129	0	0	12	26	0.00	0.00	11058	6
3	130	0	0	4	12	0.00	0.00	3474	6
3	131	0	1	12	5	365.42	-162.69	6250	7
3	132	0	1	4	4	34.86	-398.48	3211	6
3	133	0	1	8	20	143.35	-373.43	4820	7
3	134	0	1	12	15	277.86	287.74	5941	7
3	135	0	1	12	27	339.22	-211.97	13596	7
3	136	0	0	12	16	0.00	0.00	17230	6
3	137	0	1	8	43	287.74	277.86	2025	7
3	138	0	0	8	13	0.00	0.00	8430	6
3	139	0	0	8	34	0.00	0.00	5645	6
3	140	0	1	12	11	-297.26	-267.65	5885	7
3	141	0	1	12	21	-396.11	55.67	6581	7
3	142	0	0	4	42	0.00	0.00	2453	6
3	143	0	0	4	30	0.00	0.00	2529	6
3	144	0	0	4	39	0.00	0.00	2558	6
3	145	0	0	4	84	0.00	0.00	2955	6
3	146	0	1	4	57	211.97	339.22	1619	7
3	147	0	0	4	63	0.00	0.00	3947	6
3	148	0	1	12	4	-398.48	-34.86	7052	7
3	149	0	1	8	41	267.65	-297.26	4040	7
3	150	0	0	4	88	0.00	0.00	3106	6
3	151	0	0	8	2	0.00	0.00	3748	6
3	152	0	0	4	70	0.00	0.00	2552	6
3	153	0	0	12	24	0.00	0.00	9079	6
3	154	0	1	4	8	-62.57	395.08	7091	7
3	155	0	1	4	73	-110.25	-384.50	2826	7
3	156	0	1	12	14	282.84	-282.84	4869	7
3	157	0	0	8	7	0.00	0.00	5023	6
3	158	0	0	8	8	0.00	0.00	4821	6
3	159	0	1	12	17	-297.26	267.65	7161	7
3	160	0	0	8	37	0.00	0.00	8167	6
3	161	0	0	4	13	0.00	0.00	2819	6
3	162	0	0	4	26	0.00	0.00	2448	6
3	163	0	1	8	14	-386.37	-103.53	5052	7
3	164	0	1	4	28	349.85	193.92	1967	7
3	165	0	0	4	58	0.00	0.00	2819	6
3	166	0	0	8	31	0.00	0.00	4466	6
3	167	0	1	4	46	-272.80	-292.54	4693	7
3	168	0	0	12	5	0.00	0.00	6215	6
3	169	0	1	8	38	-41.81	-397.81	4017	7
3	170	0	1	8	43	-287.74	-277.86	4516	7
3	171	0	0	12	21	0.00	0.00	7725	6
3	172	0	0	8	20	0.00	0.00	4343	6
3	173	0	0	12	4	0.00	0.00	10626	6
3	174	0	0	12	14	0.00	0.00	14971	6
3	175	0	1	8	6	397.02	48.75	2369	7
3	176	0	0	4	37	0.00	0.00	2787	6
3	177	0	0	8	4	0.00	0.00	4427	6
3	178	0	1	4	74	103.53	386.37	1721	7
3	179	0	0	8	41	0.00	0.00	3961	6
3	180	0	0	8	39	0.00	0.00	3986	6
3	181	0	0	12	15	0.00	0.00	5858	6
3	182	0	0	4	8	0.00	0.00	2764	6
3	183	0	0	12	5	0.00	0.00	5194	6
3	184	0	1	4	85	-399.03	27.90	2510	7
3	185	0	1	12	13	384.50	-110.25	3310	7
3	186	0	0	4	45	0.00	0.00	2606	6
3	187	0	0	8	17	0.00	0.00	10123	6
3	188	0	1	4	50	310.86	-251.73	2507	7
3	189	0	1	8	22	-156.29	368.20	1927	7
3	190	0	0	12	27	0.00	0.00	5865	6
3	191	0	0	8	23	0.00	0.00	4485	6
3	192	0	1	12	5	-323.61	-235.11	7077	7
3	193	0	1	12	20	373.43	143.35	2837	7
3	194	0	0	8	6	0.00	0.00	4197	6
3	195	0	0	12	1	0.00	0.00	11838	6
3	196	0	0	12	21	0.00	0.00	6531	6
3	197	0	0	8	26	0.00	0.00	4215	6
3	198	0	1	4	3	-27.90	399.03	3111	7
3	199	0	1	12	11	-391.26	-83.16	7181	7
3	200	0	1	8	5	251.73	310.86	3666	7
3	201	0	1	4	41	297.26	267.65	5032	7
3	202	0	1	4	25	175.35	-359.52	2779	7
3	203	0	1	8	36	240.73	-319.45	4023	7
3	204	0	1	4	60	349.85	-193.92	2367	7
3	205	0	0	12	27	0.00	0.00	6957	6
3	206	0	1	8	40	-301.88	-262.42	5513	7
3	207	0	1	8	5	-251.73	-310.86	5261	7
3	208	0	1	12	13	287.74	277.86	4990	7
3	209	0	1	8	20	-373.43	-143.35	4955	7
3	210	0	0	4	78	0.00	0.00	2208	6
3	211	0	1	8	11	335.47	-217.86	2494	7
3	212	0	1	4	44	282.84	-282.84	3027	7
3	213	0	0	12	9	0.00	0.00	7575	6
3	214	0	1	12	16	-389.75	89.98	6978	7
3	215	0	0	12	25	0.00	0.00	6469	6
3	216	0	0	12	18	0.00	0.00	6901	6
3	217	0	0	4	6	0.00	0.00	2562	6
3	218	0	0	12	27	0.00	0.00	9172	6
3	219	0	1	12	1	-13.96	399.76	2988	7
3	220	0	0	4	81	0.00	0.00	2633	6
3	221	0	0	8	5	0.00	0.00	4218	6
3	222	0	1	4	16	382.52	116.95	3600	7
3	223	0	0	12	8	0.00	0.00	6715	6
3	224	0	0	8	6	0.00	0.00	4483	6
3	225	0	1	4	59	-200.00	-346.41	3153	7
3	226	0	0	8	1	0.00	0.00	5935	6
3	227	0	1	12	20	373.43	143.35	4341	7
3	228	0	0	4	35	0.00	0.00	2914	6
3	229	0	1	12	17	-380.42	-123.61	12190	7
3	230	0	1	8	9	229.43	327.66	4714	7
3	231	0	1	4	60	-349.85	193.92	1831	7
3	232	0	1	8	35	235.11	-323.61	2995	7
3	233	0	1	12	28	-206.02	-342.87	6395	7
3	234	0	0	4	37	0.00	0.00	2239	6
3	235	0	1	12	24	229.43	327.66	3234	7
3	236	0	1	8	35	323.61	235.11	2414	7
3	237	0	1	4	59	-346.41	200.00	3114	7
3	238	0	0	8	30	0.00	0.00	4033	6
3	239	0	1	8	9	229.43	327.66	2944	7
3	240	0	0	12	4	0.00	0.00	7670	6
3	241	1	0	8	25	0.00	0.00	2922	6
3	242	1	1	12	15	-96.77	-388.12	3160	7
3	243	1	1	12	24	398.48	-34.86	2270	7
3	244	1	1	8	16	-116.95	382.52	1749	7
3	245	1	0	8	36	0.00	0.00	3074	6
3	246	1	1	4	28	349.85	193.92	1383	7
3	247	1	0	4	57	0.00	0.00	1765	6
3	248	1	0	4	72	0.00	0.00	1721	6
3	249	1	0	12	6	0.00	0.00	3836	6
3	250	1	1	12	3	-331.62	-223.68	3422	7
3	251	1	1	4	42	272.80	-292.54	1842	7
3	252	1	0	8	0	0.00	0.00	4005	6
3	253	1	1	4	77	83.16	391.26	1529	7
3	254	1	0	4	50	0.00	0.00	1751	6
3	255	1	1	4	3	-27.90	399.03	1509	7
3	256	1	0	8	39	0.00	0.00	3076	6
3	257	1	1	4	26	-356.40	-181.60	1957	7
3	258	1	1	12	3	27.90	-399.03	3377	7
3	259	1	1	8	6	397.02	48.75	2184	7
3	260	1	0	4	36	0.00	0.00	1728	6
3	261	1	0	12	24	0.00	0.00	4510	6
3	262	1	1	4	2	399.45	20.93	1452	7
3	263	1	0	8	19	0.00	0.00	2814	6
3	264	1	1	4	59	-346.41	200.00	1363	7
3	265	1	1	8	14	-346.41	200.00	1635	7
3	266	1	1	8	14	386.37	103.53	1761	7
3	267	1	1	4	19	-375.88	-136.81	2049	7
3	268	1	1	12	10	-301.88	-262.42	3424	7
3	269	1	0	4	14	0.00	0.00	1590	6
3	270	1	0	4	84	0.00	0.00	2106	6
3	271	1	0	4	0	0.00	0.00	2070	6
3	272	1	1	8	33	-76.32	-392.65	2472	7
3	273	1	1	8	23	365.42	162.69	1915	7
3	274	1	0	8	41	0.00	0.00	2929	6
3	275	1	0	12	9	0.00	0.00	4071	6
3	276	1	1	12	20	310.86	-251.73	2418	7
3	277	1	0	4	72	0.00	0.00	2008	6
3	278	1	1	12	15	-110.25	384.50	1480	7
3	279	1	0	12	24	0.00	0.00	3900	6
3	280	1	0	8	33	0.00	0.00	3008	6
3	281	1	0	8	18	0.00	0.00	3307	6
3	282	1	1	4	84	398.48	-34.86	1635	7
3	283	1	0	12	1	0.00	0.00	3732	6
3	284	1	1	12	17	83.16	391.26	2210	7
3	285	1	1	8	25	-359.52	-175.35	3011	7
3	286	1	1	4	70	-378.21	130.23	1414	7
3	287	1	0	8	30	0.00	0.00	2753	6
3	288	1	0	12	6	0.00	0.00	3528	6
3	289	1	0	12	25	0.00	0.00	3577	6
3	290	1	0	12	21	0.00	0.00	4248	6
3	291	1	1	8	14	-200.00	-346.41	3853	7
3	292	1	0	8	16	0.00	0.00	3715	6
3	293	1	0	4	35	0.00	0.00	1768	6
3	294	1	0	4	45	0.00	0.00	1692	6
3	295	1	1	12	9	-375.88	136.81	3838	7
3	296	1	1	8	14	386.37	103.53	1912	7
3	297	1	1	12	25	-175.35	359.52	3269	7
3	298	1	0	12	29	0.00	0.00	3742	6
3	299	1	0	4	47	0.00	0.00	1940	6
3	300	1	0	4	82	0.00	0.00	1975	6
3	301	1	1	12	10	-378.21	130.23	4119	7
3	302	1	0	12	14	0.00	0.00	3528	6
3	303	1	1	4	78	76.32	392.65	1399	7
3	304	1	0	12	15	0.00	0.00	4257	6
3	305	1	1	12	23	323.61	-235.11	2629	7
3	306	1	1	4	7	55.67	-396.11	1635	7
3	307	1	0	8	19	0.00	0.00	3365	6
3	308	1	0	4	83	0.00	0.00	1856	6
3	309	1	0	8	35	0.00	0.00	2702	6
3	310	1	0	4	33	0.00	0.00	1953	6
3	311	1	1	12	2	-356.40	181.60	4031	7
3	312	1	1	8	12	389.75	89.98	1887	7
3	313	1	0	4	46	0.00	0.00	2228	6
3	314	1	0	4	54	0.00	0.00	1709	6
3	315	1	0	4	57	0.00	0.00	1789	6
3	316	1	1	12	19	136.81	-375.88	3215	7
3	317	1	0	4	51	0.00	0.00	1865	6
3	318	1	0	12	9	0.00	0.00	3708	6
3	319	1	1	4	3	-399.03	-27.90	1435	7
3	320	1	1	8	22	370.87	-149.84	2333	7
3	321	1	1	12	15	96.77	388.12	1800	7
3	322	1	0	8	26	0.00	0.00	4086	6
3	323	1	1	4	51	315.20	-246.26	1666	7
3	324	1	0	12	2	0.00	0.00	3406	6
3	325	1	1	4	58	206.02	342.87	1203	7
3	326	1	1	4	88	399.94	-6.98	1298	7
3	327	1	0	8	11	0.00	0.00	3184	6
3	328	1	1	12	27	-187.79	353.18	1487	7
3	329	1	1	8	16	-382.52	-116.95	2732	7
3	330	1	0	8	30	0.00	0.00	3295	6
3	331	1	0	8	28	0.00	0.00	3002	6
3	332	1	1	4	81	396.11	-55.67	1615	7
3	333	1	1	4	7	396.11	55.67	1333	7
3	334	1	1	12	11	-267.65	297.26	4023	7
3	335	1	1	4	16	116.95	-382.52	1528	7
3	336	1	1	8	16	-353.18	187.79	2865	7
3	337	1	1	8	27	116.95	382.52	1142	7
3	338	1	0	12	22	0.00	0.00	4177	6
3	339	1	1	12	21	396.11	-55.67	2307	7
3	340	1	1	8	20	162.69	365.42	1271	7
3	341	1	0	12	10	0.00	0.00	4420	6
3	342	1	1	12	7	-370.87	149.84	3911	7
3	343	1	0	4	66	0.00	0.00	1783	6
3	344	1	1	8	35	-395.08	62.57	3739	7
3	345	1	0	8	9	0.00	0.00	3585	6
3	346	1	1	4	25	-175.35	359.52	1307	7
3	347	1	1	8	22	-156.29	368.20	1411	7
3	348	1	0	8	28	0.00	0.00	3824	6
3	349	1	1	12	0	6.98	-399.94	3070	7
3	350	1	0	8	39	0.00	0.00	3064	6
3	351	1	0	12	5	0.00	0.00	5183	6
3	352	1	1	8	36	-319.45	-240.73	3266	7
3	353	1	0	8	38	0.00	0.00	3428	6
3	354	1	0	12	10	0.00	0.00	3378	6
3	355	1	1	8	31	339.22	211.97	2179	7
3	356	1	0	4	3	0.00	0.00	1888	6
3	357	1	1	8	9	-69.46	393.92	1216	7
3	358	1	0	12	18	0.00	0.00	4304	6
3	359	1	0	12	25	0.00	0.00	4151	6
3	360	1	0	12	25	0.00	0.00	3840	6
3	361	3	0	4	26	0.00	0.00	1196	6
3	362	3	1	4	35	-235.11	323.61	1796	7
3	363	3	0	4	21	0.00	0.00	1333	6
3	364	3	0	12	27	0.00	0.00	1758	6
3	365	3	1	12	7	-149.84	-370.87	2933	7
3	366	3	1	4	83	-397.81	41.81	1545	7
3	367	3	0	12	5	0.00	0.00	2543	6
3	368	3	1	12	25	223.68	331.62	1212	7
3	369	3	1	12	3	-399.03	-27.90	2590	7
3	370	3	0	12	26	0.00	0.00	3264	6
3	371	3	1	8	12	-89.98	389.75	1361	7
3	372	3	1	8	22	-156.29	368.20	1310	7
3	373	3	1	8	37	246.26	-315.20	1423	7
3	374	3	1	12	10	301.88	262.42	982	7
3	375	3	1	4	83	397.81	-41.81	1349	7
3	376	3	0	12	16	0.00	0.00	2595	6
3	377	3	0	12	2	0.00	0.00	2332	6
3	378	3	1	8	19	169.05	362.52	931	7
3	379	3	1	12	18	262.42	301.88	925	7
3	380	3	1	12	6	-319.45	-240.73	1225	7
3	381	3	0	4	85	0.00	0.00	1247	6
3	382	3	0	8	3	0.00	0.00	1584	6
3	383	3	1	8	36	396.11	-55.67	1272	7
3	384	3	0	8	32	0.00	0.00	1689	6
3	385	3	1	8	28	110.25	384.50	1142	7
3	386	3	0	12	16	0.00	0.00	1823	6
3	387	3	1	4	50	251.73	310.86	1309	7
3	601	3	1	12	11	-83.16	391.26	1486	7
3	388	3	1	8	25	378.21	-130.23	1616	7
3	389	3	1	12	4	327.66	229.43	1420	7
3	390	3	1	12	4	-327.66	-229.43	2499	7
3	391	3	1	12	22	-240.73	-319.45	1332	7
3	392	3	0	12	8	0.00	0.00	2067	6
3	393	3	0	4	47	0.00	0.00	1136	6
3	394	3	0	8	24	0.00	0.00	1473	6
3	395	3	0	8	27	0.00	0.00	1643	6
3	396	3	1	12	19	-257.12	-306.42	1293	7
3	397	3	1	4	6	397.02	48.75	1154	7
3	398	3	1	4	81	396.11	-55.67	1110	7
3	399	3	0	12	26	0.00	0.00	1798	6
3	400	3	0	8	26	0.00	0.00	1937	6
3	401	3	0	8	30	0.00	0.00	1282	6
3	501	3	0	12	17	0.00	0.00	1763	6
3	402	3	1	4	0	399.94	6.98	1080	7
3	403	3	1	8	30	-96.77	-388.12	1526	7
3	404	3	0	12	14	0.00	0.00	1602	6
3	405	3	0	4	1	0.00	0.00	1046	6
3	406	3	1	4	40	-301.88	-262.42	1041	7
3	407	3	1	4	62	181.60	356.40	1052	7
3	408	3	0	12	12	0.00	0.00	1970	6
3	409	3	1	12	29	-0.00	-400.00	2390	7
3	410	3	0	4	87	0.00	0.00	1413	6
3	411	3	0	8	22	0.00	0.00	1715	6
3	412	3	0	12	5	0.00	0.00	2136	7
3	413	3	0	12	6	0.00	0.00	3280	6
3	414	3	1	8	41	-20.93	-399.45	1406	7
3	415	3	0	4	62	0.00	0.00	1847	6
3	416	3	1	4	15	-384.50	-110.25	1508	7
3	417	3	1	4	57	211.97	339.22	1326	7
3	418	3	1	4	3	-399.03	-27.90	1012	7
3	419	3	1	12	20	-310.86	251.73	1037	7
3	420	3	1	12	20	-373.43	-143.35	1599	7
3	421	3	0	4	28	0.00	0.00	1844	6
3	422	3	1	8	17	-356.40	181.60	1245	7
3	423	3	0	4	7	0.00	0.00	1475	6
3	424	3	0	8	14	0.00	0.00	1818	6
3	425	3	0	4	34	0.00	0.00	1342	6
3	426	3	1	8	1	272.80	292.54	1616	7
3	427	3	1	12	15	96.77	388.12	1196	7
3	428	3	1	8	23	-365.42	-162.69	2051	7
3	429	3	1	12	16	-272.80	-292.54	1620	7
3	430	3	1	8	4	398.48	34.86	1191	7
3	431	3	0	12	7	0.00	0.00	2628	6
3	432	3	0	12	8	0.00	0.00	1871	6
3	433	3	0	12	19	0.00	0.00	2917	6
3	434	3	0	8	42	0.00	0.00	1393	6
3	435	3	0	4	5	0.00	0.00	1245	6
3	436	3	0	8	39	0.00	0.00	1635	6
3	437	3	0	8	27	0.00	0.00	1699	6
3	438	3	1	4	40	-301.88	-262.42	1210	7
3	439	3	1	8	32	-391.26	83.16	1730	7
3	440	3	0	8	32	0.00	0.00	1388	6
3	441	3	1	4	30	206.02	-342.87	2169	7
3	442	3	1	8	34	229.43	-327.66	1229	7
3	443	3	0	12	27	0.00	0.00	2098	6
3	444	3	1	4	48	262.42	301.88	1045	7
3	445	3	0	12	17	0.00	0.00	1489	6
3	446	3	1	12	3	399.03	27.90	1516	7
3	447	3	1	4	84	-398.48	34.86	1141	7
3	448	3	0	8	4	0.00	0.00	1353	6
3	449	3	1	8	33	-392.65	76.32	1176	7
3	450	3	0	8	36	0.00	0.00	1703	6
3	451	3	0	4	86	0.00	0.00	1144	6
3	452	3	0	4	56	0.00	0.00	1457	6
3	453	3	1	4	10	392.65	76.32	1322	7
3	454	3	0	4	88	0.00	0.00	1259	6
3	455	3	1	12	26	399.45	-20.93	1584	7
3	456	3	0	4	34	0.00	0.00	1126	6
3	457	3	0	12	12	0.00	0.00	2970	6
3	458	3	1	12	6	-48.75	397.02	1253	7
3	459	3	1	4	28	-349.85	-193.92	1716	7
3	460	3	1	4	16	116.95	-382.52	1303	7
3	461	3	1	8	1	399.76	13.96	1208	7
3	462	3	1	8	39	-34.86	-398.48	1420	7
3	463	3	0	12	21	0.00	0.00	2766	6
3	464	3	0	12	5	0.00	0.00	1676	6
3	465	3	0	4	76	0.00	0.00	1354	6
3	466	3	0	4	79	0.00	0.00	1244	6
3	467	3	1	12	0	-349.85	193.92	1333	7
3	468	3	0	8	10	0.00	0.00	1428	6
3	469	3	0	8	35	0.00	0.00	1844	6
3	470	3	1	4	6	48.75	-397.02	1296	7
3	471	3	0	4	82	0.00	0.00	940	6
3	472	3	0	8	13	0.00	0.00	1760	6
3	473	3	1	8	40	-301.88	-262.42	1161	7
3	474	3	1	8	31	389.75	-89.98	1546	7
3	475	3	1	12	26	-399.45	20.93	1021	7
3	476	3	0	4	67	0.00	0.00	1178	6
3	477	3	0	4	44	0.00	0.00	1314	6
3	478	3	0	8	3	0.00	0.00	1448	6
3	479	3	0	8	4	0.00	0.00	2401	6
3	480	3	0	8	40	0.00	0.00	1509	6
