blk	trl	target	search	nitems	rot_offset	tpos_x	tpos_y	rt	button
5	265	1	0	4	88	0.00	0.00	2183	6
5	266	1	0	4	89	0.00	0.00	1542	6
5	267	1	0	8	22	0.00	0.00	2851	6
5	268	1	1	12	24	327.66	-229.43	2770	7
5	269	1	1	12	13	-384.50	110.25	4162	7
5	270	1	1	8	28	-384.50	110.25	3356	7
5	271	1	0	12	26	0.00	0.00	5130	6
5	272	1	0	4	17	0.00	0.00	1825	6
5	273	1	0	12	16	0.00	0.00	4647	6
5	274	1	0	8	33	0.00	0.00	3993	6
5	275	1	1	4	0	6.98	-399.94	1671	7
5	276	1	0	4	51	0.00	0.00	1916	6
5	277	1	1	8	38	397.81	-41.81	2558	7
5	278	1	0	8	1	0.00	0.00	3386	6
5	279	1	0	4	44	0.00	0.00	1913	6
5	280	1	1	12	15	-287.74	277.86	1680	7
5	281	1	0	4	34	0.00	0.00	2096	6
5	282	1	0	8	39	0.00	0.00	3013	6
5	283	1	0	8	21	0.00	0.00	2772	6
5	284	1	1	12	15	384.50	110.25	2279	7
5	285	1	1	4	85	27.90	399.03	1462	7
5	286	1	1	4	68	-373.43	143.35	1323	7
5	287	1	0	12	2	0.00	0.00	4188	6
5	288	1	1	8	17	-356.40	181.60	1556	7
5	289	1	0	4	84	0.00	0.00	2373	6
5	290	1	1	8	3	-27.90	399.03	1370	7
5	291	1	1	4	53	235.11	323.61	1450	7
5	292	1	0	8	35	0.00	0.00	3287	6
5	293	1	1	8	9	-229.43	-327.66	2885	7
5	294	1	0	12	20	0.00	0.00	4288	6
5	295	1	1	8	37	-397.02	48.75	3292	7
5	296	1	1	12	2	-20.93	399.45	1668	7
5	297	1	0	8	28	0.00	0.00	2872	6
5	298	1	1	12	13	287.74	277.86	2128	7
5	299	1	0	4	56	0.00	0.00	1701	6
5	300	1	1	4	54	229.43	327.66	1336	7
5	301	1	0	8	44	0.00	0.00	2843	6
5	302	1	0	12	13	0.00	0.00	4048	6
5	303	1	0	4	60	0.00	0.00	1739	6
5	304	1	0	4	66	0.00	0.00	2119	6
5	305	1	1	4	13	388.12	96.77	1358	7
5	306	1	0	4	76	0.00	0.00	2185	6
5	307	1	1	8	33	76.32	392.65	1742	7
5	308	1	1	8	9	-393.92	-69.46	4892	7
5	309	1	0	8	44	0.00	0.00	2913	6
5	310	1	0	8	22	0.00	0.00	2768	6
5	311	1	1	8	10	223.68	331.62	1597	7
5	312	1	0	12	12	0.00	0.00	3931	6
5	313	1	1	8	0	399.94	6.98	2092	7
5	314	1	1	12	1	-399.76	-13.96	4528	7
5	315	1	0	8	44	0.00	0.00	3542	6
5	316	1	0	4	25	0.00	0.00	1981	6
5	317	1	1	8	12	89.98	-389.75	3143	7
5	318	1	0	4	37	0.00	0.00	1840	6
5	319	1	1	4	35	323.61	235.11	1249	7
5	320	1	1	8	42	-399.76	13.96	2852	7
5	321	1	1	12	0	193.92	349.85	1814	7
5	322	1	0	12	11	0.00	0.00	4056	6
5	323	1	1	8	26	356.40	181.60	2268	7
5	324	1	0	12	6	0.00	0.00	3876	6
5	325	1	1	12	22	240.73	319.45	2047	7
5	326	1	1	8	19	-136.81	375.88	1357	7
5	327	1	0	8	35	0.00	0.00	2992	6
5	328	1	0	8	2	0.00	0.00	3487	6
5	329	1	1	12	26	356.40	181.60	1675	7
5	330	1	1	12	9	-136.81	-375.88	2866	7
5	331	1	1	4	31	-339.22	-211.97	1805	7
5	332	1	0	8	15	0.00	0.00	3023	6
5	333	1	0	4	48	0.00	0.00	2063	6
5	334	1	1	4	46	272.80	292.54	1523	7
5	335	1	1	12	10	-392.65	-76.32	4060	7
5	336	1	0	8	0	0.00	0.00	3326	6
5	337	1	0	4	36	0.00	0.00	2026	6
5	338	1	0	12	0	0.00	0.00	3758	6
5	339	1	1	8	41	399.45	-20.93	2423	7
5	340	1	1	8	23	-373.43	143.35	3954	7
5	341	1	0	4	5	0.00	0.00	1869	6
5	342	1	1	4	32	217.86	-335.47	1764	7
5	343	1	1	12	0	-399.94	-6.98	3995	7
5	344	1	0	4	83	0.00	0.00	1820	6
5	345	1	1	4	80	395.08	-62.57	1666	7
5	346	1	1	4	66	-368.20	156.29	1340	7
5	347	1	1	8	4	-398.48	-34.86	3029	7
5	348	1	1	12	8	-251.73	310.86	1398	7
5	349	1	0	12	5	0.00	0.00	4172	6
5	350	1	0	12	0	0.00	0.00	4300	6
5	351	1	1	4	34	229.43	-327.66	1698	7
5	352	1	0	12	8	0.00	0.00	4126	6
5	353	1	0	12	29	0.00	0.00	4429	6
5	354	1	0	8	27	0.00	0.00	3522	6
5	355	1	0	4	39	0.00	0.00	2209	6
5	356	1	1	12	13	-96.77	388.12	1559	7
5	357	1	1	4	60	-349.85	193.92	1286	7
5	358	1	1	4	24	-362.52	-169.05	1937	7
5	359	1	1	12	26	-335.47	217.86	1996	7
5	360	1	1	4	74	103.53	386.37	1575	7
5	361	3	1	8	25	-130.23	-378.21	1836	7
5	362	3	1	4	9	393.92	69.46	1043	7
5	363	3	0	8	36	0.00	0.00	2226	6
5	364	3	1	12	25	331.62	-223.68	1418	7
5	365	3	0	8	3	0.00	0.00	2247	6
5	366	3	1	4	78	76.32	392.65	1317	7
5	367	3	1	12	29	-346.41	200.00	1736	7
5	368	3	0	8	18	0.00	0.00	1806	6
5	369	3	0	8	8	0.00	0.00	1574	6
5	370	3	0	8	24	0.00	0.00	3188	6
5	371	3	1	8	19	-169.05	-362.52	2003	7
5	372	3	1	4	35	323.61	235.11	1352	7
5	373	3	0	4	4	0.00	0.00	1118	6
5	374	3	1	8	30	96.77	388.12	1277	7
5	375	3	0	12	18	0.00	0.00	2354	6
5	376	3	1	4	9	69.46	-393.92	1385	7
5	377	3	0	4	34	0.00	0.00	1552	6
5	378	3	1	12	26	356.40	181.60	1572	7
5	379	3	1	4	80	62.57	395.08	1587	7
5	380	3	1	8	12	389.75	89.98	1372	7
5	381	3	1	4	17	-123.61	380.42	1072	7
5	382	3	0	4	19	0.00	0.00	1262	6
5	383	3	0	8	11	0.00	0.00	1723	6
5	384	3	0	4	57	0.00	0.00	1247	6
5	385	3	0	8	21	0.00	0.00	1458	6
5	386	3	1	12	5	397.81	41.81	1090	7
5	387	3	0	12	10	0.00	0.00	2579	6
5	388	3	1	4	10	76.32	-392.65	1259	7
5	389	3	0	4	20	0.00	0.00	1843	6
5	390	3	0	12	24	0.00	0.00	1846	6
5	391	3	1	4	48	-262.42	-301.88	1241	7
5	392	3	1	12	8	-143.35	-373.43	1370	7
5	393	3	0	8	16	0.00	0.00	1468	6
5	394	3	0	4	47	0.00	0.00	1354	6
5	395	3	0	8	22	0.00	0.00	1212	6
5	396	3	0	12	15	0.00	0.00	2112	6
5	397	3	0	8	36	0.00	0.00	1568	6
5	398	3	0	8	27	0.00	0.00	1353	6
5	399	3	0	8	12	0.00	0.00	2062	6
5	400	3	0	12	21	0.00	0.00	1841	6
5	401	3	1	12	15	388.12	-96.77	1604	7
5	402	3	1	4	50	-310.86	251.73	1013	7
5	403	3	1	12	14	-103.53	386.37	1444	7
5	404	3	0	4	40	0.00	0.00	1106	6
5	405	3	1	12	9	306.42	257.12	1108	7
5	406	3	0	12	29	0.00	0.00	1498	6
5	407	3	1	12	29	200.00	346.41	809	7
5	408	3	1	8	24	169.05	-362.52	1489	7
5	409	3	1	12	24	398.48	-34.86	915	7
5	410	3	1	8	24	-362.52	-169.05	1074	7
5	411	3	0	4	9	0.00	0.00	1875	6
5	412	3	1	12	6	397.02	48.75	1293	7
5	413	3	1	4	4	-34.86	398.48	1339	7
5	414	3	0	12	27	0.00	0.00	2701	6
5	415	3	1	4	82	397.02	-48.75	1032	7
5	416	3	0	4	11	0.00	0.00	1122	6
5	417	3	0	4	68	0.00	0.00	1337	6
5	418	3	0	8	9	0.00	0.00	1532	6
5	419	3	1	4	79	69.46	393.92	1154	7
5	420	3	0	4	25	0.00	0.00	1344	6
5	421	3	1	12	25	399.03	-27.90	1968	7
5	422	3	1	8	42	292.54	272.80	1528	7
5	423	3	0	8	40	0.00	0.00	1533	6
5	424	3	0	4	15	0.00	0.00	998	6
5	425	3	0	4	44	0.00	0.00	1305	6
5	426	3	1	8	3	399.03	27.90	1124	7
5	427	3	0	4	21	0.00	0.00	1061	6
5	428	3	0	12	14	0.00	0.00	1706	6
5	429	3	0	12	9	0.00	0.00	2784	6
5	430	3	0	12	27	0.00	0.00	1941	6
5	431	3	0	8	16	0.00	0.00	1711	6
5	432	3	1	8	18	-359.52	175.35	1125	7
5	433	3	0	8	15	0.00	0.00	1686	6
5	434	3	0	4	85	0.00	0.00	1356	6
5	435	3	0	12	12	0.00	0.00	3025	6
5	436	3	0	4	74	0.00	0.00	1802	6
5	437	3	0	4	42	0.00	0.00	1418	6
5	438	3	0	12	3	0.00	0.00	2056	6
5	439	3	1	12	7	-396.11	-55.67	1636	7
5	440	3	1	12	15	110.25	-384.50	1949	7
5	441	3	1	4	71	123.61	380.42	1118	7
5	442	3	1	8	40	-301.88	-262.42	1363	7
5	443	3	1	4	45	-287.74	277.86	1137	7
5	444	3	1	8	14	-200.00	-346.41	1748	7
5	445	3	1	4	67	370.87	-149.84	1107	7
5	446	3	0	12	19	0.00	0.00	2442	6
5	447	3	0	8	34	0.00	0.00	1888	6
5	448	3	1	8	13	206.02	342.87	1267	7
5	449	3	1	12	27	353.18	187.79	1211	7
5	450	3	1	12	9	306.42	257.12	1228	7
5	451	3	0	4	49	0.00	0.00	1412	6
5	452	3	1	4	7	396.11	55.67	1001	7
5	453	3	1	8	8	-235.11	-323.61	1558	7
5	454	3	0	8	38	0.00	0.00	1863	6
5	455	3	1	4	64	-362.52	169.05	1055	7
5	456	3	0	8	2	0.00	0.00	1569	6
5	457	3	0	8	9	0.00	0.00	1444	6
5	458	3	1	12	24	398.48	-34.86	1428	7
5	459	3	1	8	42	-292.54	-272.80	1266	7
5	460	3	0	12	3	0.00	0.00	1677	6
5	461	3	0	12	1	0.00	0.00	1765	6
5	462	3	0	4	39	0.00	0.00	1421	6
5	463	3	0	12	17	0.00	0.00	1653	6
5	464	3	0	12	1	0.00	0.00	1667	6
5	465	3	1	12	4	169.05	362.52	959	7
5	466	3	1	12	24	169.05	-362.52	1323	7
5	467	3	1	12	29	-400.00	0.00	1046	7
5	468	3	1	8	32	217.86	-335.47	1716	7
5	469	3	1	4	35	-323.61	-235.11	1740	7
5	470	3	0	4	33	0.00	0.00	1629	6
5	471	3	1	8	8	-235.11	-323.61	1163	7
5	472	3	1	4	26	-356.40	-181.60	1260	7
5	473	3	0	12	18	0.00	0.00	1936	6
5	474	3	1	8	23	373.43	-143.35	1314	7
5	475	3	1	8	8	62.57	-395.08	1520	7
5	476	3	1	4	71	380.42	-123.61	802	7
5	477	3	1	8	42	-13.96	-399.76	1105	7
5	478	3	0	12	12	0.00	0.00	1787	6
5	479	3	1	8	27	116.95	382.52	1803	7
5	480	3	0	12	11	0.00	0.00	1946	6
